execute if entity @s[tag=aj.animal_alpha.bone.bone4] run data modify entity @s {} merge value {transformation:[-0.9238795325112867f,-0.33828056611714097f,-0.178921401722077f,0.33519296818416167f,-0.3826834323650897f,0.8166815306072501f,0.43195447463624326f,-1.4262007145056597f,-9.926482342095557e-17f,0.4675441542276685f,-0.8839697188521416f,0.2982242251622553f,0f,0f,0f,1f],start_interpolation:0}
execute if entity @s[tag=aj.animal_alpha.bone.bone] run data modify entity @s {} merge value {transformation:[-0.9238795325112867f,-0.33630874909465863f,0.182600752159218f,0.125f,-0.3826834323650897f,0.8119211432090554f,-0.4408372123623121f,-0.91875f,-9.926482342095557e-17f,-0.4771587602596084f,-0.8788171126619654f,1.5308084989341915e-17f,0f,0f,0f,1f],start_interpolation:0}
execute if entity @s[tag=aj.animal_alpha.bone.bone5] run data modify entity @s {} merge value {transformation:[-0.8433914458128857f,0.5141636676001939f,0.15596984339790682f,-0.4154549377606709f,0.5372996083468239f,0.8070752933098558f,0.24482361364696775f,-1.3746729266054833f,-1.3104123906992982e-16f,0.2902846772544624f,-0.9569403357322088f,0.3136801143297673f,0f,0f,0f,1f],start_interpolation:0}
execute if entity @s[tag=aj.animal_alpha.bone.bone2] run data modify entity @s {} merge value {transformation:[-0.8433914458128857f,0.4647279004170734f,-0.26966432412091335f,-0.125f,0.5372996083468239f,0.7294766825687733f,-0.423288200235734f,-0.91875f,-1.3104123906992982e-16f,-0.5018881829276276f,-0.8649325128804005f,-1.5308084989341915e-17f,0f,0f,0f,1f],start_interpolation:0}
execute if entity @s[tag=aj.animal_alpha.bone.head] run data modify entity @s {} merge value {transformation:[-0.9537169507482269f,0f,0.3007057995042731f,0f,0f,1f,0f,-0.043749999999999956f,-0.3007057995042731f,0f,-0.9537169507482269f,0f,0f,0f,0f,1f],start_interpolation:0}
execute if entity @s[tag=aj.animal_alpha.bone.bone6] run data modify entity @s {} merge value {transformation:[-0.8595701817498667f,-0.3911923617876234f,0.3287972608242386f,0.7978898530591545f,-0.4999999999999999f,0.7767145781291029f,-0.3830332415362011f,-0.8991884357879714f,-0.10554194733138735f,-0.49364258345563233f,-0.8632368719840157f,0.1978667568459099f,0f,0f,0f,1f],start_interpolation:0}
execute if entity @s[tag=aj.animal_alpha.bone.left_down_arm] run data modify entity @s {} merge value {transformation:[-0.8595701817498667f,-0.3911923617876234f,0.3287972608242386f,0.5778441495536164f,-0.4999999999999999f,0.7767145781291029f,-0.3830332415362011f,-0.46228648559035096f,-0.10554194733138735f,-0.49364258345563233f,-0.8632368719840157f,-0.07980719634788327f,0f,0f,0f,1f],start_interpolation:0}
execute if entity @s[tag=aj.animal_alpha.bone.left_upper_arm] run data modify entity @s {} merge value {transformation:[-0.8595701817498667f,-0.5080259175418343f,-0.05521566582301192f,0.24813653791033055f,-0.4999999999999999f,0.8137976813493737f,0.2961981327260238f,-0.16874999999999996f,-0.10554194733138735f,0.28221091569278534f,-0.9535291796360185f,0.0304673358512869f,0f,0f,0f,1f],start_interpolation:0}
execute if entity @s[tag=aj.animal_alpha.bone.bone7] run data modify entity @s {} merge value {transformation:[-0.8595701817498667f,0.497254251932299f,-0.11780200160332999f,-0.8060986581913752f,0.4999999999999999f,0.7707746912127031f,-0.3948498137089115f,-0.8711691360406895f,-0.10554194733138735f,-0.3983021269353351f,-0.91116206738005f,0.0017287075711871491f,0f,0f,0f,1f],start_interpolation:0}
execute if entity @s[tag=aj.animal_alpha.bone.left_down_arm2] run data modify entity @s {} merge value {transformation:[-0.8595701817498667f,0.497254251932299f,-0.11780200160332999f,-0.5337557665796652f,0.4999999999999999f,0.7707746912127031f,-0.3948498137089115f,-0.46228648559035096f,-0.10554194733138735f,-0.3983021269353351f,-0.91116206738005f,-0.27926386804119196f,0f,0f,0f,1f],start_interpolation:0}
execute if entity @s[tag=aj.animal_alpha.bone.left_upper_arm2] run data modify entity @s {} merge value {transformation:[-0.8595701817498667f,0.42466237694496695f,0.2842551112186939f,-0.24051970394750877f,0.4999999999999999f,0.8137976813493737f,0.2961981327260238f,-0.16874999999999996f,-0.10554194733138735f,0.3967306383906263f,-0.9118474093375847f,-0.09250147032886952f,0f,0f,0f,1f],start_interpolation:0}
execute if entity @s[tag=aj.animal_alpha.bone.upperbody] run data modify entity @s {} merge value {transformation:[-0.992546151641322f,0f,0.12186934340514757f,-0.17848556946992614f,0f,1f,0f,-0.41874999999999996f,-0.12186934340514757f,0f,-0.992546151641322f,-0.08488463636604779f,0f,0f,0f,1f],start_interpolation:0}
execute if entity @s[tag=aj.animal_alpha.bone.downbody] run data modify entity @s {} merge value {transformation:[-0.992546151641322f,0f,0.12186934340514757f,0f,0f,1f,0f,-0.91875f,-0.12186934340514757f,0f,-0.992546151641322f,0f,0f,0f,0f,1f],start_interpolation:0}