execute if entity @s[tag=aj.animal_alpha.bone.bone4] run data modify entity @s {} merge value {transformation:[-0.9238795325112867f,-0.33828056611714097f,-0.178921401722077f,0.33519296818416167f,-0.3826834323650897f,0.8166815306072501f,0.43195447463624326f,-1.4887007145056597f,-9.926482342095557e-17f,0.4675441542276685f,-0.8839697188521416f,0.2982242251622553f,0f,0f,0f,1f],start_interpolation:0}
execute if entity @s[tag=aj.animal_alpha.bone.bone] run data modify entity @s {} merge value {transformation:[-0.9238795325112867f,-0.33630874909465863f,0.182600752159218f,0.125f,-0.3826834323650897f,0.8119211432090554f,-0.4408372123623121f,-0.98125f,-9.926482342095557e-17f,-0.4771587602596084f,-0.8788171126619654f,1.5308084989341915e-17f,0f,0f,0f,1f],start_interpolation:0}
execute if entity @s[tag=aj.animal_alpha.bone.bone5] run data modify entity @s {} merge value {transformation:[-0.8433914458128857f,0.5141636676001939f,0.15596984339790682f,-0.4154549377606709f,0.5372996083468239f,0.8070752933098558f,0.24482361364696775f,-1.4371729266054833f,-1.3104123906992982e-16f,0.2902846772544624f,-0.9569403357322088f,0.3136801143297673f,0f,0f,0f,1f],start_interpolation:0}
execute if entity @s[tag=aj.animal_alpha.bone.bone2] run data modify entity @s {} merge value {transformation:[-0.8433914458128857f,0.4647279004170734f,-0.26966432412091335f,-0.125f,0.5372996083468239f,0.7294766825687733f,-0.423288200235734f,-0.98125f,-1.3104123906992982e-16f,-0.5018881829276276f,-0.8649325128804005f,-1.5308084989341915e-17f,0f,0f,0f,1f],start_interpolation:0}
execute if entity @s[tag=aj.animal_alpha.bone.head] run data modify entity @s {} merge value {transformation:[-0.9174076993574882f,0f,-0.3979486313076104f,0f,0f,1f,0f,-0.10624999999999996f,0.3979486313076104f,0f,-0.9174076993574882f,0f,0f,0f,0f,1f],start_interpolation:0}
execute if entity @s[tag=aj.animal_alpha.bone.bone6] run data modify entity @s {} merge value {transformation:[-0.8515237283461048f,-0.5215279741674702f,0.053999187256140974f,0.8204607590051947f,-0.4999999999999999f,0.7767145781291029f,-0.3830332415362011f,-0.9616884357879714f,0.1578205945482063f,-0.35316148754147064f,-0.9221548805130005f,-0.051221226186978f,0f,0f,0f,1f],start_interpolation:0}
execute if entity @s[tag=aj.animal_alpha.bone.left_down_arm] run data modify entity @s {} merge value {transformation:[-0.8515237283461048f,-0.5215279741674702f,0.053999187256140974f,0.5271012735359927f,-0.4999999999999999f,0.7767145781291029f,-0.3830332415362011f,-0.524786485590351f,0.1578205945482063f,-0.35316148754147064f,-0.9221548805130005f,-0.24987456292905524f,0f,0f,0f,1f],start_interpolation:0}
execute if entity @s[tag=aj.animal_alpha.bone.left_upper_arm] run data modify entity @s {} merge value {transformation:[-0.8515237283461048f,-0.3996504699468364f,-0.3393918707553586f,0.24581372689098865f,-0.4999999999999999f,0.8137976813493737f,0.2961981327260238f,-0.23124999999999996f,0.1578205945482063f,0.4219156736856974f,-0.8927932707154522f,-0.04555888137303685f,0f,0f,0f,1f],start_interpolation:0}
execute if entity @s[tag=aj.animal_alpha.bone.bone7] run data modify entity @s {} merge value {transformation:[-0.8515237283461048f,0.35446804937512044f,-0.38634148371064997f,-0.7682701219002128f,0.4999999999999999f,0.7707746912127031f,-0.3948498137089115f,-0.9336691360406896f,0.1578205945482063f,-0.5293947273615022f,-0.8335669634638188f,0.24404723920428728f,0f,0f,0f,1f],start_interpolation:0}
execute if entity @s[tag=aj.animal_alpha.bone.left_down_arm2] run data modify entity @s {} merge value {transformation:[-0.8515237283461048f,0.35446804937512044f,-0.38634148371064997f,-0.5930281868586231f,0.4999999999999999f,0.7707746912127031f,-0.3948498137089115f,-0.524786485590351f,0.1578205945482063f,-0.5293947273615022f,-0.8335669634638188f,-0.10583523015304641f,0f,0f,0f,1f],start_interpolation:0}
execute if entity @s[tag=aj.animal_alpha.bone.left_upper_arm2] run data modify entity @s {} merge value {transformation:[-0.8515237283461048f,0.524306911042542f,-0.0030988863446677617f,-0.2572034472342479f,0.4999999999999999f,0.8137976813493737f,0.2961981327260238f,-0.23124999999999996f,0.1578205945482063f,0.2506702951356843f,-0.955121491263305f,-0.015894550349710324f,0f,0f,0f,1f],start_interpolation:0}
execute if entity @s[tag=aj.animal_alpha.bone.upperbody] run data modify entity @s {} merge value {transformation:[-0.9832549075639546f,0f,-0.18223552549214736f,-0.1957500155115007f,0f,1f,0f,-0.48124999999999996f,0.18223552549214736f,0f,-0.9832549075639546f,-0.027284270692969535f,0f,0f,0f,1f],start_interpolation:0}
execute if entity @s[tag=aj.animal_alpha.bone.downbody] run data modify entity @s {} merge value {transformation:[-0.9832549075639546f,0f,-0.18223552549214736f,0f,0f,1f,0f,-0.98125f,0.18223552549214736f,0f,-0.9832549075639546f,0f,0f,0f,0f,1f],start_interpolation:0}