execute if entity @s[tag=aj.animal_alpha.bone.bone4] run data modify entity @s {} merge value {transformation:[-0.9238795325112867f,-0.2871654754207865f,-0.2529478189925344f,0.3221121491023952f,-0.3826834323650898f,0.6932787854061802f,0.6106700551844714f,-1.4696208236715103f,-9.926482342095557e-17f,0.6609845046837977f,-0.7503995499518339f,0.3540038980780205f,0f,0f,0f,1f],start_interpolation:0}
execute if entity @s[tag=aj.animal_alpha.bone.bone] run data modify entity @s {} merge value {transformation:[-0.9238795325112867f,-0.3153794385638323f,0.21675428285938936f,0.125f,-0.3826834323650898f,0.7613933178744163f,-0.5232911293815916f,-0.99375f,-9.926482342095557e-17f,-0.5664062369248328f,-0.8241261886220157f,1.5308084989341915e-17f,0f,0f,0f,1f],start_interpolation:0}
execute if entity @s[tag=aj.animal_alpha.bone.bone5] run data modify entity @s {} merge value {transformation:[-0.8433914458128857f,0.48940677638743757f,0.22174732547588252f,-0.4013360502341226f,0.537299608346824f,0.7682147582389256f,0.3480735785638702f,-1.4275107124901163f,-1.3104123906992982e-16f,0.41270702980439483f,-0.9108638249211758f,0.35512678248911494f,0f,0f,0f,1f],start_interpolation:0}
execute if entity @s[tag=aj.animal_alpha.bone.bone2] run data modify entity @s {} merge value {transformation:[-0.8433914458128857f,0.44213768037459616f,-0.3052951698317905f,-0.125f,0.537299608346824f,0.6940171399841861f,-0.47921742484859653f,-0.99375f,-1.3104123906992982e-16f,-0.5682028519825839f,-0.8228885216108303f,-1.5308084989341915e-17f,0f,0f,0f,1f],start_interpolation:0}
execute if entity @s[tag=aj.animal_alpha.bone.head] run data modify entity @s {} merge value {transformation:[-0.9479538126107118f,0f,0.31840786604105065f,0f,0f,1f,0f,-0.11875000000000002f,-0.31840786604105065f,0f,-0.9479538126107118f,0f,0f,0f,0f,1f],start_interpolation:0}
execute if entity @s[tag=aj.animal_alpha.bone.bone6] run data modify entity @s {} merge value {transformation:[-0.8595701817498667f,-0.29276381221882847f,0.4188417993725073f,0.7425237939267074f,-0.4999999999999999f,0.6511123728531961f,-0.5710102257556167f,-0.9035371953202738f,-0.1055419473313874f,-0.7002442632200416f,-0.706058686782423f,0.3140802017133902f,0f,0f,0f,1f],start_interpolation:0}
execute if entity @s[tag=aj.animal_alpha.bone.left_down_arm] run data modify entity @s {} merge value {transformation:[-0.8595701817498667f,-0.29276381221882847f,0.4188417993725073f,0.5778441495536164f,-0.4999999999999999f,0.6511123728531961f,-0.5710102257556167f,-0.537286485590351f,-0.1055419473313874f,-0.7002442632200416f,-0.706058686782423f,-0.07980719634788323f,0f,0f,0f,1f],start_interpolation:0}
execute if entity @s[tag=aj.animal_alpha.bone.left_upper_arm] run data modify entity @s {} merge value {transformation:[-0.8595701817498667f,-0.5080259175418343f,-0.055215665823011864f,0.24813653791033055f,-0.4999999999999999f,0.8137976813493737f,0.2961981327260238f,-0.24375000000000002f,-0.1055419473313874f,0.2822109156927853f,-0.9535291796360185f,0.0304673358512869f,0f,0f,0f,1f],start_interpolation:0}
execute if entity @s[tag=aj.animal_alpha.bone.bone7] run data modify entity @s {} merge value {transformation:[-0.8595701817498667f,0.5110154084960591f,0.0015345768495147183f,-0.821297844911793f,0.4999999999999999f,0.8416539835687532f,-0.20400630368409903f,-0.9979664573675184f,-0.1055419473313874f,-0.1745904471111021f,-0.978968371874722f,-0.11987121829902692f,0f,0f,0f,1f],start_interpolation:0}
execute if entity @s[tag=aj.animal_alpha.bone.left_down_arm2] run data modify entity @s {} merge value {transformation:[-0.8595701817498667f,0.5110154084960591f,0.0015345768495147183f,-0.5337557665796652f,0.4999999999999999f,0.8416539835687532f,-0.20400630368409903f,-0.537286485590351f,-0.1055419473313874f,-0.1745904471111021f,-0.978968371874722f,-0.27926386804119196f,0f,0f,0f,1f],start_interpolation:0}
execute if entity @s[tag=aj.animal_alpha.bone.left_upper_arm2] run data modify entity @s {} merge value {transformation:[-0.8595701817498667f,0.42466237694496695f,0.28425511121869396f,-0.24051970394750877f,0.4999999999999999f,0.8137976813493737f,0.2961981327260238f,-0.24375000000000002f,-0.1055419473313874f,0.39673063839062633f,-0.9118474093375847f,-0.09250147032886953f,0f,0f,0f,1f],start_interpolation:0}
execute if entity @s[tag=aj.animal_alpha.bone.upperbody] run data modify entity @s {} merge value {transformation:[-0.992546151641322f,0f,0.12186934340514763f,-0.17848556946992614f,0f,1f,0f,-0.49375f,-0.12186934340514763f,0f,-0.992546151641322f,-0.0848846363660478f,0f,0f,0f,1f],start_interpolation:0}
execute if entity @s[tag=aj.animal_alpha.bone.downbody] run data modify entity @s {} merge value {transformation:[-0.992546151641322f,0f,0.12186934340514763f,0f,0f,1f,0f,-0.99375f,-0.12186934340514763f,0f,-0.992546151641322f,0f,0f,0f,0f,1f],start_interpolation:0}