execute if entity @s[tag=aj.animal_alpha.bone.bone4] run data modify entity @s {} merge value {transformation:[-0.9238795325112867f,-0.33470247154225363f,-0.1855286095194838f,0.3341890447139084f,-0.3826834323650897f,0.8080432461571034f,0.4479056853101604f,-1.4925270288481898f,-1.1314261122877003e-16f,0.48480962024633695f,-0.8746197071393957f,0.30300601265396065f,0f,0f,0f,1f],start_interpolation:0}
execute if entity @s[tag=aj.animal_alpha.bone.bone] run data modify entity @s {} merge value {transformation:[-0.9238795325112867f,-0.33470247154225347f,0.18552860951948408f,0.125f,-0.3826834323650897f,0.8080432461571035f,-0.4479056853101603f,-0.9875f,-1.1314261122877003e-16f,-0.48480962024633706f,-0.8746197071393957f,1.5308084989341915e-17f,0f,0f,0f,1f],start_interpolation:0}
execute if entity @s[tag=aj.animal_alpha.bone.bone5] run data modify entity @s {} merge value {transformation:[-0.8433914458128857f,0.5124317441107494f,0.1615691083012646f,-0.4143456315283966f,0.537299608346824f,0.8043567179878037f,0.2536126990082285f,-1.4416816646120758f,-1.0328566345430089e-16f,0.30070579950427306f,-0.9537169507482268f,0.31721147685044004f,0f,0f,0f,1f],start_interpolation:0}
execute if entity @s[tag=aj.animal_alpha.bone.bone2] run data modify entity @s {} merge value {transformation:[-0.8433914458128857f,0.4629530104454346f,-0.2727001636397744f,-0.125f,0.537299608346824f,0.7266906633793212f,-0.4280535137429335f,-0.9875f,-1.0328566345430089e-16f,-0.5075383629607041f,-0.8616291604415257f,-1.5308084989341915e-17f,0f,0f,0f,1f],start_interpolation:0}
execute if entity @s[tag=aj.animal_alpha.bone.head] run data modify entity @s {} merge value {transformation:[-0.9396926207859084f,0f,0.34202014332566877f,0f,0f,1f,0f,-0.11250000000000004f,-0.34202014332566877f,0f,-0.9396926207859084f,0f,0f,0f,0f,1f],start_interpolation:0}
execute if entity @s[tag=aj.animal_alpha.bone.bone6] run data modify entity @s {} merge value {transformation:[-0.8575973040867548f,-0.37492626599419465f,0.35207550197476206f,0.7900449933398063f,-0.4999999999999999f,0.7681739149643407f,-0.3998860292237748f,-0.9631343127577927f,-0.12052744095487322f,-0.5189789315916475f,-0.846247011540284f,0.2222153786503932f,0f,0f,0f,1f],start_interpolation:0}
execute if entity @s[tag=aj.animal_alpha.bone.left_down_arm] run data modify entity @s {} merge value {transformation:[-0.8575973040867548f,-0.37492626599419465f,0.35207550197476206f,0.5791489687180718f,-0.4999999999999999f,0.7681739149643407f,-0.3998860292237748f,-0.5310364855903511f,-0.12052744095487322f,-0.5189789315916475f,-0.846247011540284f,-0.06971027036990853f,0f,0f,0f,1f],start_interpolation:0}
execute if entity @s[tag=aj.animal_alpha.bone.left_upper_arm] run data modify entity @s {} merge value {transformation:[-0.8575973040867548f,-0.5128738023356224f,-0.038565877416846694f,0.2475670171853926f,-0.4999999999999999f,0.8137976813493737f,0.2961981327260238f,-0.23750000000000004f,-0.12052744095487322f,0.2733016588097921f,-0.954347598765086f,0.03479327524001638f,0f,0f,0f,1f],start_interpolation:0}
execute if entity @s[tag=aj.animal_alpha.bone.bone7] run data modify entity @s {} merge value {transformation:[-0.8575973040867548f,0.5060329940826047f,-0.09196451991352378f,-0.8076964231396782f,0.4999999999999999f,0.7783784768652855f,-0.3796405494054582f,-0.945146844489233f,-0.12052744095487322f,-0.37156097164889734f,-0.9205517803601255f,-0.02199912455302394f,0f,0f,0f,1f],start_interpolation:0}
execute if entity @s[tag=aj.animal_alpha.bone.left_down_arm2] run data modify entity @s {} merge value {transformation:[-0.8575973040867548f,0.5060329940826047f,-0.09196451991352378f,-0.5288006464628082f,0.4999999999999999f,0.7783784768652855f,-0.3796405494054582f,-0.5310364855903511f,-0.12052744095487322f,-0.37156097164889734f,-0.9205517803601255f,-0.2885366573780365f,0f,0f,0f,1f],start_interpolation:0}
execute if entity @s[tag=aj.animal_alpha.bone.left_upper_arm2] run data modify entity @s {} merge value {transformation:[-0.8575973040867548f,0.4176737944607437f,0.3001257493849783f,-0.2388686983753885f,0.4999999999999999f,0.8137976813493737f,0.2961981327260238f,-0.23750000000000004f,-0.12052744095487322f,0.4040815947938579f,-0.9067475948276467f,-0.09668502953636454f,0f,0f,0f,1f],start_interpolation:0}
execute if entity @s[tag=aj.animal_alpha.bone.upperbody] run data modify entity @s {} merge value {transformation:[-0.9902680687415704f,0f,0.13917310096006555f,-0.17697694407904035f,0f,1f,0f,-0.48750000000000004f,-0.13917310096006555f,0f,-0.9902680687415704f,-0.08798671072636044f,0f,0f,0f,1f],start_interpolation:0}
execute if entity @s[tag=aj.animal_alpha.bone.downbody] run data modify entity @s {} merge value {transformation:[-0.9902680687415704f,0f,0.13917310096006555f,0f,0f,1f,0f,-0.9875f,-0.13917310096006555f,0f,-0.9902680687415704f,0f,0f,0f,0f,1f],start_interpolation:0}