execute if entity @s[tag=aj.animal_alpha.bone.bone4] run data modify entity @s {} merge value {transformation:[-0.9238795325112867f,-0.35960479749049806f,-0.13088544238586675f,0.34176810920149614f,-0.3826834323650897f,0.8681627791959909f,0.31598541012516224f,-1.3983245091242242f,-1.1314261122877003e-16f,0.3420201433256687f,-0.9396926207859082f,0.26413641358793716f,0f,0f,0f,1f],start_interpolation:0}
execute if entity @s[tag=aj.animal_alpha.bone.bone] run data modify entity @s {} merge value {transformation:[-0.9238795325112867f,-0.3468289747223939f,0.16172900698309883f,0.125f,-0.3826834323650897f,0.837319214598759f,-0.39044836208773004f,-0.875f,-1.1314261122877003e-16f,-0.42261826174069944f,-0.9063077870366499f,1.5308084989341915e-17f,0f,0f,0f,1f],start_interpolation:0}
execute if entity @s[tag=aj.animal_alpha.bone.bone5] run data modify entity @s {} merge value {transformation:[-0.8433914458128857f,0.5245634622561082f,0.11629291979968065f,-0.4228691082912804f,0.537299608346824f,0.8233997009862281f,0.1825433189304394f,-1.3425608431536704f,-1.1716345126211536e-16f,0.21643961393810296f,-0.9762960071199335f,0.28859288327189614f,0f,0f,0f,1f],start_interpolation:0}
execute if entity @s[tag=aj.animal_alpha.bone.bone2] run data modify entity @s {} merge value {transformation:[-0.8433914458128857f,0.4765905732660486f,-0.24809734904587266f,-0.125f,0.537299608346824f,0.7480973490458728f,-0.38943483051839023f,-0.875f,-1.1716345126211536e-16f,-0.46174861323503386f,-0.8870108331782217f,-1.5308084989341915e-17f,0f,0f,0f,1f],start_interpolation:0}
execute if entity @s[tag=aj.animal_alpha.bone.head] run data modify entity @s {} merge value {transformation:[-1f,0f,1.2246467991473532e-16f,0f,0f,1f,0f,0f,-1.2246467991473532e-16f,0f,-1f,0f,0f,0f,0f,1f],start_interpolation:0}
execute if entity @s[tag=aj.animal_alpha.bone.bone6] run data modify entity @s {} merge value {transformation:[-0.8660254037844387f,-0.4768584753741133f,0.15035289975213664f,0.832043828667911f,-0.4999999999999999f,0.8259431073677967f,-0.2604188614360107f,-0.8831294834847367f,-1.0605752387249069e-16f,-0.3007057995042733f,-0.9537169507482268f,0.019513199516173724f,0f,0f,0f,1f],start_interpolation:0}
execute if entity @s[tag=aj.animal_alpha.bone.left_down_arm] run data modify entity @s {} merge value {transformation:[-0.8660254037844387f,-0.4768584753741133f,0.15035289975213664f,0.5638109362699724f,-0.4999999999999999f,0.8259431073677967f,-0.2604188614360107f,-0.418536485590351f,-1.0605752387249069e-16f,-0.3007057995042733f,-0.9537169507482268f,-0.14963381270498f,0f,0f,0f,1f],start_interpolation:0}
execute if entity @s[tag=aj.animal_alpha.bone.left_upper_arm] run data modify entity @s {} merge value {transformation:[-0.8660254037844387f,-0.46984631039295416f,-0.17101007166283422f,0.25f,-0.4999999999999999f,0.8137976813493737f,0.2961981327260238f,-0.125f,-1.0605752387249069e-16f,0.3420201433256686f,-0.9396926207859084f,2.7755575615628914e-17f,0f,0f,0f,1f],start_interpolation:0}
execute if entity @s[tag=aj.animal_alpha.bone.bone7] run data modify entity @s {} merge value {transformation:[-0.8660254037844387f,0.40957602214449595f,-0.2867882181755228f,-0.7762731850902811f,0.4999999999999999f,0.7094064799162225f,-0.49673176489215387f,-0.7865318952374666f,-1.0605752387249069e-16f,-0.573576436351046f,-0.8191520442889919f,0.1616999355105453f,0f,0f,0f,1f],start_interpolation:0}
execute if entity @s[tag=aj.animal_alpha.bone.left_down_arm2] run data modify entity @s {} merge value {transformation:[-0.8660254037844387f,0.40957602214449595f,-0.2867882181755228f,-0.5638109362699723f,0.4999999999999999f,0.7094064799162225f,-0.49673176489215387f,-0.418536485590351f,-1.0605752387249069e-16f,-0.573576436351046f,-0.8191520442889919f,-0.2121338127049801f,0f,0f,0f,1f],start_interpolation:0}
execute if entity @s[tag=aj.animal_alpha.bone.left_upper_arm2] run data modify entity @s {} merge value {transformation:[-0.8660254037844387f,0.46984631039295405f,0.17101007166283444f,-0.25f,0.4999999999999999f,0.8137976813493737f,0.2961981327260238f,-0.125f,-1.0605752387249069e-16f,0.3420201433256687f,-0.9396926207859084f,-0.06250000000000004f,0f,0f,0f,1f],start_interpolation:0}
execute if entity @s[tag=aj.animal_alpha.bone.upperbody] run data modify entity @s {} merge value {transformation:[-1f,0f,1.2246467991473532e-16f,-0.1875f,0f,1f,0f,-0.375f,-1.2246467991473532e-16f,0f,-1f,-0.06250000000000003f,0f,0f,0f,1f],start_interpolation:0}
execute if entity @s[tag=aj.animal_alpha.bone.downbody] run data modify entity @s {} merge value {transformation:[-1f,0f,1.2246467991473532e-16f,0f,0f,1f,0f,-0.875f,-1.2246467991473532e-16f,0f,-1f,0f,0f,0f,0f,1f],start_interpolation:0}