execute if entity @s[tag=aj.animal_alpha.bone.bone4] run data modify entity @s {} merge value {transformation:[-0.9238795325112867f,-0.35127577141270594f,-0.15182865943271243f,0.33904784577457703f,-0.3826834323650897f,0.8480547314776259f,0.3665468087593804f,-1.4105072122657287f,-9.926482342095557e-17f,0.3967474068432211f,-0.9179278267724429f,0.2788736331936305f,0f,0f,0f,1f],start_interpolation:0}
execute if entity @s[tag=aj.animal_alpha.bone.bone] run data modify entity @s {} merge value {transformation:[-0.9238795325112867f,-0.3424765532393233f,0.17075251063465857f,0.125f,-0.3826834323650897f,0.8268115396251658f,-0.41223302698344866f,-0.89375f,-9.926482342095557e-17f,-0.4461978131098088f,-0.8949343616020251f,1.5308084989341915e-17f,0f,0f,0f,1f],start_interpolation:0}
execute if entity @s[tag=aj.animal_alpha.bone.bone5] run data modify entity @s {} merge value {transformation:[-0.8433914458128856f,0.5204776067344633f,0.1333938904808451f,-0.4197672742783935f,0.537299608346824f,0.8169861925037161f,0.20938646596337235f,-1.3564419390410296f,-1.0328566345430088e-16f,0.2482672393737163f,-0.9686915803565931f,0.299421815439254f,0f,0f,0f,1f],start_interpolation:0}
execute if entity @s[tag=aj.animal_alpha.bone.bone2] run data modify entity @s {} merge value {transformation:[-0.8433914458128856f,0.4716276388454296f,-0.25740675866560975f,-0.125f,0.537299608346824f,0.7403071024656471f,-0.4040476765299703f,-0.89375f,-1.0328566345430088e-16f,-0.4790749047028064f,-0.8777740231312368f,-1.5308084989341915e-17f,0f,0f,0f,1f],start_interpolation:0}
execute if entity @s[tag=aj.animal_alpha.bone.head] run data modify entity @s {} merge value {transformation:[-0.9914448613738104f,0f,0.13052619222005168f,0f,0f,1f,0f,-0.018750000000000044f,-0.13052619222005168f,0f,-0.9914448613738104f,0f,0f,0f,0f,1f],start_interpolation:0}
execute if entity @s[tag=aj.animal_alpha.bone.bone6] run data modify entity @s {} merge value {transformation:[-0.8648385460668959f,-0.446396751132347f,0.22974818783917067f,0.8219676541629609f,-0.4999999999999999f,0.80714249132591f,-0.3138805484514827f,-0.8913041369611754f,-0.045324267637740244f,-0.38633009108104555f,-0.9212463142332856f,0.09738951595787942f,0f,0f,0f,1f],start_interpolation:0}
execute if entity @s[tag=aj.animal_alpha.bone.left_down_arm] run data modify entity @s {} merge value {transformation:[-0.8648385460668959f,-0.446396751132347f,0.22974818783917067f,0.5708694816510157f,-0.4999999999999999f,0.80714249132591f,-0.3138805484514827f,-0.43728648559035105f,-0.045324267637740244f,-0.38633009108104555f,-0.9212463142332856f,-0.11992116027520869f,0f,0f,0f,1f],start_interpolation:0}
execute if entity @s[tag=aj.animal_alpha.bone.left_upper_arm] run data modify entity @s {} merge value {transformation:[-0.8648385460668959f,-0.4871023536091664f,-0.12159599641973395f,0.24965738368864343f,-0.4999999999999999f,0.8137976813493737f,0.2961981327260238f,-0.14375000000000004f,-0.045324267637740244f,0.3169615606643708f,-0.9473547803353867f,0.01308398906073599f,0f,0f,0f,1f],start_interpolation:0}
execute if entity @s[tag=aj.animal_alpha.bone.bone7] run data modify entity @s {} merge value {transformation:[-0.8648385460668959f,0.4526083869457199f,-0.21725546553145875f,-0.7929497780986976f,0.4999999999999999f,0.7374190907408338f,-0.4541069087901679f,-0.8237030423326845f,-0.045324267637740244f,-0.5013568915227509f,-0.864052647751135f,0.09466586678878663f,0f,0f,0f,1f],start_interpolation:0}
execute if entity @s[tag=aj.animal_alpha.bone.left_down_arm2] run data modify entity @s {} merge value {transformation:[-0.8648385460668959f,0.4526083869457199f,-0.21725546553145875f,-0.5519360270374464f,0.4999999999999999f,0.7374190907408338f,-0.4541069087901679f,-0.43728648559035105f,-0.045324267637740244f,-0.5013568915227509f,-0.864052647751135f,-0.24135067517720665f,0f,0f,0f,1f],start_interpolation:0}
execute if entity @s[tag=aj.animal_alpha.bone.left_upper_arm2] run data modify entity @s {} merge value {transformation:[-0.8648385460668959f,0.45130245109857126f,0.21995542018627118f,-0.24638638642345947f,0.4999999999999999f,0.8137976813493737f,0.2961981327260238f,-0.14375000000000004f,-0.045324267637740244f,0.36614127254763945f,-0.9294548290800891f,-0.07549833498289685f,0f,0f,0f,1f],start_interpolation:0}
execute if entity @s[tag=aj.animal_alpha.bone.upperbody] run data modify entity @s {} merge value {transformation:[-0.9986295347545738f,0f,0.052335956242943946f,-0.18397204050129862f,0f,1f,0f,-0.39375000000000004f,-0.052335956242943946f,0f,-0.9986295347545738f,-0.07222733771771285f,0f,0f,0f,1f],start_interpolation:0}
execute if entity @s[tag=aj.animal_alpha.bone.downbody] run data modify entity @s {} merge value {transformation:[-0.9986295347545738f,0f,0.052335956242943946f,0f,0f,1f,0f,-0.89375f,-0.052335956242943946f,0f,-0.9986295347545738f,0f,0f,0f,0f,1f],start_interpolation:0}