execute if entity @s[tag=aj.animal_alpha.bone.bone4] run data modify entity @s {} merge value {transformation:[-0.9238795325112867f,-0.3191142885892485f,-0.21121713998845842f,0.330014827964877f,-0.38268343236508967f,0.7704100434592054f,0.5099232839657932f,-1.4449495781603932f,-1.2702039903658448e-16f,0.5519369853120581f,-0.8338858220671681f,0.32189879681878375f,0f,0f,0f,1f],start_interpolation:0}
execute if entity @s[tag=aj.animal_alpha.bone.bone] run data modify entity @s {} merge value {transformation:[-0.9238795325112867f,-0.32802372474380326f,0.19709653830528784f,0.125f,-0.38268343236508967f,0.7919193250566291f,-0.4758331358734138f,-0.95f,-1.2702039903658448e-16f,-0.515038074910054f,-0.8571673007021123f,1.5308084989341915e-17f,0f,0f,0f,1f],start_interpolation:0}
execute if entity @s[tag=aj.animal_alpha.bone.bone5] run data modify entity @s {} merge value {transformation:[-0.8433914458128856f,0.5048964771146691f,0.18376728905560663f,-0.4097849437025734f,0.537299608346824f,0.792528718064327f,0.28845686317656616f,-1.3970228187101457f,-1.0328566345430088e-16f,0.342020143325669f,-0.9396926207859083f,0.331199540145753f,0f,0f,0f,1f],start_interpolation:0}
execute if entity @s[tag=aj.animal_alpha.bone.bone2] run data modify entity @s {} merge value {transformation:[-0.8433914458128856f,0.4556559099241175f,-0.284725413127938f,-0.125f,0.537299608346824f,0.7152365099362332f,-0.4469293744257433f,-0.95f,-1.0328566345430088e-16f,-0.5299192642332048f,-0.8480480961564261f,-1.5308084989341915e-17f,0f,0f,0f,1f],start_interpolation:0}
execute if entity @s[tag=aj.animal_alpha.bone.head] run data modify entity @s {} merge value {transformation:[-0.8660254037844387f,0f,0.5f,0f,0f,1f,0f,-0.07499999999999996f,-0.5f,0f,-0.8660254037844387f,0f,0f,0f,0f,1f],start_interpolation:0}
execute if entity @s[tag=aj.animal_alpha.bone.bone6] run data modify entity @s {} merge value {transformation:[-0.847100670886274f,-0.30076978955353667f,0.4381301029100213f,0.7517839402068187f,-0.4999999999999999f,0.7303984174084458f,-0.4653151102717789f,-0.9043855953826017f,-0.18005680599195545f,-0.613233793539755f,-0.7691058841777356f,0.31580293904151824f,0f,0f,0f,1f],start_interpolation:0}
execute if entity @s[tag=aj.animal_alpha.bone.left_down_arm] run data modify entity @s {} merge value {transformation:[-0.847100670886274f,-0.30076978955353667f,0.4381301029100213f,0.5826009335829543f,-0.4999999999999999f,0.7303984174084458f,-0.4653151102717789f,-0.49353648559035096f,-0.18005680599195545f,-0.613233793539755f,-0.7691058841777356f,-0.029141069824593968f,0f,0f,0f,1f],start_interpolation:0}
execute if entity @s[tag=aj.animal_alpha.bone.left_upper_arm] run data modify entity @s {} merge value {transformation:[-0.847100670886274f,-0.5306890275170711f,0.028099990338252223f,0.2445369001834514f,-0.4999999999999999f,0.8137976813493737f,0.2961981327260238f,-0.19999999999999996f,-0.18005680599195545f,0.23685964177835028f,-0.9547130755952843f,0.05197792270443985f,0f,0f,0f,1f],start_interpolation:0}
execute if entity @s[tag=aj.animal_alpha.bone.bone7] run data modify entity @s {} merge value {transformation:[-0.847100670886274f,0.5312427456361315f,0.014198541932506359f,-0.8070966681919494f,0.4999999999999999f,0.8057652499997681f,-0.3173993728614017f,-0.9269419779113829f,-0.18005680599195545f,-0.2617699507235229f,-0.9481856566697155f,-0.11821386416948582f,0f,0f,0f,1f],start_interpolation:0}
execute if entity @s[tag=aj.animal_alpha.bone.left_down_arm2] run data modify entity @s {} merge value {transformation:[-0.847100670886274f,0.5312427456361315f,0.014198541932506359f,-0.5073852149008438f,0.4999999999999999f,0.8057652499997681f,-0.3173993728614017f,-0.49353648559035096f,-0.18005680599195545f,-0.2617699507235229f,-0.9481856566697155f,-0.32472106499332465f,0f,0f,0f,1f],start_interpolation:0}
execute if entity @s[tag=aj.animal_alpha.bone.left_upper_arm2] run data modify entity @s {} merge value {transformation:[-0.847100670886274f,0.38846905493192685f,0.3626461729348874f,-0.23154241950734147f,0.4999999999999999f,0.8137976813493737f,0.2961981327260238f,-0.19999999999999996f,-0.18005680599195545f,0.43223272341492003f,-0.8836030893027121f,-0.11311214775030269f,0f,0f,0f,1f],start_interpolation:0}
execute if entity @s[tag=aj.animal_alpha.bone.upperbody] run data modify entity @s {} merge value {transformation:[-0.9781476007338057f,0f,0.20791169081775937f,-0.17040819446147862f,0f,1f,0f,-0.44999999999999996f,-0.20791169081775937f,0f,-0.9781476007338057f,-0.10011766707419273f,0f,0f,0f,1f],start_interpolation:0}
execute if entity @s[tag=aj.animal_alpha.bone.downbody] run data modify entity @s {} merge value {transformation:[-0.9781476007338057f,0f,0.20791169081775937f,0f,0f,1f,0f,-0.95f,-0.20791169081775937f,0f,-0.9781476007338057f,0f,0f,0f,0f,1f],start_interpolation:0}