execute if entity @s[tag=aj.animal_alpha.bone.bone4] run data modify entity @s {} merge value {transformation:[-0.9238795325112867f,-0.29687476601662666f,-0.2414787417337174f,0.32444643036828025f,-0.3826834323650897f,0.7167190864436791f,0.5829812533183308f,-1.4627562771620033f,-1.1314261122877003e-16f,0.6310143615084457f,-0.7757711489673285f,0.3449606158200363f,0f,0f,0f,1f],start_interpolation:0}
execute if entity @s[tag=aj.animal_alpha.bone.bone] run data modify entity @s {} merge value {transformation:[-0.9238795325112867f,-0.31911428858924834f,0.21121713998845862f,0.125f,-0.3826834323650897f,0.7704100434592055f,-0.5099232839657931f,-0.98125f,-1.1314261122877003e-16f,-0.551936985312058f,-0.8338858220671683f,1.5308084989341915e-17f,0f,0f,0f,1f],start_interpolation:0}
execute if entity @s[tag=aj.animal_alpha.bone.bone5] run data modify entity @s {} merge value {transformation:[-0.8433914458128857f,0.49412770323972627f,0.21101820305528948f,-0.40380999479367413f,0.5372996083468239f,0.7756251290295897f,0.3312322298451375f,-1.4188940275838327f,-1.0328566345430089e-16f,0.3927384270845742f,-0.9196502204050923f,0.3483643091985069f,0f,0f,0f,1f],start_interpolation:0}
execute if entity @s[tag=aj.animal_alpha.bone.bone2] run data modify entity @s {} merge value {transformation:[-0.8433914458128857f,0.4460959916698786f,-0.29948161103099125f,-0.125f,0.5372996083468239f,0.7002304441341323f,-0.4700919654472574f,-0.98125f,-1.0328566345430089e-16f,-0.557382894717611f,-0.8302555682897987f,-1.5308084989341915e-17f,0f,0f,0f,1f],start_interpolation:0}
execute if entity @s[tag=aj.animal_alpha.bone.head] run data modify entity @s {} merge value {transformation:[-0.9999795230099991f,0f,-0.006399496909476382f,0f,0f,1f,0f,-0.10624999999999996f,0.006399496909476382f,0f,-0.9999795230099991f,0f,0f,0f,0f,1f],start_interpolation:0}
execute if entity @s[tag=aj.animal_alpha.bone.bone6] run data modify entity @s {} merge value {transformation:[-0.8658935039207541f,-0.4008067222895175f,0.2993032095306909f,0.7865673763052647f,-0.4999999999999999f,0.6753997743757312f,-0.5420656277363576f,-0.9046988586766997f,0.01511422733185843f,-0.6190227105209833f,-0.7852276383262475f,0.18874939430394688f,0f,0f,0f,1f],start_interpolation:0}
execute if entity @s[tag=aj.animal_alpha.bone.left_down_arm] run data modify entity @s {} merge value {transformation:[-0.8658935039207541f,-0.4008067222895175f,0.2993032095306909f,0.5611135950174111f,-0.4999999999999999f,0.6753997743757312f,-0.5420656277363576f,-0.524786485590351f,0.01511422733185843f,-0.6190227105209833f,-0.7852276383262475f,-0.15945088036410626f,0f,0f,0f,1f],start_interpolation:0}
execute if entity @s[tag=aj.animal_alpha.bone.left_upper_arm] run data modify entity @s {} merge value {transformation:[-0.8658935039207541f,-0.46380567597307215f,-0.18738392354468583f,0.24996192378909782f,-0.4999999999999999f,0.8137976813493737f,0.2961981327260238f,-0.23124999999999996f,0.01511422733185843f,0.35016800077326427f,-0.9365649637727307f,-0.004363101609320831f,0f,0f,0f,1f],start_interpolation:0}
execute if entity @s[tag=aj.animal_alpha.bone.bone7] run data modify entity @s {} merge value {transformation:[-0.8658935039207541f,0.4760832061311636f,-0.15353573104561355f,-0.8256281309103454f,0.4999999999999999f,0.8329958489532442f,-0.23689220254509f,-0.9785408879674827f,0.01511422733185843f,-0.28189128483607984f,-0.9593272974671497f,0.016260157727748692f,0f,0f,0f,1f],start_interpolation:0}
execute if entity @s[tag=aj.animal_alpha.bone.left_down_arm2] run data modify entity @s {} merge value {transformation:[-0.8658935039207541f,0.4760832061311636f,-0.15353573104561355f,-0.5674273106519166f,0.4999999999999999f,0.8329958489532442f,-0.23689220254509f,-0.524786485590351f,0.01511422733185843f,-0.28189128483607984f,-0.9593272974671497f,-0.20226164608424307f,0f,0f,0f,1f],start_interpolation:0}
execute if entity @s[tag=aj.animal_alpha.bone.left_upper_arm2] run data modify entity @s {} merge value {transformation:[-0.8658935039207541f,0.47574382507518703f,0.1545841284565426f,-0.25105269919142803f,0.4999999999999999f,0.8137976813493737f,0.2961981327260238f,-0.23124999999999996f,0.01511422733185843f,0.3337681032291926f,-0.9425340383237881f,-0.05812737933795362f,0f,0f,0f,1f],start_interpolation:0}
execute if entity @s[tag=aj.animal_alpha.bone.upperbody] run data modify entity @s {} merge value {transformation:[-0.9998476951563913f,0f,-0.017452406437283328f,-0.1885622182441536f,0f,1f,0f,-0.48124999999999996f,0.017452406437283328f,0f,-0.9998476951563913f,-0.05921815474028383f,0f,0f,0f,1f],start_interpolation:0}
execute if entity @s[tag=aj.animal_alpha.bone.downbody] run data modify entity @s {} merge value {transformation:[-0.9998476951563913f,0f,-0.017452406437283328f,0f,0f,1f,0f,-0.98125f,0.017452406437283328f,0f,-0.9998476951563913f,0f,0f,0f,0f,1f],start_interpolation:0}