execute if entity @s[tag=aj.animal_alpha.bone.bone4] run data modify entity @s {} merge value {transformation:[-0.9238795325112867f,-0.35127577141270594f,-0.15182865943271243f,0.33904784577457703f,-0.3826834323650897f,0.8480547314776259f,0.3665468087593804f,-1.4105072122657287f,-9.926482342095557e-17f,0.3967474068432211f,-0.9179278267724429f,0.2788736331936305f,0f,0f,0f,1f],start_interpolation:0}
execute if entity @s[tag=aj.animal_alpha.bone.bone] run data modify entity @s {} merge value {transformation:[-0.9238795325112867f,-0.3424765532393233f,0.17075251063465857f,0.125f,-0.3826834323650897f,0.8268115396251658f,-0.41223302698344866f,-0.89375f,-9.926482342095557e-17f,-0.4461978131098088f,-0.8949343616020251f,1.5308084989341915e-17f,0f,0f,0f,1f],start_interpolation:0}
execute if entity @s[tag=aj.animal_alpha.bone.bone5] run data modify entity @s {} merge value {transformation:[-0.8433914458128856f,0.5204776067344633f,0.1333938904808451f,-0.4197672742783935f,0.537299608346824f,0.8169861925037161f,0.20938646596337235f,-1.3564419390410296f,-1.0328566345430088e-16f,0.2482672393737163f,-0.9686915803565931f,0.299421815439254f,0f,0f,0f,1f],start_interpolation:0}
execute if entity @s[tag=aj.animal_alpha.bone.bone2] run data modify entity @s {} merge value {transformation:[-0.8433914458128856f,0.4716276388454296f,-0.25740675866560975f,-0.125f,0.537299608346824f,0.7403071024656471f,-0.4040476765299703f,-0.89375f,-1.0328566345430088e-16f,-0.4790749047028064f,-0.8777740231312368f,-1.5308084989341915e-17f,0f,0f,0f,1f],start_interpolation:0}
execute if entity @s[tag=aj.animal_alpha.bone.head] run data modify entity @s {} merge value {transformation:[-0.9846558414224508f,0f,-0.17450751832699174f,0f,0f,1f,0f,-0.018750000000000044f,0.17450751832699174f,0f,-0.9846558414224508f,0f,0f,0f,0f,1f],start_interpolation:0}
execute if entity @s[tag=aj.animal_alpha.bone.bone6] run data modify entity @s {} merge value {transformation:[-0.8633557364859382f,-0.4930039607729637f,0.1075358867494629f,0.827647489615489f,-0.4999999999999999f,0.80714249132591f,-0.3138805484514827f,-0.8913041369611754f,0.0679475700582687f,-0.32475851545167145f,-0.9433530804342578f,-0.010731972877817297f,0f,0f,0f,1f],start_interpolation:0}
execute if entity @s[tag=aj.animal_alpha.bone.left_down_arm] run data modify entity @s {} merge value {transformation:[-0.8633557364859382f,-0.4930039607729637f,0.1075358867494629f,0.5503327616806969f,-0.4999999999999999f,0.80714249132591f,-0.3138805484514827f,-0.43728648559035105f,0.0679475700582687f,-0.32475851545167145f,-0.9433530804342578f,-0.1934086378193825f,0f,0f,0f,1f],start_interpolation:0}
execute if entity @s[tag=aj.animal_alpha.bone.left_upper_arm] run data modify entity @s {} merge value {transformation:[-0.8633557364859382f,-0.44156333985525165f,-0.24421033797261488f,0.249229333433282f,-0.4999999999999999f,0.8137976813493737f,0.2961981327260238f,-0.14375000000000004f,0.0679475700582687f,0.37782952601174336f,-0.9233785664595632f,-0.019614773931961184f,0f,0f,0f,1f],start_interpolation:0}
execute if entity @s[tag=aj.animal_alpha.bone.bone7] run data modify entity @s {} merge value {transformation:[-0.8633557364859382f,0.3832960534582771f,-0.32817831689514887f,-0.7738096076983061f,0.4999999999999999f,0.7374190907408338f,-0.4541069087901679f,-0.8237030423326845f,0.0679475700582687f,-0.5561449631294627f,-0.828303028914482f,0.19735670233219804f,0f,0f,0f,1f],start_interpolation:0}
execute if entity @s[tag=aj.animal_alpha.bone.left_down_arm2] run data modify entity @s {} merge value {transformation:[-0.8633557364859382f,0.3832960534582771f,-0.32817831689514887f,-0.578716722433972f,0.4999999999999999f,0.7374190907408338f,-0.4541069087901679f,-0.43728648559035105f,0.0679475700582687f,-0.5561449631294627f,-0.828303028914482f,-0.1672437787352799f,0f,0f,0f,1f],start_interpolation:0}
execute if entity @s[tag=aj.animal_alpha.bone.left_upper_arm2] run data modify entity @s {} merge value {transformation:[-0.8633557364859382f,0.49523252218733127f,0.09675547139463303f,-0.25413302691627226f,0.4999999999999999f,0.8137976813493737f,0.2961981327260238f,-0.14375000000000004f,0.0679475700582687f,0.30410209272275246f,-0.9502131576256031f,-0.0426925594263593f,0f,0f,0f,1f],start_interpolation:0}
execute if entity @s[tag=aj.animal_alpha.bone.upperbody] run data modify entity @s {} merge value {transformation:[-0.996917333733128f,0f,-0.07845909572784476f,-0.1918256935579518f,0f,1f,0f,-0.39375000000000004f,0.07845909572784476f,0f,-0.996917333733128f,-0.0475962529093496f,0f,0f,0f,1f],start_interpolation:0}
execute if entity @s[tag=aj.animal_alpha.bone.downbody] run data modify entity @s {} merge value {transformation:[-0.996917333733128f,0f,-0.07845909572784476f,0f,0f,1f,0f,-0.89375f,0.07845909572784476f,0f,-0.996917333733128f,0f,0f,0f,0f,1f],start_interpolation:0}