execute if entity @s[tag=aj.animal_alpha.bone.bone4] run data modify entity @s {} merge value {transformation:[-0.9238795325112867f,-0.3231997486417607f,-0.20491103407242106f,0.3310820028397585f,-0.3826834323650897f,0.7802732165265139f,0.49469899753753455f,-1.503775966216756f,-1.1314261122877003e-16f,0.5354583364270935f,-0.8445616436653569f,0.31721147685044015f,0f,0f,0f,1f],start_interpolation:0}
execute if entity @s[tag=aj.animal_alpha.bone.bone] run data modify entity @s {} merge value {transformation:[-0.9238795325112867f,-0.32973120454361365f,0.1942265227947611f,0.125f,-0.3826834323650897f,0.7960415459468093f,-0.4689043055036792f,-1.00625f,-1.1314261122877003e-16f,-0.5075383629607042f,-0.8616291604415257f,1.5308084989341915e-17f,0f,0f,0f,1f],start_interpolation:0}
execute if entity @s[tag=aj.animal_alpha.bone.bone5] run data modify entity @s {} merge value {transformation:[-0.8433914458128856f,0.5068709887014953f,0.17824889885331457f,-0.41094353793715516f,0.537299608346824f,0.7956280804240193f,0.2797947256671218f,-1.4550914473699001f,-1.0328566345430088e-16f,0.3317495417533521f,-0.9433675007898252f,0.3277234325385903f,0f,0f,0f,1f],start_interpolation:0}
execute if entity @s[tag=aj.animal_alpha.bone.bone2] run data modify entity @s {} merge value {transformation:[-0.8433914458128856f,0.45750966069944826f,-0.2817370751184981f,-0.125f,0.537299608346824f,0.7181463157918402f,-0.44223862335277353f,-1.00625f,-1.0328566345430088e-16f,-0.5243574920617445f,-0.851498221089579f,-1.5308084989341915e-17f,0f,0f,0f,1f],start_interpolation:0}
execute if entity @s[tag=aj.animal_alpha.bone.head] run data modify entity @s {} merge value {transformation:[-0.8765868046555684f,0f,-0.48124377804158724f,0f,0f,1f,0f,-0.1312500000000001f,0.48124377804158724f,0f,-0.8765868046555684f,0f,0f,0f,0f,1f],start_interpolation:0}
execute if entity @s[tag=aj.animal_alpha.bone.bone6] run data modify entity @s {} merge value {transformation:[-0.843829228791103f,-0.533198858795244f,0.060425239902392264f,0.815624572638844f,-0.4999999999999999f,0.7403753979996484f,-0.4492708203710344f,-0.9662476469651533f,0.19481332766988074f,-0.4093204698232323f,-0.8913498305075711f,-0.042385808068376774f,0f,0f,0f,1f],start_interpolation:0}
execute if entity @s[tag=aj.animal_alpha.bone.left_down_arm] run data modify entity @s {} merge value {transformation:[-0.843829228791103f,-0.533198858795244f,0.060425239902392264f,0.5157002145665193f,-0.4999999999999999f,0.7403753979996484f,-0.4492708203710344f,-0.5497864855903511f,0.19481332766988074f,-0.4093204698232323f,-0.8913498305075711f,-0.27262857234394494f,0f,0f,0f,1f],start_interpolation:0}
execute if entity @s[tag=aj.animal_alpha.bone.left_upper_arm] run data modify entity @s {} merge value {transformation:[-0.843829228791103f,-0.3808663880487375f,-0.3780119404099832f,0.24359251619630878f,-0.4999999999999999f,0.8137976813493737f,0.2961981327260238f,-0.2562500000000001f,0.19481332766988074f,0.438946612112557f,-0.8771394638693986f,-0.0562377635859662f,0f,0f,0f,1f],start_interpolation:0}
execute if entity @s[tag=aj.animal_alpha.bone.bone7] run data modify entity @s {} merge value {transformation:[-0.843829228791103f,0.3631542192887215f,-0.3950585344611749f,-0.7766633132760485f,0.4999999999999999f,0.7993782094046523f,-0.33315833822525265f,-0.9786143322413898f,0.19481332766988074f,-0.47865801084052795f,-0.8561158075987014f,0.24288539680875726f,0f,0f,0f,1f],start_interpolation:0}
execute if entity @s[tag=aj.animal_alpha.bone.left_down_arm2] run data modify entity @s {} merge value {transformation:[-0.843829228791103f,0.3631542192887215f,-0.3950585344611749f,-0.5970802233299661f,0.4999999999999999f,0.7993782094046523f,-0.33315833822525265f,-0.5497864855903511f,0.19481332766988074f,-0.47865801084052795f,-0.8561158075987014f,-0.07986697226395854f,0f,0f,0f,1f],start_interpolation:0}
execute if entity @s[tag=aj.animal_alpha.bone.left_upper_arm2] run data modify entity @s {} merge value {transformation:[-0.843829228791103f,0.5347419717446353f,-0.04475775119989603f,-0.25765195709280037f,0.4999999999999999f,0.8137976813493737f,0.2961981327260238f,-0.2562500000000001f,0.19481332766988074f,0.22756176630761743f,-0.9540772557173476f,-0.004660365463111004f,0f,0f,0f,1f],start_interpolation:0}
execute if entity @s[tag=aj.animal_alpha.bone.upperbody] run data modify entity @s {} merge value {transformation:[-0.9743700647852352f,0f,-0.2249510543438648f,-0.19675382804372316f,0f,1f,0f,-0.5062500000000001f,0.2249510543438648f,0f,-0.9743700647852352f,-0.018719806359602555f,0f,0f,0f,1f],start_interpolation:0}
execute if entity @s[tag=aj.animal_alpha.bone.downbody] run data modify entity @s {} merge value {transformation:[-0.9743700647852352f,0f,-0.2249510543438648f,0f,0f,1f,0f,-1.00625f,0.2249510543438648f,0f,-0.9743700647852352f,0f,0f,0f,0f,1f],start_interpolation:0}