execute if entity @s[tag=aj.animal_alpha.bone.bone4] run data modify entity @s {} merge value {transformation:[-0.9238795325112867f,-0.3541890168703575f,-0.14490255254872447f,0.33997099414192034f,-0.3826834323650897f,0.8550879281720101f,0.3498257075856109f,-1.4689858895742514f,-9.926482342095557e-17f,0.37864861735243294f,-0.9255405040175664f,0.2739819667431734f,0f,0f,0f,1f],start_interpolation:0}
execute if entity @s[tag=aj.animal_alpha.bone.bone] run data modify entity @s {} merge value {transformation:[-0.9238795325112867f,-0.3439535906270726f,0.16775737510306482f,0.125f,-0.3826834323650897f,0.8303774233188023f,-0.4050021301619295f,-0.95f,-9.926482342095557e-17f,-0.4383711467890774f,-0.898794046299167f,1.5308084989341915e-17f,0f,0f,0f,1f],start_interpolation:0}
execute if entity @s[tag=aj.animal_alpha.bone.bone5] run data modify entity @s {} merge value {transformation:[-0.8433914458128857f,0.5219017136814585f,0.1277085368564183f,-0.4208139053963114f,0.5372996083468239f,0.8192215926386875f,0.20046224837829713f,-1.4143348208113877f,-1.0328566345430089e-16f,0.23768589232617315f,-0.9713420698132613f,0.2958247919905271f,0f,0f,0f,1f],start_interpolation:0}
execute if entity @s[tag=aj.animal_alpha.bone.bone2] run data modify entity @s {} merge value {transformation:[-0.8433914458128857f,0.47330224863409825f,-0.2543144718012652f,-0.125f,0.5372996083468239f,0.7429357132982204f,-0.3991937584386989f,-0.95f,-1.0328566345430089e-16f,-0.4733196671848433f,-0.8808907382053855f,-1.5308084989341915e-17f,0f,0f,0f,1f],start_interpolation:0}
execute if entity @s[tag=aj.animal_alpha.bone.head] run data modify entity @s {} merge value {transformation:[-0.9961946980917455f,0f,0.08715574274765829f,0f,0f,1f,0f,-0.07499999999999996f,-0.08715574274765829f,0f,-0.9961946980917455f,0f,0f,0f,0f,1f],start_interpolation:0}
execute if entity @s[tag=aj.animal_alpha.bone.bone6] run data modify entity @s {} merge value {transformation:[-0.8654978445076765f,-0.45762376185130205f,0.20370069646819725f,0.8261029886756959f,-0.4999999999999999f,0.8137976813493737f,-0.2961981327260239f,-0.9512976813493736f,-0.030223850723657197f,-0.35820919365567105f,-0.933152019998879f,0.07162672951325241f,0f,0f,0f,1f],start_interpolation:0}
execute if entity @s[tag=aj.animal_alpha.bone.left_down_arm] run data modify entity @s {} merge value {transformation:[-0.8654978445076765f,-0.45762376185130205f,0.20370069646819725f,0.5686896226343384f,-0.4999999999999999f,0.8137976813493737f,-0.2961981327260239f,-0.49353648559035096f,-0.030223850723657197f,-0.35820919365567105f,-0.933152019998879f,-0.12986594191806256f,0f,0f,0f,1f],start_interpolation:0}
execute if entity @s[tag=aj.animal_alpha.bone.left_upper_arm] run data modify entity @s {} merge value {transformation:[-0.8654978445076765f,-0.48149642357966826f,-0.1381110974272324f,0.24984770675477397f,-0.4999999999999999f,0.8137976813493737f,0.2961981327260238f,-0.19999999999999996f,-0.030223850723657197f,0.32541439413518847f,-0.9450883508630621f,0.008724874175625272f,0f,0f,0f,1f],start_interpolation:0}
execute if entity @s[tag=aj.animal_alpha.bone.bone7] run data modify entity @s {} merge value {transformation:[-0.8654978445076765f,0.43914307414054865f,-0.24097062390871307f,-0.7880214297940359f,0.4999999999999999f,0.7283611508009538f,-0.46849763500354f,-0.8739585307281662f,-0.030223850723657197f,-0.5259690052068647f,-0.8499665431116303f,0.11729916994420642f,0f,0f,0f,1f],start_interpolation:0}
execute if entity @s[tag=aj.animal_alpha.bone.left_down_arm2] run data modify entity @s {} merge value {transformation:[-0.8654978445076765f,0.43914307414054865f,-0.24097062390871307f,-0.5560641145842719f,0.4999999999999999f,0.7283611508009538f,-0.46849763500354f,-0.49353648559035096f,-0.030223850723657197f,-0.5259690052068647f,-0.8499665431116303f,-0.23168130442913193f,0f,0f,0f,1f],start_interpolation:0}
execute if entity @s[tag=aj.animal_alpha.bone.left_upper_arm2] run data modify entity @s {} merge value {transformation:[-0.8654978445076765f,0.45762376185130205f,0.20370069646819725f,-0.24766648821086762f,0.4999999999999999f,0.8137976813493737f,0.2961981327260238f,-0.19999999999999996f,-0.030223850723657197f,0.35820919365567083f,-0.933152019998879f,-0.07118680086431876f,0f,0f,0f,1f],start_interpolation:0}
execute if entity @s[tag=aj.animal_alpha.bone.upperbody] run data modify entity @s {} merge value {transformation:[-0.9993908270190958f,0f,0.034899496702501094f,-0.18520456152217413f,0f,1f,0f,-0.44999999999999996f,-0.034899496702501094f,0f,-0.9993908270190958f,-0.06900558232041244f,0f,0f,0f,1f],start_interpolation:0}
execute if entity @s[tag=aj.animal_alpha.bone.downbody] run data modify entity @s {} merge value {transformation:[-0.9993908270190958f,0f,0.034899496702501094f,0f,0f,1f,0f,-0.95f,-0.034899496702501094f,0f,-0.9993908270190958f,0f,0f,0f,0f,1f],start_interpolation:0}