execute if entity @s[tag=aj.animal_alpha.bone.bone4] run data modify entity @s {} merge value {transformation:[-0.9238795325112867f,-0.34504418532715997f,-0.16550262710495772f,0.33715271886603737f,-0.3826834323650897f,0.8330103518348053f,0.3995586869651663f,-1.480931971180714f,-1.1314261122877003e-16f,0.4324792063301662f,-0.9016439075888161f,0.2885928832718962f,0f,0f,0f,1f],start_interpolation:0}
execute if entity @s[tag=aj.animal_alpha.bone.bone] run data modify entity @s {} merge value {transformation:[-0.9238795325112867f,-0.3394443501856598f,0.17670354420260317f,0.125f,-0.3826834323650897f,0.8194911538891425f,-0.4266000929333181f,-0.96875f,-1.1314261122877003e-16f,-0.4617486132350339f,-0.8870108331782217f,1.5308084989341915e-17f,0f,0f,0f,1f],start_interpolation:0}
execute if entity @s[tag=aj.animal_alpha.bone.bone5] run data modify entity @s {} merge value {transformation:[-0.8433914458128857f,0.5174437747733943f,0.14471630550118098f,-0.417636176870738f,0.5372996083468239f,0.8122240302310281f,0.22715909751893198f,-1.4280967861768001f,-7.553008783867198e-17f,0.2693400539532262f,-0.9630451367077626f,0.30657723009956744f,0f,0f,0f,1f],start_interpolation:0}
execute if entity @s[tag=aj.animal_alpha.bone.bone2] run data modify entity @s {} merge value {transformation:[-0.8433914458128857f,0.46821788299318085f,-0.2635581210568826f,-0.125f,0.5372996083468239f,0.7349548578828804f,-0.41370338135517437f,-0.96875f,-7.553008783867198e-17f,-0.4905235681593079f,-0.8714279253502614f,-1.5308084989341915e-17f,0f,0f,0f,1f],start_interpolation:0}
execute if entity @s[tag=aj.animal_alpha.bone.head] run data modify entity @s {} merge value {transformation:[-0.9575713608048144f,0f,-0.28819626813408916f,0f,0f,1f,0f,-0.09375f,0.28819626813408916f,0f,-0.9575713608048144f,0f,0f,0f,0f,1f],start_interpolation:0}
execute if entity @s[tag=aj.animal_alpha.bone.bone6] run data modify entity @s {} merge value {transformation:[-0.858616436401261f,-0.5063094231212097f,0.0801784459831138f,0.8242553742571519f,-0.4999999999999999f,0.792682993292951f,-0.34878886470775905f,-0.958170669317636f,0.11303899832181533f,-0.33956507506337463f,-0.9337653584576832f,-0.030940414614317013f,0f,0f,0f,1f],start_interpolation:0}
execute if entity @s[tag=aj.animal_alpha.bone.left_down_arm] run data modify entity @s {} merge value {transformation:[-0.858616436401261f,-0.5063094231212097f,0.0801784459831138f,0.5394563237514715f,-0.4999999999999999f,0.792682993292951f,-0.34878886470775905f,-0.5122864855903511f,0.11303899832181533f,-0.33956507506337463f,-0.9337653584576832f,-0.22194576933746524f,0f,0f,0f,1f],start_interpolation:0}
execute if entity @s[tag=aj.animal_alpha.bone.left_upper_arm] run data modify entity @s {} merge value {transformation:[-0.858616436401261f,-0.4211841231036829f,-0.29220155644174955f,0.2478612153434526f,-0.4999999999999999f,0.8137976813493737f,0.2961981327260238f,-0.21875f,0.11303899832181533f,0.40042136341080103f,-0.9093321266636497f,-0.032631548055012866f,0f,0f,0f,1f],start_interpolation:0}
execute if entity @s[tag=aj.animal_alpha.bone.bone7] run data modify entity @s {} merge value {transformation:[-0.858616436401261f,0.3679601957770511f,-0.35690770440733477f,-0.7713473529638563f,0.4999999999999999f,0.7546787209204957f,-0.42480587118094826f,-0.9102428991593207f,0.11303899832181533f,-0.5431991554793865f,-0.8319596518731434f,0.22082011931258114f,0f,0f,0f,1f],start_interpolation:0}
execute if entity @s[tag=aj.animal_alpha.bone.left_down_arm2] run data modify entity @s {} merge value {transformation:[-0.858616436401261f,0.3679601957770511f,-0.35690770440733477f,-0.5866764743647235f,0.4999999999999999f,0.7546787209204957f,-0.42480587118094826f,-0.5122864855903511f,0.11303899832181533f,-0.5431991554793865f,-0.8319596518731434f,-0.1367268838866452f,0f,0f,0f,1f],start_interpolation:0}
execute if entity @s[tag=aj.animal_alpha.bone.left_upper_arm2] run data modify entity @s {} merge value {transformation:[-0.858616436401261f,0.5104692970453945f,0.046892557144818756f,-0.2560191023572058f,0.4999999999999999f,0.8137976813493737f,0.2961981327260238f,-0.21875f,0.11303899832181533f,0.2777668637623356f,-0.9539747136345055f,-0.029333755780850283f,0f,0f,0f,1f],start_interpolation:0}
execute if entity @s[tag=aj.animal_alpha.bone.upperbody] run data modify entity @s {} merge value {transformation:[-0.9914448613738104f,0f,-0.13052619222005146f,-0.19405379852134266f,0f,1f,0f,-0.46875f,0.13052619222005146f,0f,-0.9914448613738104f,-0.0374916427946035f,0f,0f,0f,1f],start_interpolation:0}
execute if entity @s[tag=aj.animal_alpha.bone.downbody] run data modify entity @s {} merge value {transformation:[-0.9914448613738104f,0f,-0.13052619222005146f,0f,0f,1f,0f,-0.96875f,0.13052619222005146f,0f,-0.9914448613738104f,0f,0f,0f,0f,1f],start_interpolation:0}