execute if entity @s[tag=aj.animal_alpha.bone.bone4] run data modify entity @s {} merge value {transformation:[-0.9238795325112867f,-0.3015586599308214f,-0.2356034465525778f,0.3255908322280837f,-0.38268343236508967f,0.728027006656045f,0.5687970360090784f,-1.459269107652746f,-1.1314261122877003e-16f,0.6156614753256583f,-0.788010753606722f,0.3403993968843919f,0f,0f,0f,1f],start_interpolation:0}
execute if entity @s[tag=aj.animal_alpha.bone.bone] run data modify entity @s {} merge value {transformation:[-0.9238795325112867f,-0.320945331564934f,0.20842433531956098f,0.125f,-0.38268343236508967f,0.7748305722443937f,-0.5031808570570816f,-0.975f,-1.1314261122877003e-16f,-0.5446390350150271f,-0.838670567945424f,1.5308084989341915e-17f,0f,0f,0f,1f],start_interpolation:0}
execute if entity @s[tag=aj.animal_alpha.bone.bone5] run data modify entity @s {} merge value {transformation:[-0.8433914458128857f,0.4964001109779611f,0.20561565833058115f,-0.40502907850166175f,0.5372996083468239f,0.7791920946816272f,0.32275193331103075f,-1.4145576056975597f,-7.553008783867198e-17f,0.3826834323650898f,-0.923879532511287f,0.3449606158200364f,0f,0f,0f,1f],start_interpolation:0}
execute if entity @s[tag=aj.animal_alpha.bone.bone2] run data modify entity @s {} merge value {transformation:[-0.8433914458128857f,0.44804652560265884f,-0.29655552604029545f,-0.125f,0.5372996083468239f,0.7032921691160957f,-0.46549893203994225f,-0.975f,-7.553008783867198e-17f,-0.5519369853120583f,-0.8338858220671682f,-1.5308084989341915e-17f,0f,0f,0f,1f],start_interpolation:0}
execute if entity @s[tag=aj.animal_alpha.bone.head] run data modify entity @s {} merge value {transformation:[-0.9960410654107695f,0f,-0.08889429686644135f,0f,0f,1f,0f,-0.09999999999999998f,0.08889429686644135f,0f,-0.9960410654107695f,0f,0f,0f,0f,1f],start_interpolation:0}
execute if entity @s[tag=aj.animal_alpha.bone.bone6] run data modify entity @s {} merge value {transformation:[-0.8648385460668959f,-0.4279931500665038f,0.26244266561107876f,0.7959531712150387f,-0.4999999999999999f,0.6870641468694499f,-0.527202862365669f,-0.9050100682044165f,0.045324267637740036f,-0.5871666897761705f,-0.8081961328665193f,0.15134493374405023f,0f,0f,0f,1f],start_interpolation:0}
execute if entity @s[tag=aj.animal_alpha.bone.left_down_arm] run data modify entity @s {} merge value {transformation:[-0.8648385460668959f,-0.4279931500665038f,0.26244266561107876f,0.5552070243026304f,-0.4999999999999999f,0.6870641468694499f,-0.527202862365669f,-0.5185364855903509f,0.045324267637740036f,-0.5871666897761705f,-0.8081961328665193f,-0.17893632925504566f,0f,0f,0f,1f],start_interpolation:0}
execute if entity @s[tag=aj.animal_alpha.bone.left_upper_arm] run data modify entity @s {} merge value {transformation:[-0.8648385460668959f,-0.4513024510985713f,-0.21995542018627096f,0.24965738368864343f,-0.4999999999999999f,0.8137976813493737f,0.2961981327260238f,-0.22499999999999998f,0.045324267637740036f,0.36614127254763934f,-0.9294548290800891f,-0.013083989060735927f,0f,0f,0f,1f],start_interpolation:0}
execute if entity @s[tag=aj.animal_alpha.bone.bone7] run data modify entity @s {} merge value {transformation:[-0.8648385460668959f,0.46219553402043206f,-0.19603463359433448f,-0.8218733022030469f,0.4999999999999999f,0.8281842124238669f,-0.2532013236376528f,-0.9685650223514228f,0.045324267637740036f,-0.3169955813941685f,-0.9473433971584304f,0.055183470659252f,0f,0f,0f,1f],start_interpolation:0}
execute if entity @s[tag=aj.animal_alpha.bone.left_down_arm2] run data modify entity @s {} merge value {transformation:[-0.8648385460668959f,0.46219553402043206f,-0.19603463359433448f,-0.5741404789161997f,0.4999999999999999f,0.8281842124238669f,-0.2532013236376528f,-0.5185364855903509f,0.045324267637740036f,-0.3169955813941685f,-0.9473433971584304f,-0.1823355061973697f,0f,0f,0f,1f],start_interpolation:0}
execute if entity @s[tag=aj.animal_alpha.bone.left_upper_arm2] run data modify entity @s {} merge value {transformation:[-0.8648385460668959f,0.48710235360916637f,0.12159599641973418f,-0.25292838095382747f,0.4999999999999999f,0.8137976813493737f,0.2961981327260238f,-0.22499999999999998f,0.045324267637740036f,0.3169615606643709f,-0.9473547803353867f,-0.04933035686142494f,0f,0f,0f,1f],start_interpolation:0}
execute if entity @s[tag=aj.animal_alpha.bone.upperbody] run data modify entity @s {} merge value {transformation:[-0.9986295347545738f,0f,-0.0523359562429437f,-0.19051403503166658f,0f,1f,0f,-0.475f,0.0523359562429437f,0f,-0.9986295347545738f,-0.05260135412660892f,0f,0f,0f,1f],start_interpolation:0}
execute if entity @s[tag=aj.animal_alpha.bone.downbody] run data modify entity @s {} merge value {transformation:[-0.9986295347545738f,0f,-0.0523359562429437f,0f,0f,1f,0f,-0.975f,0.0523359562429437f,0f,-0.9986295347545738f,0f,0f,0f,0f,1f],start_interpolation:0}