execute if entity @s[tag=aj.animal_alpha.bone.bone4] run data modify entity @s {} merge value {transformation:[-0.9238795325112867f,-0.3482271024583347f,-0.15869623347829848f,0.33810839683505806f,-0.38268343236508967f,0.840694593540797f,0.3831265991608358f,-1.414489181894785f,-1.2702039903658448e-16f,0.41469324265623914f,-0.9099612708765432f,0.2837440623372167f,0f,0f,0f,1f],start_interpolation:0}
execute if entity @s[tag=aj.animal_alpha.bone.bone] run data modify entity @s {} merge value {transformation:[-0.9238795325112867f,-0.3409734349360929f,0.1737346427014722f,0.125f,-0.38268343236508967f,0.8231826910316559f,-0.4194325306639379f,-0.9f,-1.2702039903658448e-16f,-0.45399049973954675f,-0.8910065241883679f,1.5308084989341915e-17f,0f,0f,0f,1f],start_interpolation:0}
execute if entity @s[tag=aj.animal_alpha.bone.bone5] run data modify entity @s {} merge value {transformation:[-0.8433914458128857f,0.5189915681571986f,0.13906337156628337f,-0.418708016311507f,0.5372996083468239f,0.8146535791819437f,0.21828576865292532f,-1.361029237087961f,-1.0328566345430089e-16f,0.25881904510252063f,-0.9659258262890682f,0.30300601265396065f,0f,0f,0f,1f],start_interpolation:0}
execute if entity @s[tag=aj.animal_alpha.bone.bone2] run data modify entity @s {} merge value {transformation:[-0.8433914458128857f,0.4699328260984112f,-0.26048801908112923f,-0.125f,0.5372996083468239f,0.7376467793407376f,-0.40888428656355436f,-0.9f,-1.0328566345430089e-16f,-0.48480962024633706f,-0.8746197071393957f,-1.5308084989341915e-17f,0f,0f,0f,1f],start_interpolation:0}
execute if entity @s[tag=aj.animal_alpha.bone.head] run data modify entity @s {} merge value {transformation:[-0.9848077530122079f,0f,0.17364817766693047f,0f,0f,1f,0f,-0.025000000000000022f,-0.17364817766693047f,0f,-0.9848077530122079f,0f,0f,0f,0f,1f],start_interpolation:0}
execute if entity @s[tag=aj.animal_alpha.bone.bone6] run data modify entity @s {} merge value {transformation:[-0.8639158094271043f,-0.43411985739996883f,0.25532219573108356f,0.817067868080928f,-0.4999999999999999f,0.8001031451912656f,-0.3314135740355917f,-0.8935945047604379f,-0.06041087834083482f,-0.41397452393362955f,-0.9082816850030686f,0.12292082022743386f,0f,0f,0f,1f],start_interpolation:0}
execute if entity @s[tag=aj.animal_alpha.bone.left_down_arm] run data modify entity @s {} merge value {transformation:[-0.8639158094271043f,-0.43411985739996883f,0.25532219573108356f,0.5728754482934455f,-0.4999999999999999f,0.8001031451912656f,-0.3314135740355917f,-0.443536485590351f,-0.06041087834083482f,-0.41397452393362955f,-0.9082816850030686f,-0.10993984948523275f,0f,0f,0f,1f],start_interpolation:0}
execute if entity @s[tag=aj.animal_alpha.bone.left_upper_arm] run data modify entity @s {} merge value {transformation:[-0.8639158094271043f,-0.4925599075430888f,-0.10504385609379918f,0.24939101256495605f,-0.4999999999999999f,0.8137976813493737f,0.2961981327260238f,-0.15000000000000002f,-0.06041087834083482f,0.3084121776316993f,-0.9493326363643894f,0.017439118436031353f,0f,0f,0f,1f],start_interpolation:0}
execute if entity @s[tag=aj.animal_alpha.bone.bone7] run data modify entity @s {} merge value {transformation:[-0.8639158094271043f,0.46516922404601485f,-0.19304680060114818f,-0.7972320779183725f,0.4999999999999999f,0.7461927415838192f,-0.4395411157191368f,-0.8357985829988033f,-0.06041087834083482f,-0.47624991906356473f,-0.8772323183570226f,0.07177107119896314f,0f,0f,0f,1f],start_interpolation:0}
execute if entity @s[tag=aj.animal_alpha.bone.left_down_arm2] run data modify entity @s {} merge value {transformation:[-0.8639158094271043f,0.46516922404601485f,-0.19304680060114818f,-0.5476398144300609f,0.4999999999999999f,0.7461927415838192f,-0.4395411157191368f,-0.443536485590351f,-0.06041087834083482f,-0.47624991906356473f,-0.8772323183570226f,-0.25094652817160595f,0f,0f,0f,1f],start_interpolation:0}
execute if entity @s[tag=aj.animal_alpha.bone.left_upper_arm2] run data modify entity @s {} merge value {transformation:[-0.8639158094271043f,0.4448436692473708f,0.23614314335260045f,-0.2450312329559482f,0.4999999999999999f,0.8137976813493737f,0.2961981327260238f,-0.15000000000000002f,-0.06041087834083482f,0.37396182126109995f,-0.9254745172165303f,-0.07978687157727037f,0f,0f,0f,1f],start_interpolation:0}
execute if entity @s[tag=aj.animal_alpha.bone.upperbody] run data modify entity @s {} merge value {transformation:[-0.9975640502598242f,0f,0.06975647374412543f,-0.18268347981470917f,0f,1f,0f,-0.4f,-0.06975647374412543f,0f,-0.9975640502598242f,-0.07542709196826253f,0f,0f,0f,1f],start_interpolation:0}
execute if entity @s[tag=aj.animal_alpha.bone.downbody] run data modify entity @s {} merge value {transformation:[-0.9975640502598242f,0f,0.06975647374412543f,0f,0f,1f,0f,-0.9f,-0.06975647374412543f,0f,-0.9975640502598242f,0f,0f,0f,0f,1f],start_interpolation:0}