execute if entity @s[tag=aj.animal_alpha.bone.bone4] run data modify entity @s {} merge value {transformation:[-0.9238795325112867f,-0.2871654754207865f,-0.2529478189925344f,0.3221121491023952f,-0.3826834323650898f,0.6932787854061802f,0.6106700551844714f,-1.4696208236715103f,-9.926482342095557e-17f,0.6609845046837977f,-0.7503995499518339f,0.3540038980780205f,0f,0f,0f,1f],start_interpolation:0}
execute if entity @s[tag=aj.animal_alpha.bone.bone] run data modify entity @s {} merge value {transformation:[-0.9238795325112867f,-0.3153794385638323f,0.21675428285938936f,0.125f,-0.3826834323650898f,0.7613933178744163f,-0.5232911293815916f,-0.99375f,-9.926482342095557e-17f,-0.5664062369248328f,-0.8241261886220157f,1.5308084989341915e-17f,0f,0f,0f,1f],start_interpolation:0}
execute if entity @s[tag=aj.animal_alpha.bone.bone5] run data modify entity @s {} merge value {transformation:[-0.8433914458128857f,0.48940677638743757f,0.22174732547588252f,-0.4013360502341226f,0.537299608346824f,0.7682147582389256f,0.3480735785638702f,-1.4275107124901163f,-1.3104123906992982e-16f,0.41270702980439483f,-0.9108638249211758f,0.35512678248911494f,0f,0f,0f,1f],start_interpolation:0}
execute if entity @s[tag=aj.animal_alpha.bone.bone2] run data modify entity @s {} merge value {transformation:[-0.8433914458128857f,0.44213768037459616f,-0.3052951698317905f,-0.125f,0.537299608346824f,0.6940171399841861f,-0.47921742484859653f,-0.99375f,-1.3104123906992982e-16f,-0.5682028519825839f,-0.8228885216108303f,-1.5308084989341915e-17f,0f,0f,0f,1f],start_interpolation:0}
execute if entity @s[tag=aj.animal_alpha.bone.head] run data modify entity @s {} merge value {transformation:[-0.9874138067509115f,0f,0.15815806725448361f,0f,0f,1f,0f,-0.11875000000000002f,-0.15815806725448361f,0f,-0.9874138067509115f,0f,0f,0f,0f,1f],start_interpolation:0}
execute if entity @s[tag=aj.animal_alpha.bone.bone6] run data modify entity @s {} merge value {transformation:[-0.8648385460668959f,-0.34089722484830437f,0.3685693575538015f,0.7626241706281869f,-0.4999999999999999f,0.6511123728531961f,-0.5710102257556167f,-0.9035371953202738f,-0.04532426763774023f,-0.6781163322087184f,-0.7335556902886768f,0.26151927659219537f,0f,0f,0f,1f],start_interpolation:0}
execute if entity @s[tag=aj.animal_alpha.bone.left_down_arm] run data modify entity @s {} merge value {transformation:[-0.8648385460668959f,-0.34089722484830437f,0.3685693575538015f,0.5708694816510157f,-0.4999999999999999f,0.6511123728531961f,-0.5710102257556167f,-0.537286485590351f,-0.04532426763774023f,-0.6781163322087184f,-0.7335556902886768f,-0.1199211602752087f,0f,0f,0f,1f],start_interpolation:0}
execute if entity @s[tag=aj.animal_alpha.bone.left_upper_arm] run data modify entity @s {} merge value {transformation:[-0.8648385460668959f,-0.4871023536091664f,-0.12159599641973395f,0.24965738368864343f,-0.4999999999999999f,0.8137976813493737f,0.2961981327260238f,-0.24375000000000002f,-0.04532426763774023f,0.3169615606643708f,-0.9473547803353867f,0.013083989060735976f,0f,0f,0f,1f],start_interpolation:0}
execute if entity @s[tag=aj.animal_alpha.bone.bone7] run data modify entity @s {} merge value {transformation:[-0.8648385460668959f,0.49759178670462656f,-0.06675854283157134f,-0.8276589981318256f,0.4999999999999999f,0.8416539835687532f,-0.20400630368409903f,-0.9979664573675184f,-0.04532426763774023f,-0.20981178648242355f,-0.976690700793325f,-0.06228837648126059f,0f,0f,0f,1f],start_interpolation:0}
execute if entity @s[tag=aj.animal_alpha.bone.left_down_arm2] run data modify entity @s {} merge value {transformation:[-0.8648385460668959f,0.49759178670462656f,-0.06675854283157134f,-0.5519360270374464f,0.4999999999999999f,0.8416539835687532f,-0.20400630368409903f,-0.537286485590351f,-0.04532426763774023f,-0.20981178648242355f,-0.976690700793325f,-0.24135067517720665f,0f,0f,0f,1f],start_interpolation:0}
execute if entity @s[tag=aj.animal_alpha.bone.left_upper_arm2] run data modify entity @s {} merge value {transformation:[-0.8648385460668959f,0.45130245109857126f,0.21995542018627118f,-0.24638638642345947f,0.4999999999999999f,0.8137976813493737f,0.2961981327260238f,-0.24375000000000002f,-0.04532426763774023f,0.36614127254763945f,-0.9294548290800891f,-0.07549833498289685f,0f,0f,0f,1f],start_interpolation:0}
execute if entity @s[tag=aj.animal_alpha.bone.upperbody] run data modify entity @s {} merge value {transformation:[-0.9986295347545738f,0f,0.052335956242943925f,-0.18397204050129862f,0f,1f,0f,-0.49375f,-0.052335956242943925f,0f,-0.9986295347545738f,-0.07222733771771285f,0f,0f,0f,1f],start_interpolation:0}
execute if entity @s[tag=aj.animal_alpha.bone.downbody] run data modify entity @s {} merge value {transformation:[-0.9986295347545738f,0f,0.052335956242943925f,0f,0f,1f,0f,-0.99375f,-0.052335956242943925f,0f,-0.9986295347545738f,0f,0f,0f,0f,1f],start_interpolation:0}