execute if entity @s[tag=aj.animal_alpha.bone.bone4] run data modify entity @s {} merge value {transformation:[-0.9238795325112867f,-0.2920764212288628f,-0.2472609422631606f,0.3232868398906158f,-0.38268343236508967f,0.7051348573801174f,0.5969407202568737f,-1.5287067781040276f,-1.1314261122877003e-16f,0.6461239796429639f,-0.7632324697825288f,0.3494955646692167f,0f,0f,0f,1f],start_interpolation:0}
execute if entity @s[tag=aj.animal_alpha.bone.bone] run data modify entity @s {} merge value {transformation:[-0.9238795325112867f,-0.3172589438249853f,0.2139938596543858f,0.125f,-0.38268343236508967f,0.7659308449664439f,-0.5166268782421826f,-1.05f,-1.1314261122877003e-16f,-0.5591929034707468f,-0.8290375725550416f,1.5308084989341915e-17f,0f,0f,0f,1f],start_interpolation:0}
execute if entity @s[tag=aj.animal_alpha.bone.bone5] run data modify entity @s {} merge value {transformation:[-0.8433914458128857f,0.4917964992462309f,0.21639563872407938f,-0.4025789677934612f,0.5372996083468239f,0.7719658717436815f,0.33967311305631426f,-1.4857117022565562f,-1.0328566345430089e-16f,0.4027466898587372f,-0.9153114791194471f,0.3517530798094179f,0f,0f,0f,1f],start_interpolation:0}
execute if entity @s[tag=aj.animal_alpha.bone.bone2] run data modify entity @s {} merge value {transformation:[-0.8433914458128857f,0.4441263484695379f,-0.3023948672262227f,-0.125f,0.5372996083468239f,0.6971387236104901f,-0.4746648616793605f,-1.05f,-1.0328566345430089e-16f,-0.5628049276950686f,-0.8265897491271886f,-1.5308084989341915e-17f,0f,0f,0f,1f],start_interpolation:0}
execute if entity @s[tag=aj.animal_alpha.bone.head] run data modify entity @s {} merge value {transformation:[-0.9184463813430871f,0f,0.395545502562965f,0f,0f,1f,0f,-0.17500000000000004f,-0.395545502562965f,0f,-0.9184463813430871f,0f,0f,0f,0f,1f],start_interpolation:0}
execute if entity @s[tag=aj.animal_alpha.bone.bone6] run data modify entity @s {} merge value {transformation:[-0.8553631939770864f,-0.27775244656735226f,0.4372726664395654f,0.7365131246904492f,-0.4999999999999999f,0.6634139481689385f,-0.5566703992264193f,-0.966706831435379f,-0.1354762207522687f,-0.6947917038945927f,-0.7063360969184086f,0.33122822347242786f,0f,0f,0f,1f],start_interpolation:0}
execute if entity @s[tag=aj.animal_alpha.bone.left_down_arm] run data modify entity @s {} merge value {transformation:[-0.8553631939770864f,-0.27775244656735226f,0.4372726664395654f,0.5802773734963135f,-0.4999999999999999f,0.6634139481689385f,-0.5566703992264193f,-0.5935364855903511f,-0.1354762207522687f,-0.6947917038945927f,-0.7063360969184086f,-0.0595921099682805f,0f,0f,0f,1f],start_interpolation:0}
execute if entity @s[tag=aj.animal_alpha.bone.left_upper_arm] run data modify entity @s {} merge value {transformation:[-0.8553631939770864f,-0.5175654608008989f,-0.021904341470824207f,0.24692208514878441f,-0.4999999999999999f,0.8137976813493737f,0.2961981327260238f,-0.30000000000000004f,-0.1354762207522687f,0.26430915159399276f,-0.954875314370597f,0.03910861626005774f,0f,0f,0f,1f],start_interpolation:0}
execute if entity @s[tag=aj.animal_alpha.bone.bone7] run data modify entity @s {} merge value {transformation:[-0.8553631939770864f,0.5173985189083219f,0.025545626255627257f,-0.8163177170733396f,0.4999999999999999f,0.8374863497260492f,-0.2204917549989968f,-1.0508418226238165f,-0.1354762207522687f,-0.17582771867374147f,-0.9750542584680457f,-0.13787757274569395f,0f,0f,0f,1f],start_interpolation:0}
execute if entity @s[tag=aj.animal_alpha.bone.left_down_arm2] run data modify entity @s {} merge value {transformation:[-0.8553631939770864f,0.5173985189083219f,0.025545626255627257f,-0.5236844485464318f,0.4999999999999999f,0.8374863497260492f,-0.2204917549989968f,-0.5935364855903511f,-0.1354762207522687f,-0.17582771867374147f,-0.9750542584680457f,-0.2977215556539264f,0f,0f,0f,1f],start_interpolation:0}
execute if entity @s[tag=aj.animal_alpha.bone.left_upper_arm2] run data modify entity @s {} merge value {transformation:[-0.8553631939770864f,0.41055798449263076f,0.31590496634061666f,-0.23714493108377f,0.4999999999999999f,0.8137976813493737f,0.2961981327260238f,-0.30000000000000004f,-0.1354762207522687f,0.41130946402888896f,-0.9013715762164629f,-0.10083913754725386f,0f,0f,0f,1f],start_interpolation:0}
execute if entity @s[tag=aj.animal_alpha.bone.upperbody] run data modify entity @s {} merge value {transformation:[-0.9876883405951378f,0f,0.15643446504023098f,-0.17541440979657388f,0f,1f,0f,-0.55f,-0.15643446504023098f,0f,-0.9876883405951378f,-0.09106198348223943f,0f,0f,0f,1f],start_interpolation:0}
execute if entity @s[tag=aj.animal_alpha.bone.downbody] run data modify entity @s {} merge value {transformation:[-0.9876883405951378f,0f,0.15643446504023098f,0f,0f,1f,0f,-1.05f,-0.15643446504023098f,0f,-0.9876883405951378f,0f,0f,0f,0f,1f],start_interpolation:0}