execute if entity @s[tag=aj.animal_alpha.bone.bone4] run data modify entity @s {} merge value {transformation:[-0.9238795325112867f,-0.34504418532715997f,-0.16550262710495772f,0.33715271886603737f,-0.3826834323650897f,0.8330103518348053f,0.3995586869651663f,-1.418431971180714f,-1.1314261122877003e-16f,0.4324792063301662f,-0.9016439075888161f,0.2885928832718962f,0f,0f,0f,1f],start_interpolation:0}
execute if entity @s[tag=aj.animal_alpha.bone.bone] run data modify entity @s {} merge value {transformation:[-0.9238795325112867f,-0.3394443501856598f,0.17670354420260317f,0.125f,-0.3826834323650897f,0.8194911538891425f,-0.4266000929333181f,-0.90625f,-1.1314261122877003e-16f,-0.4617486132350339f,-0.8870108331782217f,1.5308084989341915e-17f,0f,0f,0f,1f],start_interpolation:0}
execute if entity @s[tag=aj.animal_alpha.bone.bone5] run data modify entity @s {} merge value {transformation:[-0.8433914458128857f,0.5174437747733943f,0.14471630550118098f,-0.417636176870738f,0.5372996083468239f,0.8122240302310281f,0.22715909751893198f,-1.3655967861768001f,-7.553008783867198e-17f,0.2693400539532262f,-0.9630451367077626f,0.30657723009956744f,0f,0f,0f,1f],start_interpolation:0}
execute if entity @s[tag=aj.animal_alpha.bone.bone2] run data modify entity @s {} merge value {transformation:[-0.8433914458128857f,0.46821788299318085f,-0.2635581210568826f,-0.125f,0.5372996083468239f,0.7349548578828804f,-0.41370338135517437f,-0.90625f,-7.553008783867198e-17f,-0.4905235681593079f,-0.8714279253502614f,-1.5308084989341915e-17f,0f,0f,0f,1f],start_interpolation:0}
execute if entity @s[tag=aj.animal_alpha.bone.head] run data modify entity @s {} merge value {transformation:[-0.9762960071199334f,0f,0.216439613938103f,0f,0f,1f,0f,-0.03125f,-0.216439613938103f,0f,-0.9762960071199334f,0f,0f,0f,0f,1f],start_interpolation:0}
execute if entity @s[tag=aj.animal_alpha.bone.bone6] run data modify entity @s {} merge value {transformation:[-0.862729915662821f,-0.42081253440685423f,0.2803817103637505f,0.8114139621286114f,-0.4999999999999999f,0.792682993292951f,-0.34878886470775905f,-0.895670669317636f,-0.07547908730517344f,-0.4411014430153314f,-0.8942775991544073f,0.1481945117440316f,0f,0f,0f,1f],start_interpolation:0}
execute if entity @s[tag=aj.animal_alpha.bone.left_down_arm] run data modify entity @s {} merge value {transformation:[-0.862729915662821f,-0.42081253440685423f,0.2803817103637505f,0.574706911524756f,-0.4999999999999999f,0.792682993292951f,-0.34878886470775905f,-0.449786485590351f,-0.07547908730517344f,-0.4411014430153314f,-0.8942775991544073f,-0.0999250499520923f,0f,0f,0f,1f],start_interpolation:0}
execute if entity @s[tag=aj.animal_alpha.bone.left_upper_arm] run data modify entity @s {} merge value {transformation:[-0.862729915662821f,-0.4978674229576387f,-0.08845971839171554f,0.2490486745229364f,-0.4999999999999999f,0.8137976813493737f,0.2961981327260238f,-0.15625f,-0.07547908730517344f,0.29976884926206526f,-0.9510213164759639f,0.021788935686914576f,0f,0f,0f,1f],start_interpolation:0}
execute if entity @s[tag=aj.animal_alpha.bone.bone7] run data modify entity @s {} merge value {transformation:[-0.862729915662821f,0.4768078854196659f,-0.1683785408597208f,-0.8008575621749237f,0.4999999999999999f,0.7546787209204957f,-0.42480587118094826f,-0.8477428991593206f,-0.07547908730517344f,-0.4506820038468712f,-0.8894878519620977f,0.048635677488945595f,0f,0f,0f,1f],start_interpolation:0}
execute if entity @s[tag=aj.animal_alpha.bone.left_down_arm2] run data modify entity @s {} merge value {transformation:[-0.862729915662821f,0.4768078854196659f,-0.1683785408597208f,-0.5431767854300942f,0.4999999999999999f,0.7546787209204957f,-0.42480587118094826f,-0.449786485590351f,-0.07547908730517344f,-0.4506820038468712f,-0.8894878519620977f,-0.26046594042255056f,0f,0f,0f,1f],start_interpolation:0}
execute if entity @s[tag=aj.animal_alpha.bone.left_upper_arm2] run data modify entity @s {} merge value {transformation:[-0.862729915662821f,0.4382493837052203f,0.2522589350298945f,-0.24360144060120775f,0.4999999999999999f,0.8137976813493737f,0.2961981327260238f,-0.15625f,-0.07547908730517344f,0.38166845758115475f,-0.9212122968497546f,-0.08405110431764867f,0f,0f,0f,1f],start_interpolation:0}
execute if entity @s[tag=aj.animal_alpha.bone.upperbody] run data modify entity @s {} merge value {transformation:[-0.9961946980917455f,0f,0.0871557427476583f,-0.18133927197047367f,0f,1f,0f,-0.40625f,-0.0871557427476583f,0f,-0.9961946980917455f,-0.07860387039592003f,0f,0f,0f,1f],start_interpolation:0}
execute if entity @s[tag=aj.animal_alpha.bone.downbody] run data modify entity @s {} merge value {transformation:[-0.9961946980917455f,0f,0.0871557427476583f,0f,0f,1f,0f,-0.90625f,-0.0871557427476583f,0f,-0.9961946980917455f,0f,0f,0f,0f,1f],start_interpolation:0}