execute if entity @s[tag=aj.animal_alpha.bone.bone4] run data modify entity @s {} merge value {transformation:[-0.9238795325112867f,-0.3149058039038669f,-0.21744181767632817f,0.3289320404170989f,-0.3826834323650897f,0.7602498626547177f,0.5249509852612495f,-1.4485854977773784f,-9.926482342095557e-17f,0.5682028519825839f,-0.8228885216108303f,0.32656160294746805f,0f,0f,0f,1f],start_interpolation:0}
execute if entity @s[tag=aj.animal_alpha.bone.bone] run data modify entity @s {} merge value {transformation:[-0.9238795325112867f,-0.3262912646673582f,0.19995154415133243f,0.125f,-0.3826834323650897f,0.7877367964438053f,-0.4827257297075892f,-0.95625f,-9.926482342095557e-17f,-0.5224985647159489f,-0.8526401643540922f,1.5308084989341915e-17f,0f,0f,0f,1f],start_interpolation:0}
execute if entity @s[tag=aj.animal_alpha.bone.bone5] run data modify entity @s {} merge value {transformation:[-0.8433914458128857f,0.5028618878961822f,0.18926381278822887f,-0.40861415022884134f,0.5372996083468239f,0.7893350527127097f,0.2970846772039474f,-1.4014350410806453f,-1.0328566345430089e-16f,0.3522500479212336f,-0.9359059267573256f,0.33466146026693355f,0f,0f,0f,1f],start_interpolation:0}
execute if entity @s[tag=aj.animal_alpha.bone.bone2] run data modify entity @s {} merge value {transformation:[-0.8433914458128857f,0.4537826403661462f,-0.28770155444831924f,-0.125f,0.5372996083468239f,0.7122960657290325f,-0.45160098053180925f,-0.95625f,-1.0328566345430089e-16f,-0.5354583364270937f,-0.8445616436653569f,-1.5308084989341915e-17f,0f,0f,0f,1f],start_interpolation:0}
execute if entity @s[tag=aj.animal_alpha.bone.head] run data modify entity @s {} merge value {transformation:[-0.8433914458128857f,0f,0.537299608346824f,0f,0f,1f,0f,-0.08125000000000004f,-0.537299608346824f,0f,-0.8433914458128857f,0f,0f,0f,0f,1f],start_interpolation:0}
execute if entity @s[tag=aj.animal_alpha.bone.bone6] run data modify entity @s {} merge value {transformation:[-0.843829228791103f,-0.28010344032326634f,0.45770546791237127f,0.740578967615312f,-0.4999999999999999f,0.7200738067288024f,-0.48113793538141564f,-0.9048280018753023f,-0.19481332766988096f,-0.6348509869112292f,-0.7476710451662723f,0.3381348369226853f,0f,0f,0f,1f],start_interpolation:0}
execute if entity @s[tag=aj.animal_alpha.bone.left_down_arm] run data modify entity @s {} merge value {transformation:[-0.843829228791103f,-0.28010344032326634f,0.45770546791237127f,0.5830207824334747f,-0.4999999999999999f,0.7200738067288024f,-0.48113793538141564f,-0.49978648559035105f,-0.19481332766988096f,-0.6348509869112292f,-0.7476710451662723f,-0.018968843214881154f,0f,0f,0f,1f],start_interpolation:0}
execute if entity @s[tag=aj.animal_alpha.bone.left_upper_arm] run data modify entity @s {} merge value {transformation:[-0.843829228791103f,-0.5347419717446354f,0.04475775119989628f,0.24359251619630878f,-0.4999999999999999f,0.8137976813493737f,0.2961981327260238f,-0.20625000000000004f,-0.19481332766988096f,0.22756176630761726f,-0.9540772557173476f,0.05623776358596627f,0f,0f,0f,1f],start_interpolation:0}
execute if entity @s[tag=aj.animal_alpha.bone.bone7] run data modify entity @s {} merge value {transformation:[-0.843829228791103f,0.535023455166642f,0.04125693952974019f,-0.8051700259218726f,0.4999999999999999f,0.8118416527525665f,-0.3015180439973393f,-0.9376025375138359f,-0.19481332766988096f,-0.23380126876800672f,-0.9525674433260136f,-0.14247802250314268f,0f,0f,0f,1f],start_interpolation:0}
execute if entity @s[tag=aj.animal_alpha.bone.left_down_arm2] run data modify entity @s {} merge value {transformation:[-0.843829228791103f,0.535023455166642f,0.04125693952974019f,-0.5016407736700277f,0.4999999999999999f,0.8118416527525665f,-0.3015180439973393f,-0.49978648559035105f,-0.19481332766988096f,-0.23380126876800672f,-0.9525674433260136f,-0.3335267013930223f,0f,0f,0f,1f],start_interpolation:0}
execute if entity @s[tag=aj.animal_alpha.bone.left_upper_arm2] run data modify entity @s {} merge value {transformation:[-0.843829228791103f,0.3808663880487374f,0.3780119404099835f,-0.22953307529981726f,0.4999999999999999f,0.8137976813493737f,0.2961981327260238f,-0.20625000000000004f,-0.19481332766988096f,0.43894661211255714f,-0.8771394638693986f,-0.11713589263504347f,0f,0f,0f,1f],start_interpolation:0}
execute if entity @s[tag=aj.animal_alpha.bone.upperbody] run data modify entity @s {} merge value {transformation:[-0.9743700647852352f,0f,0.2249510543438651f,-0.16863494625074005f,0f,1f,0f,-0.45625000000000004f,-0.2249510543438651f,0f,-0.9743700647852352f,-0.1030764517385519f,0f,0f,0f,1f],start_interpolation:0}
execute if entity @s[tag=aj.animal_alpha.bone.downbody] run data modify entity @s {} merge value {transformation:[-0.9743700647852352f,0f,0.2249510543438651f,0f,0f,1f,0f,-0.95625f,-0.2249510543438651f,0f,-0.9743700647852352f,0f,0f,0f,0f,1f],start_interpolation:0}