execute if entity @s[tag=aj.animal_alpha.bone.bone4] run data modify entity @s {} merge value {transformation:[-0.9238795325112867f,-0.34172824709432514f,-0.17224521631838147f,0.3361808846460924f,-0.38268343236508967f,0.8250049687811041f,0.41583673728972453f,-1.4848357558265446f,-1.1314261122877003e-16f,0.45009844103743507f,-0.892978943411137f,0.2934197267411817f,0f,0f,0f,1f],start_interpolation:0}
execute if entity @s[tag=aj.animal_alpha.bone.bone] run data modify entity @s {} merge value {transformation:[-0.9238795325112867f,-0.33788941543374784f,0.1796589890447075f,0.125f,-0.38268343236508967f,0.8157372093224714f,-0.4337351679539719f,-0.975f,-1.1314261122877003e-16f,-0.46947156278589075f,-0.882947592858927f,1.5308084989341915e-17f,0f,0f,0f,1f],start_interpolation:0}
execute if entity @s[tag=aj.animal_alpha.bone.bone5] run data modify entity @s {} merge value {transformation:[-0.8433914458128857f,0.5158344107549847f,0.15035201964293007f,-0.41655180187012064f,0.5372996083468239f,0.8096978347429987f,0.23600539672399273f,-1.4326446583781443f,-1.0328566345430089e-16f,0.2798290140309921f,-0.9600498543859286f,0.31013531479700507f,0f,0f,0f,1f],start_interpolation:0}
execute if entity @s[tag=aj.animal_alpha.bone.bone2] run data modify entity @s {} merge value {transformation:[-0.8433914458128857f,0.466482882992193f,-0.2666169330799195f,-0.125f,0.5372996083468239f,0.732231453405031f,-0.418504754470849f,-0.975f,-1.0328566345430089e-16f,-0.49621650367520814f,-0.8681988144891423f,-1.5308084989341915e-17f,0f,0f,0f,1f],start_interpolation:0}
execute if entity @s[tag=aj.animal_alpha.bone.head] run data modify entity @s {} merge value {transformation:[-0.9659258262890683f,0f,0.25881904510252085f,0f,0f,1f,0f,-0.09999999999999998f,-0.25881904510252085f,0f,-0.9659258262890683f,0f,0f,0f,0f,1f],start_interpolation:0}
execute if entity @s[tag=aj.animal_alpha.bone.bone6] run data modify entity @s {} merge value {transformation:[-0.8612812260087742f,-0.4064958316267548f,0.30488651756825147f,0.8050172187535546f,-0.4999999999999999f,0.7848855672213958f,-0.36599815077066694f,-0.9600346171523861f,-0.09052430460833655f,-0.46767059479683f,-0.8792551194264133f,0.17318489729247608f,0f,0f,0f,1f],start_interpolation:0}
execute if entity @s[tag=aj.animal_alpha.bone.left_down_arm] run data modify entity @s {} merge value {transformation:[-0.8612812260087742f,-0.4064958316267548f,0.30488651756825147f,0.576363313463505f,-0.4999999999999999f,0.7848855672213958f,-0.36599815077066694f,-0.5185364855903509f,-0.09052430460833655f,-0.46767059479683f,-0.8792551194264133f,-0.0898798122807408f,0f,0f,0f,1f],start_interpolation:0}
execute if entity @s[tag=aj.animal_alpha.bone.left_upper_arm] run data modify entity @s {} merge value {transformation:[-0.8612812260087742f,-0.5030232831322055f,-0.0718486350024813f,0.24863047384206832f,-0.4999999999999999f,0.8137976813493737f,0.2961981327260238f,-0.22499999999999998f,-0.09052430460833655f,0.29103420839702004f,-0.9524203062817891f,0.02613211581691341f,0f,0f,0f,1f],start_interpolation:0}
execute if entity @s[tag=aj.animal_alpha.bone.bone7] run data modify entity @s {} merge value {transformation:[-0.8612812260087742f,0.4875079407313776f,-0.1432852310905574f,-0.8038161892376539f,0.4999999999999999f,0.7628737572442912f,-0.40990685589287007f,-0.9220337955469604f,-0.09052430460833655f,-0.42468769493809183f,-0.9008028152949719f,0.025280992133760172f,0f,0f,0f,1f],start_interpolation:0}
execute if entity @s[tag=aj.animal_alpha.bone.left_down_arm2] run data modify entity @s {} merge value {transformation:[-0.8612812260087742f,0.4875079407313776f,-0.1432852310905574f,-0.5385482995194137f,0.4999999999999999f,0.7628737572442912f,-0.40990685589287007f,-0.5185364855903509f,-0.09052430460833655f,-0.42468769493809183f,-0.9008028152949719f,-0.2699060122248522f,0f,0f,0f,1f],start_interpolation:0}
execute if entity @s[tag=aj.animal_alpha.bone.left_upper_arm2] run data modify entity @s {} merge value {transformation:[-0.8612812260087742f,0.43152160315537597f,0.2682978861918912f,-0.24209744488783996f,0.4999999999999999f,0.8137976813493737f,0.2961981327260238f,-0.22499999999999998f,-0.09052430460833655f,0.38925883399172495f,-0.9166694662933743f,-0.08828973427743046f,0f,0f,0f,1f],start_interpolation:0}
execute if entity @s[tag=aj.animal_alpha.bone.upperbody] run data modify entity @s {} merge value {transformation:[-0.9945218953682733f,0f,0.10452846326765357f,-0.17993982642732287f,0f,1f,0f,-0.475f,-0.10452846326765357f,0f,-0.9945218953682733f,-0.08175670532320212f,0f,0f,0f,1f],start_interpolation:0}
execute if entity @s[tag=aj.animal_alpha.bone.downbody] run data modify entity @s {} merge value {transformation:[-0.9945218953682733f,0f,0.10452846326765357f,0f,0f,1f,0f,-0.975f,-0.10452846326765357f,0f,-0.9945218953682733f,0f,0f,0f,0f,1f],start_interpolation:0}