execute if entity @s[tag=aj.animal_alpha.bone.bone4] run data modify entity @s {} merge value {transformation:[-0.9238795325112867f,-0.327160609038783f,-0.1985259310520889f,0.33213348377224483f,-0.38268343236508967f,0.7898355794156716f,0.47928399522869936f,-1.437564465744541f,-9.926482342095557e-17f,0.518773258160521f,-0.8549118706729466f,0.3125f,0f,0f,0f,1f],start_interpolation:0}
execute if entity @s[tag=aj.animal_alpha.bone.bone] run data modify entity @s {} merge value {transformation:[-0.9238795325112867f,-0.3314135740355917f,0.19134171618254497f,0.125f,-0.38268343236508967f,0.8001031451912656f,-0.4619397662556433f,-0.9375f,-9.926482342095557e-17f,-0.5f,-0.8660254037844386f,1.5308084989341915e-17f,0f,0f,0f,1f],start_interpolation:0}
execute if entity @s[tag=aj.animal_alpha.bone.bone5] run data modify entity @s {} merge value {transformation:[-0.8433914458128856f,0.5087851877095275f,0.17270929881460134f,-0.41208988330226554f,0.537299608346824f,0.7986327709986601f,0.2710992953833543f,-1.3881408491559095f,-1.0328566345430088e-16f,0.32143946530316175f,-0.9469301294951056f,0.32423328635032583f,0f,0f,0f,1f],start_interpolation:0}
execute if entity @s[tag=aj.animal_alpha.bone.bone2] run data modify entity @s {} merge value {transformation:[-0.8433914458128856f,0.4593438132836249f,-0.27873666843045386f,-0.125f,0.537299608346824f,0.7210253586494552f,-0.4375289282490636f,-0.9375f,-1.0328566345430088e-16f,-0.5187732581605213f,-0.8549118706729466f,-1.5308084989341915e-17f,0f,0f,0f,1f],start_interpolation:0}
execute if entity @s[tag=aj.animal_alpha.bone.head] run data modify entity @s {} merge value {transformation:[-0.9063077870366498f,0f,0.4226182617406995f,0f,0f,1f,0f,-0.0625f,-0.4226182617406995f,0f,-0.9063077870366498f,0f,0f,0f,0f,1f],start_interpolation:0}
execute if entity @s[tag=aj.animal_alpha.bone.bone6] run data modify entity @s {} merge value {transformation:[-0.8528685319524433f,-0.33961017714275626f,0.39658567143348733f,0.7722597448081157f,-0.4999999999999999f,0.7499999999999999f,-0.4330127018922193f,-0.902911485590351f,-0.15038373318043538f,-0.5675957430963218f,-0.8094564875357104f,0.26981680825900656f,0f,0f,0f,1f],start_interpolation:0}
execute if entity @s[tag=aj.animal_alpha.bone.left_down_arm] run data modify entity @s {} merge value {transformation:[-0.8528685319524433f,-0.33961017714275626f,0.39658567143348733f,0.5812290201653152f,-0.4999999999999999f,0.7499999999999999f,-0.4330127018922193f,-0.481036485590351f,-0.15038373318043538f,-0.5675957430963218f,-0.8094564875357104f,-0.04945579723267446f,0f,0f,0f,1f],start_interpolation:0}
execute if entity @s[tag=aj.animal_alpha.bone.left_upper_arm] run data modify entity @s {} merge value {transformation:[-0.8528685319524433f,-0.5220994638130463f,-0.0052361332501976166f,0.24620193825305203f,-0.4999999999999999f,0.8137976813493737f,0.2961981327260238f,-0.1875f,-0.15038373318043538f,0.25523613325019767f,-0.9551121657052657f,0.043412044416732604f,0f,0f,0f,1f],start_interpolation:0}
execute if entity @s[tag=aj.animal_alpha.bone.bone7] run data modify entity @s {} merge value {transformation:[-0.8528685319524433f,0.5206391492843098f,-0.03937186098972911f,-0.808807511434549f,0.4999999999999999f,0.792682993292951f,-0.34878886470775905f,-0.9051213652734009f,-0.15038373318043538f,-0.3171569774995304f,-0.9363739554355824f,-0.06989159300166076f,0f,0f,0f,1f],start_interpolation:0}
execute if entity @s[tag=aj.animal_alpha.bone.left_down_arm2] run data modify entity @s {} merge value {transformation:[-0.8528685319524433f,0.5206391492843098f,-0.03937186098972911f,-0.5184087312739829f,0.4999999999999999f,0.792682993292951f,-0.34878886470775905f,-0.481036485590351f,-0.15038373318043538f,-0.3171569774995304f,-0.9363739554355824f,-0.3068157650598705f,0f,0f,0f,1f],start_interpolation:0}
execute if entity @s[tag=aj.animal_alpha.bone.left_upper_arm2] run data modify entity @s {} merge value {transformation:[-0.8528685319524433f,0.40331711458527686f,0.3315879555832675f,-0.23534892714886885f,0.4999999999999999f,0.8137976813493737f,0.2961981327260238f,-0.1875f,-0.15038373318043538f,0.4184120444167325f,-0.895720991091381f,-0.10496252897999561f,0f,0f,0f,1f],start_interpolation:0}
execute if entity @s[tag=aj.animal_alpha.bone.upperbody] run data modify entity @s {} merge value {transformation:[-0.984807753012208f,0f,0.17364817766693044f,-0.17379844258560584f,0f,1f,0f,-0.4375f,-0.17364817766693044f,0f,-0.984807753012208f,-0.09410951787581245f,0f,0f,0f,1f],start_interpolation:0}
execute if entity @s[tag=aj.animal_alpha.bone.downbody] run data modify entity @s {} merge value {transformation:[-0.984807753012208f,0f,0.17364817766693044f,0f,0f,1f,0f,-0.9375f,-0.17364817766693044f,0f,-0.984807753012208f,0f,0f,0f,0f,1f],start_interpolation:0}