execute if entity @s[tag=aj.animal_alpha.bone.bone4] run data modify entity @s {} merge value {transformation:[-0.9238795325112867f,-0.3569657157197093f,-0.13792058297238258f,0.3408777716357657f,-0.3826834323650897f,0.8617914721927409f,0.33296974194233026f,-1.4024250440979475f,-1.2702039903658448e-16f,0.36040385161174937f,-0.9327963677799225f,0.2690694355051845f,0f,0f,0f,1f],start_interpolation:0}
execute if entity @s[tag=aj.animal_alpha.bone.bone] run data modify entity @s {} merge value {transformation:[-0.9238795325112867f,-0.3454044346172251f,0.1647494641978579f,0.125f,-0.3826834323650897f,0.8338800705567161f,-0.397740390860169f,-0.88125f,-1.2702039903658448e-16f,-0.4305110968082952f,-0.9025852843498606f,1.5308084989341915e-17f,0f,0f,0f,1f],start_interpolation:0}
execute if entity @s[tag=aj.animal_alpha.bone.bone5] run data modify entity @s {} merge value {transformation:[-0.8433914458128857f,0.5232637195436993f,0.12200798719322917f,-0.42184786483106734f,0.5372996083468239f,0.8213595135965962f,0.19151417779034702f,-1.3472078120234485f,-7.553008783867198e-17f,0.22707626303437306f,-0.9738769792773337f,0.2922150963922927f,0f,0f,0f,1f],start_interpolation:0}
execute if entity @s[tag=aj.animal_alpha.bone.bone2] run data modify entity @s {} merge value {transformation:[-0.8433914458128857f,0.4749565837297078f,-0.25121129095137307f,-0.125f,0.5372996083468239f,0.7455324992375179f,-0.394322740215436f,-0.88125f,-7.553008783867198e-17f,-0.4675441542276683f,-0.8839697188521416f,-1.5308084989341915e-17f,0f,0f,0f,1f],start_interpolation:0}
execute if entity @s[tag=aj.animal_alpha.bone.head] run data modify entity @s {} merge value {transformation:[-0.9990482215818578f,0f,0.04361938736533612f,0f,0f,1f,0f,-0.006249999999999978f,-0.04361938736533612f,0f,-0.9990482215818578f,0f,0f,0f,0f,1f],start_interpolation:0}
execute if entity @s[tag=aj.animal_alpha.bone.bone6] run data modify entity @s {} merge value {transformation:[-0.8658935039207541f,-0.4677830615314583f,0.17722146374549258f,0.8294645073610318f,-0.4999999999999999f,0.8200655477516497f,-0.2783747427314245f,-0.886073356200654f,-0.015114227331858696f,-0.32965361325949794f,-0.9439809613530977f,0.045658992321499114f,0f,0f,0f,1f],start_interpolation:0}
execute if entity @s[tag=aj.animal_alpha.bone.left_down_arm] run data modify entity @s {} merge value {transformation:[-0.8658935039207541f,-0.4677830615314583f,0.17722146374549258f,0.5663365352495865f,-0.4999999999999999f,0.8200655477516497f,-0.2783747427314245f,-0.424786485590351f,-0.015114227331858696f,-0.32965361325949794f,-0.9439809613530977f,-0.13977116513696847f,0f,0f,0f,1f],start_interpolation:0}
execute if entity @s[tag=aj.animal_alpha.bone.left_upper_arm] run data modify entity @s {} merge value {transformation:[-0.8658935039207541f,-0.47574382507518714f,-0.1545841284565423f,0.24996192378909785f,-0.4999999999999999f,0.8137976813493737f,0.2961981327260238f,-0.13124999999999998f,-0.015114227331858696f,0.3337681032291925f,-0.9425340383237882f,0.004363101609320907f,0f,0f,0f,1f],start_interpolation:0}
execute if entity @s[tag=aj.animal_alpha.bone.bone7] run data modify entity @s {} merge value {transformation:[-0.8658935039207541f,0.4247922309924589f,-0.26415904367688897f,-0.7824585093185334f,0.4999999999999999f,0.7190224137724515f,-0.4827077464603584f,-0.7990673591835826f,-0.015114227331858696f,-0.5500530237906953f,-0.8349929527552157f,0.13965052411808626f,0f,0f,0f,1f],start_interpolation:0}
execute if entity @s[tag=aj.animal_alpha.bone.left_down_arm2] run data modify entity @s {} merge value {transformation:[-0.8658935039207541f,0.4247922309924589f,-0.26415904367688897f,-0.5600228196150809f,0.4999999999999999f,0.7190224137724515f,-0.4827077464603584f,-0.424786485590351f,-0.015114227331858696f,-0.5500530237906953f,-0.8349929527552157f,-0.22194136131138087f,0f,0f,0f,1f],start_interpolation:0}
execute if entity @s[tag=aj.animal_alpha.bone.left_upper_arm2] run data modify entity @s {} merge value {transformation:[-0.8658935039207541f,0.46380567597307204f,0.18738392354468614f,-0.2488711483867676f,0.4999999999999999f,0.8137976813493737f,0.2961981327260238f,-0.13124999999999998f,-0.015114227331858696f,0.3501680007732644f,-0.9365649637727306f,-0.06685358255659536f,0f,0f,0f,1f],start_interpolation:0}
execute if entity @s[tag=aj.animal_alpha.bone.upperbody] run data modify entity @s {} merge value {transformation:[-0.9998476951563913f,0f,0.017452406437283633f,-0.18638066743949314f,0f,1f,0f,-0.38125f,-0.017452406437283633f,0f,-0.9998476951563913f,-0.06576280715426513f,0f,0f,0f,1f],start_interpolation:0}
execute if entity @s[tag=aj.animal_alpha.bone.downbody] run data modify entity @s {} merge value {transformation:[-0.9998476951563913f,0f,0.017452406437283633f,0f,0f,1f,0f,-0.88125f,-0.017452406437283633f,0f,-0.9998476951563913f,0f,0f,0f,0f,1f],start_interpolation:0}