execute if entity @s[tag=aj.animal_alpha.bone.bone4] run data modify entity @s {} merge value {transformation:[-0.9238795325112867f,-0.3105759170365744f,-0.22358266740428934f,0.32783372265488797f,-0.3826834323650897f,0.749796591056159f,0.5397763079589885f,-1.5146839241400534f,-1.2702039903658448e-16f,0.5842496656374344f,-0.8115739819650123f,0.33119954014575304f,0f,0f,0f,1f],start_interpolation:0}
execute if entity @s[tag=aj.animal_alpha.bone.bone] run data modify entity @s {} merge value {transformation:[-0.9238795325112867f,-0.3245339562478207f,0.2027913229131459f,0.125f,-0.3826834323650897f,0.7834942786240856f,-0.4895815621084984f,-1.025f,-1.2702039903658448e-16f,-0.5299192642332049f,-0.8480480961564261f,1.5308084989341915e-17f,0f,0f,0f,1f],start_interpolation:0}
execute if entity @s[tag=aj.animal_alpha.bone.bone5] run data modify entity @s {} merge value {transformation:[-0.8433914458128856f,0.5007674631418054f,0.19473781601982426f,-0.4074312076688547f,0.5372996083468239f,0.7860474643834063f,0.3056771411256772f,-1.4683281932056758f,-7.553008783867196e-17f,0.36243803828370164f,-0.9320078692827984f,0.33810904460499613f,0f,0f,0f,1f],start_interpolation:0}
execute if entity @s[tag=aj.animal_alpha.bone.bone2] run data modify entity @s {} merge value {transformation:[-0.8433914458128856f,0.45188993227016755f,-0.29066537159165307f,-0.125f,0.5372996083468239f,0.7093251091290813f,-0.45625324155491387f,-1.025f,-7.553008783867196e-17f,-0.5409744713679938f,-0.8410390129643925f,-1.5308084989341915e-17f,0f,0f,0f,1f],start_interpolation:0}
execute if entity @s[tag=aj.animal_alpha.bone.head] run data modify entity @s {} merge value {transformation:[-0.8191520442889918f,0f,0.573576436351046f,0f,0f,1f,0f,-0.1499999999999999f,-0.573576436351046f,0f,-0.8191520442889918f,0f,0f,0f,0f,1f],start_interpolation:0}
execute if entity @s[tag=aj.animal_alpha.bone.bone6] run data modify entity @s {} merge value {transformation:[-0.8403007481384851f,-0.25864916511858005f,0.47644019778075386f,0.728753192885018f,-0.4999999999999999f,0.7094064799162225f,-0.49673176489215387f,-0.9675776305432262f,-0.2095105073209991f,-0.655624172553404f,-0.725439378367181f,0.3599977585495198f,0f,0f,0f,1f],start_interpolation:0}
execute if entity @s[tag=aj.animal_alpha.bone.left_down_arm] run data modify entity @s {} merge value {transformation:[-0.8403007481384851f,-0.25864916511858005f,0.47644019778075386f,0.5832630375058168f,-0.4999999999999999f,0.7094064799162225f,-0.49673176489215387f,-0.568536485590351f,-0.2095105073209991f,-0.655624172553404f,-0.725439378367181f,-0.008790838511769913f,0f,0f,0f,1f],start_interpolation:0}
execute if entity @s[tag=aj.animal_alpha.bone.left_upper_arm] run data modify entity @s {} merge value {transformation:[-0.8403007481384851f,-0.5386320283874445f,0.061401878416946665f,0.2425739315689991f,-0.4999999999999999f,0.8137976813493737f,0.2961981327260238f,-0.2749999999999999f,-0.2095105073209991f,0.2181945733184268f,-0.9531508146649654f,0.060480473899916926f,0f,0f,0f,1f],start_interpolation:0}
execute if entity @s[tag=aj.animal_alpha.bone.bone7] run data modify entity @s {} merge value {transformation:[-0.8403007481384851f,0.5377821567190564f,0.06844709338242669f,-0.8025239342909195f,0.4999999999999999f,0.817605075094116f,-0.2855204741876576f,-1.0105943106940627f,-0.2095105073209991f,-0.2056995213775305f,-0.9559252346429361f,-0.16677943438848558f,0f,0f,0f,1f],start_interpolation:0}
execute if entity @s[tag=aj.animal_alpha.bone.left_down_arm2] run data modify entity @s {} merge value {transformation:[-0.8403007481384851f,0.5377821567190564f,0.06844709338242669f,-0.4957435278000486f,0.4999999999999999f,0.817605075094116f,-0.2855204741876576f,-0.568536485590351f,-0.2095105073209991f,-0.2056995213775305f,-0.9559252346429361f,-0.34223074232853f,0f,0f,0f,1f],start_interpolation:0}
execute if entity @s[tag=aj.animal_alpha.bone.left_upper_arm2] run data modify entity @s {} merge value {transformation:[-0.8403007481384851f,0.37314770557421284f,0.39326256178614677f,-0.22745381309401988f,0.4999999999999999f,0.8137976813493737f,0.2961981327260238f,-0.2749999999999999f,-0.2095105073209991f,0.4455267934199734f,-0.8704086532583497f,-0.12112395679216673f,0f,0f,0f,1f],start_interpolation:0}
execute if entity @s[tag=aj.animal_alpha.bone.upperbody] run data modify entity @s {} merge value {transformation:[-0.9702957262759965f,0f,0.24192189559966776f,-0.1668103302017701f,0f,1f,0f,-0.5249999999999999f,-0.24192189559966776f,0f,-0.9702957262759965f,-0.10600383831718749f,0f,0f,0f,1f],start_interpolation:0}
execute if entity @s[tag=aj.animal_alpha.bone.downbody] run data modify entity @s {} merge value {transformation:[-0.9702957262759965f,0f,0.24192189559966776f,0f,0f,1f,0f,-1.025f,-0.24192189559966776f,0f,-0.9702957262759965f,0f,0f,0f,0f,1f],start_interpolation:0}