execute if entity @s[tag=aj.animal_alpha.bone.bone4] run data modify entity @s {} merge value {transformation:[-0.9238795325112867f,-0.3105759170365744f,-0.22358266740428934f,0.32783372265488797f,-0.3826834323650897f,0.749796591056159f,0.5397763079589885f,-1.4521839241400536f,-1.2702039903658448e-16f,0.5842496656374344f,-0.8115739819650123f,0.33119954014575304f,0f,0f,0f,1f],start_interpolation:0}
execute if entity @s[tag=aj.animal_alpha.bone.bone] run data modify entity @s {} merge value {transformation:[-0.9238795325112867f,-0.3245339562478207f,0.2027913229131459f,0.125f,-0.3826834323650897f,0.7834942786240856f,-0.4895815621084984f,-0.9625f,-1.2702039903658448e-16f,-0.5299192642332049f,-0.8480480961564261f,1.5308084989341915e-17f,0f,0f,0f,1f],start_interpolation:0}
execute if entity @s[tag=aj.animal_alpha.bone.bone5] run data modify entity @s {} merge value {transformation:[-0.8433914458128856f,0.5007674631418054f,0.19473781601982426f,-0.4074312076688547f,0.5372996083468239f,0.7860474643834063f,0.3056771411256772f,-1.405828193205676f,-7.553008783867196e-17f,0.36243803828370164f,-0.9320078692827984f,0.33810904460499613f,0f,0f,0f,1f],start_interpolation:0}
execute if entity @s[tag=aj.animal_alpha.bone.bone2] run data modify entity @s {} merge value {transformation:[-0.8433914458128856f,0.45188993227016755f,-0.29066537159165307f,-0.125f,0.5372996083468239f,0.7093251091290813f,-0.45625324155491387f,-0.9625f,-7.553008783867196e-17f,-0.5409744713679938f,-0.8410390129643925f,-1.5308084989341915e-17f,0f,0f,0f,1f],start_interpolation:0}
execute if entity @s[tag=aj.animal_alpha.bone.head] run data modify entity @s {} merge value {transformation:[-0.9678556547145996f,0f,-0.2515063252424752f,0f,0f,1f,0f,-0.08750000000000002f,0.2515063252424752f,0f,-0.9678556547145996f,0f,0f,0f,0f,1f],start_interpolation:0}
execute if entity @s[tag=aj.animal_alpha.bone.bone6] run data modify entity @s {} merge value {transformation:[-0.8595701817498667f,-0.4764244882748465f,0.1848210204997035f,0.8093613751970881f,-0.4999999999999999f,0.7094064799162225f,-0.49673176489215387f,-0.9050776305432262f,0.10554194733138715f,-0.5193863236791326f,-0.8479969010135437f,0.07492507350590291f,0f,0f,0f,1f],start_interpolation:0}
execute if entity @s[tag=aj.animal_alpha.bone.left_down_arm] run data modify entity @s {} merge value {transformation:[-0.8595701817498667f,-0.4764244882748465f,0.1848210204997035f,0.5413726005424869f,-0.4999999999999999f,0.7094064799162225f,-0.49673176489215387f,-0.506036485590351f,0.10554194733138715f,-0.5193863236791326f,-0.8479969010135437f,-0.21722973356360917f,0f,0f,0f,1f],start_interpolation:0}
execute if entity @s[tag=aj.animal_alpha.bone.left_upper_arm] run data modify entity @s {} merge value {transformation:[-0.8595701817498667f,-0.42466237694496706f,-0.2842551112186937f,0.24813653791033052f,-0.4999999999999999f,0.8137976813493737f,0.2961981327260238f,-0.21250000000000002f,0.10554194733138715f,0.39673063839062617f,-0.9118474093375848f,-0.030467335851286838f,0f,0f,0f,1f],start_interpolation:0}
execute if entity @s[tag=aj.animal_alpha.bone.bone7] run data modify entity @s {} merge value {transformation:[-0.8595701817498667f,0.4283467795338465f,-0.27867209962513934f,-0.8089890407776554f,0.4999999999999999f,0.817605075094116f,-0.2855204741876576f,-0.9480943106940626f,0.10554194733138715f,-0.38476093570336256f,-0.9169623327651859f,0.13189684130549953f,0f,0f,0f,1f],start_interpolation:0}
execute if entity @s[tag=aj.animal_alpha.bone.left_down_arm2] run data modify entity @s {} merge value {transformation:[-0.8595701817498667f,0.4283467795338465f,-0.27867209962513934f,-0.585460983516438f,0.4999999999999999f,0.817605075094116f,-0.2855204741876576f,-0.506036485590351f,0.10554194733138715f,-0.38476093570336256f,-0.9169623327651859f,-0.14184133082546604f,0f,0f,0f,1f],start_interpolation:0}
execute if entity @s[tag=aj.animal_alpha.bone.left_upper_arm2] run data modify entity @s {} merge value {transformation:[-0.8595701817498667f,0.5080259175418343f,0.05521566582301214f,-0.25575337187315217f,0.4999999999999999f,0.8137976813493737f,0.2961981327260238f,-0.21250000000000002f,0.10554194733138715f,0.28221091569278545f,-0.9535291796360184f,-0.03156679862629579f,0f,0f,0f,1f],start_interpolation:0}
execute if entity @s[tag=aj.animal_alpha.bone.upperbody] run data modify entity @s {} merge value {transformation:[-0.992546151641322f,0f,-0.12186934340514734f,-0.19371923739556957f,0f,1f,0f,-0.4625f,0.12186934340514734f,0f,-0.992546151641322f,-0.0391836325891175f,0f,0f,0f,1f],start_interpolation:0}
execute if entity @s[tag=aj.animal_alpha.bone.downbody] run data modify entity @s {} merge value {transformation:[-0.992546151641322f,0f,-0.12186934340514734f,0f,0f,1f,0f,-0.9625f,0.12186934340514734f,0f,-0.992546151641322f,0f,0f,0f,0f,1f],start_interpolation:0}