execute if entity @s[tag=aj.animal_alpha.bone.bone4] run data modify entity @s {} merge value {transformation:[-0.9238795325112867f,-0.2821438218554907f,-0.25853717952260424f,0.3209224474608695f,-0.3826834323650897f,0.681155441263304f,0.6241639651811592f,-1.5354986298333615f,-1.1314261122877003e-16f,0.6755902076156601f,-0.7372773368101241f,0.3584852727194038f,0f,0f,0f,1f],start_interpolation:0}
execute if entity @s[tag=aj.animal_alpha.bone.bone] run data modify entity @s {} merge value {transformation:[-0.9238795325112867f,-0.31347591593739127f,0.21949819938655485f,0.125f,-0.3826834323650897f,0.7567978077333786f,-0.5299155298754943f,-1.0625f,-1.1314261122877003e-16f,-0.573576436351046f,-0.8191520442889918f,1.5308084989341915e-17f,0f,0f,0f,1f],start_interpolation:0}
execute if entity @s[tag=aj.animal_alpha.bone.bone5] run data modify entity @s {} merge value {transformation:[-0.8433914458128856f,0.4869588190164687f,0.22707262651349344f,-0.4000812953581097f,0.537299608346824f,0.7643722348603171f,0.35643262679641696f,-1.494291141858421f,-1.310412390699298e-16f,0.42261826174069933f,-0.90630778703665f,0.3584852727194038f,0f,0f,0f,1f],start_interpolation:0}
execute if entity @s[tag=aj.animal_alpha.bone.bone2] run data modify entity @s {} merge value {transformation:[-0.8433914458128856f,0.44013007257297554f,-0.3081823946083839f,-0.125f,0.537299608346824f,0.6908658269734738f,-0.48374945993831137f,-1.0625f,-1.310412390699298e-16f,-0.573576436351046f,-0.8191520442889918f,-1.5308084989341915e-17f,0f,0f,0f,1f],start_interpolation:0}
execute if entity @s[tag=aj.animal_alpha.bone.head] run data modify entity @s {} merge value {transformation:[-0.970995342430206f,0f,0.23909840020135448f,0f,0f,1f,0f,-0.1875f,-0.23909840020135448f,0f,-0.970995342430206f,0f,0f,0f,0f,1f],start_interpolation:0}
execute if entity @s[tag=aj.animal_alpha.bone.bone6] run data modify entity @s {} merge value {transformation:[-0.862729915662821f,-0.3083543206389362f,0.4007676453554129f,0.7481562168841576f,-0.4999999999999999f,0.6385009033121032f,-0.5850782823431648f,-0.9651932437034091f,-0.07547908730517344f,-0.7051483598597734f,-0.7050309907845539f,0.29672090246903027f,0f,0f,0f,1f],start_interpolation:0}
execute if entity @s[tag=aj.animal_alpha.bone.left_down_arm] run data modify entity @s {} merge value {transformation:[-0.862729915662821f,-0.3083543206389362f,0.4007676453554129f,0.574706911524756f,-0.4999999999999999f,0.6385009033121032f,-0.5850782823431648f,-0.6060364855903511f,-0.07547908730517344f,-0.7051483598597734f,-0.7050309907845539f,-0.0999250499520923f,0f,0f,0f,1f],start_interpolation:0}
execute if entity @s[tag=aj.animal_alpha.bone.left_upper_arm] run data modify entity @s {} merge value {transformation:[-0.862729915662821f,-0.4978674229576387f,-0.08845971839171554f,0.2490486745229364f,-0.4999999999999999f,0.8137976813493737f,0.2961981327260238f,-0.3125f,-0.07547908730517344f,0.29976884926206526f,-0.9510213164759639f,0.021788935686914576f,0f,0f,0f,1f],start_interpolation:0}
execute if entity @s[tag=aj.animal_alpha.bone.bone7] run data modify entity @s {} merge value {transformation:[-0.862729915662821f,0.505154408343301f,-0.02271819428897029f,-0.8259062529801404f,0.4999999999999999f,0.8454971437791755f,-0.18744220405569362f,-1.0699134912126564f,-0.07547908730517344f,-0.17307109404110704f,-0.9820128837174147f,-0.10173764479208941f,0f,0f,0f,1f],start_interpolation:0}
execute if entity @s[tag=aj.animal_alpha.bone.left_down_arm2] run data modify entity @s {} merge value {transformation:[-0.862729915662821f,0.505154408343301f,-0.02271819428897029f,-0.5431767854300942f,0.4999999999999999f,0.8454971437791755f,-0.18744220405569362f,-0.6060364855903511f,-0.07547908730517344f,-0.17307109404110704f,-0.9820128837174147f,-0.26046594042255056f,0f,0f,0f,1f],start_interpolation:0}
execute if entity @s[tag=aj.animal_alpha.bone.left_upper_arm2] run data modify entity @s {} merge value {transformation:[-0.862729915662821f,0.4382493837052203f,0.2522589350298945f,-0.24360144060120775f,0.4999999999999999f,0.8137976813493737f,0.2961981327260238f,-0.3125f,-0.07547908730517344f,0.38166845758115475f,-0.9212122968497546f,-0.08405110431764867f,0f,0f,0f,1f],start_interpolation:0}
execute if entity @s[tag=aj.animal_alpha.bone.upperbody] run data modify entity @s {} merge value {transformation:[-0.9961946980917455f,0f,0.0871557427476583f,-0.18133927197047367f,0f,1f,0f,-0.5625f,-0.0871557427476583f,0f,-0.9961946980917455f,-0.07860387039592003f,0f,0f,0f,1f],start_interpolation:0}
execute if entity @s[tag=aj.animal_alpha.bone.downbody] run data modify entity @s {} merge value {transformation:[-0.9961946980917455f,0f,0.0871557427476583f,0f,0f,1f,0f,-1.0625f,-0.0871557427476583f,0f,-0.9961946980917455f,0f,0f,0f,0f,1f],start_interpolation:0}