execute if entity @s[tag=aj.animal_alpha.bone.bone4] run data modify entity @s {} merge value {transformation:[-0.9238795325112867f,-0.3149058039038669f,-0.21744181767632817f,0.3289320404170989f,-0.3826834323650897f,0.7602498626547177f,0.5249509852612495f,-1.4485854977773784f,-9.926482342095557e-17f,0.5682028519825839f,-0.8228885216108303f,0.32656160294746805f,0f,0f,0f,1f],start_interpolation:0}
execute if entity @s[tag=aj.animal_alpha.bone.bone] run data modify entity @s {} merge value {transformation:[-0.9238795325112867f,-0.3262912646673582f,0.19995154415133243f,0.125f,-0.3826834323650897f,0.7877367964438053f,-0.4827257297075892f,-0.95625f,-9.926482342095557e-17f,-0.5224985647159489f,-0.8526401643540922f,1.5308084989341915e-17f,0f,0f,0f,1f],start_interpolation:0}
execute if entity @s[tag=aj.animal_alpha.bone.bone5] run data modify entity @s {} merge value {transformation:[-0.8433914458128857f,0.5028618878961822f,0.18926381278822887f,-0.40861415022884134f,0.5372996083468239f,0.7893350527127097f,0.2970846772039474f,-1.4014350410806453f,-1.0328566345430089e-16f,0.3522500479212336f,-0.9359059267573256f,0.33466146026693355f,0f,0f,0f,1f],start_interpolation:0}
execute if entity @s[tag=aj.animal_alpha.bone.bone2] run data modify entity @s {} merge value {transformation:[-0.8433914458128857f,0.4537826403661462f,-0.28770155444831924f,-0.125f,0.5372996083468239f,0.7122960657290325f,-0.45160098053180925f,-0.95625f,-1.0328566345430089e-16f,-0.5354583364270937f,-0.8445616436653569f,-1.5308084989341915e-17f,0f,0f,0f,1f],start_interpolation:0}
execute if entity @s[tag=aj.animal_alpha.bone.head] run data modify entity @s {} merge value {transformation:[-0.9438009515832295f,0f,-0.3305143927132231f,0f,0f,1f,0f,-0.08125000000000004f,0.3305143927132231f,0f,-0.9438009515832295f,0f,0f,0f,0f,1f],start_interpolation:0}
execute if entity @s[tag=aj.animal_alpha.bone.bone6] run data modify entity @s {} merge value {transformation:[-0.8553631939770864f,-0.49752675300988947f,0.1442946167698356f,0.8133204011795091f,-0.4999999999999999f,0.7200738067288024f,-0.48113793538141564f,-0.9048280018753023f,0.13547622075226856f,-0.4836949895363065f,-0.8646880077277324f,0.036087397247442254f,0f,0f,0f,1f],start_interpolation:0}
execute if entity @s[tag=aj.animal_alpha.bone.left_down_arm] run data modify entity @s {} merge value {transformation:[-0.8553631939770864f,-0.49752675300988947f,0.1442946167698356f,0.5334616026114463f,-0.4999999999999999f,0.7200738067288024f,-0.48113793538141564f,-0.49978648559035105f,0.13547622075226856f,-0.4836949895363065f,-0.8646880077277324f,-0.2359910343667302f,0f,0f,0f,1f],start_interpolation:0}
execute if entity @s[tag=aj.animal_alpha.bone.left_upper_arm] run data modify entity @s {} merge value {transformation:[-0.8553631939770864f,-0.4105579844926308f,-0.3159049663406165f,0.24692208514878444f,-0.4999999999999999f,0.8137976813493737f,0.2961981327260238f,-0.20625000000000004f,0.13547622075226856f,0.4113094640288889f,-0.9013715762164629f,-0.03910861626005771f,0f,0f,0f,1f],start_interpolation:0}
execute if entity @s[tag=aj.animal_alpha.bone.bone7] run data modify entity @s {} merge value {transformation:[-0.8553631939770864f,0.4084816126155468f,-0.31858527672244946f,-0.7999138548624201f,0.4999999999999999f,0.8118416527525665f,-0.3015180439973393f,-0.9376025375138359f,0.13547622075226856f,-0.4172000755165126f,-0.8986602754098453f,0.169518678435677f,0f,0f,0f,1f],start_interpolation:0}
execute if entity @s[tag=aj.animal_alpha.bone.left_down_arm2] run data modify entity @s {} merge value {transformation:[-0.8553631939770864f,0.4084816126155468f,-0.31858527672244946f,-0.590054527561328f,0.4999999999999999f,0.8118416527525665f,-0.3015180439973393f,-0.49978648559035105f,0.13547622075226856f,-0.4172000755165126f,-0.8986602754098453f,-0.12132263125547668f,0f,0f,0f,1f],start_interpolation:0}
execute if entity @s[tag=aj.animal_alpha.bone.left_upper_arm2] run data modify entity @s {} merge value {transformation:[-0.8553631939770864f,0.5175654608008989f,0.021904341470824373f,-0.2566992392137989f,0.4999999999999999f,0.8137976813493737f,0.2961981327260238f,-0.20625000000000004f,0.13547622075226856f,0.2643091515939928f,-0.954875314370597f,-0.022621905027138407f,0f,0f,0f,1f],start_interpolation:0}
execute if entity @s[tag=aj.animal_alpha.bone.upperbody] run data modify entity @s {} merge value {transformation:[-0.9876883405951378f,0f,-0.1564344650402308f,-0.19496871792660275f,0f,1f,0f,-0.45625000000000004f,0.1564344650402308f,0f,-0.9876883405951378f,-0.032399059092152835f,0f,0f,0f,1f],start_interpolation:0}
execute if entity @s[tag=aj.animal_alpha.bone.downbody] run data modify entity @s {} merge value {transformation:[-0.9876883405951378f,0f,-0.1564344650402308f,0f,0f,1f,0f,-0.95625f,0.1564344650402308f,0f,-0.9876883405951378f,0f,0f,0f,0f,1f],start_interpolation:0}