execute if entity @s[tag=aj.animal_alpha.bone.bone4] run data modify entity @s {} merge value {transformation:[-0.9238795325112867f,-0.3231997486417607f,-0.20491103407242106f,0.3310820028397585f,-0.3826834323650897f,0.7802732165265139f,0.49469899753753455f,-1.503775966216756f,-1.1314261122877003e-16f,0.5354583364270935f,-0.8445616436653569f,0.31721147685044015f,0f,0f,0f,1f],start_interpolation:0}
execute if entity @s[tag=aj.animal_alpha.bone.bone] run data modify entity @s {} merge value {transformation:[-0.9238795325112867f,-0.32973120454361365f,0.1942265227947611f,0.125f,-0.3826834323650897f,0.7960415459468093f,-0.4689043055036792f,-1.00625f,-1.1314261122877003e-16f,-0.5075383629607042f,-0.8616291604415257f,1.5308084989341915e-17f,0f,0f,0f,1f],start_interpolation:0}
execute if entity @s[tag=aj.animal_alpha.bone.bone5] run data modify entity @s {} merge value {transformation:[-0.8433914458128856f,0.5068709887014953f,0.17824889885331457f,-0.41094353793715516f,0.537299608346824f,0.7956280804240193f,0.2797947256671218f,-1.4550914473699001f,-1.0328566345430088e-16f,0.3317495417533521f,-0.9433675007898252f,0.3277234325385903f,0f,0f,0f,1f],start_interpolation:0}
execute if entity @s[tag=aj.animal_alpha.bone.bone2] run data modify entity @s {} merge value {transformation:[-0.8433914458128856f,0.45750966069944826f,-0.2817370751184981f,-0.125f,0.537299608346824f,0.7181463157918402f,-0.44223862335277353f,-1.00625f,-1.0328566345430088e-16f,-0.5243574920617445f,-0.851498221089579f,-1.5308084989341915e-17f,0f,0f,0f,1f],start_interpolation:0}
execute if entity @s[tag=aj.animal_alpha.bone.head] run data modify entity @s {} merge value {transformation:[-0.8870108331782216f,0f,0.4617486132350341f,0f,0f,1f,0f,-0.1312500000000001f,-0.4617486132350341f,0f,-0.8870108331782216f,0f,0f,0f,0f,1f],start_interpolation:0}
execute if entity @s[tag=aj.animal_alpha.bone.bone6] run data modify entity @s {} merge value {transformation:[-0.8501140779110444f,-0.3206157616345029f,0.4177458413066278f,0.7623499847636904f,-0.4999999999999999f,0.7403753979996484f,-0.4492708203710344f,-0.9662476469651533f,-0.1652454372666754f,-0.5908043698453744f,-0.789711429595745f,0.2930230382558809f,0f,0f,0f,1f],start_interpolation:0}
execute if entity @s[tag=aj.animal_alpha.bone.left_down_arm] run data modify entity @s {} merge value {transformation:[-0.8501140779110444f,-0.3206157616345029f,0.4177458413066278f,0.5820036188442825f,-0.4999999999999999f,0.7403753979996484f,-0.4492708203710344f,-0.5497864855903511f,-0.1652454372666754f,-0.5908043698453744f,-0.789711429595745f,-0.03930441978214223f,0f,0f,0f,1f],start_interpolation:0}
execute if entity @s[tag=aj.animal_alpha.bone.left_upper_arm] run data modify entity @s {} merge value {transformation:[-0.8501140779110444f,-0.5264744302708252f,0.011433669947340519f,0.24540679586191597f,-0.4999999999999999f,0.8137976813493737f,0.2961981327260238f,-0.2562500000000001f,-0.1652454372666754f,0.24608536750768661f,-0.9550580806218815f,0.047702248844136236f,0f,0f,0f,1f],start_interpolation:0}
execute if entity @s[tag=aj.animal_alpha.bone.bone7] run data modify entity @s {} merge value {transformation:[-0.8501140779110444f,0.5264456399655728f,-0.012690259993125896f,-0.8083076329111143f,0.4999999999999999f,0.7993782094046523f,-0.33315833822525265f,-0.9786143322413898f,-0.1652454372666754f,-0.28956772349529947f,-0.9427854893730042f,-0.09401057785966768f,0f,0f,0f,1f],start_interpolation:0}
execute if entity @s[tag=aj.animal_alpha.bone.left_down_arm2] run data modify entity @s {} merge value {transformation:[-0.8501140779110444f,0.5264456399655728f,-0.012690259993125896f,-0.5129751016800499f,0.4999999999999999f,0.7993782094046523f,-0.33315833822525265f,-0.5497864855903511f,-0.1652454372666754f,-0.28956772349529947f,-0.9427854893730042f,-0.3158165154115864f,0f,0f,0f,1f],start_interpolation:0}
execute if entity @s[tag=aj.animal_alpha.bone.left_upper_arm2] run data modify entity @s {} merge value {transformation:[-0.8501140779110444f,0.39595339037779964f,0.347169939922483f,-0.23348123365088197f,0.4999999999999999f,0.8137976813493737f,0.2961981327260238f,-0.2562500000000001f,-0.1652454372666754f,0.4253871724425984f,-0.8897975606753686f,-0.10905394780961522f,0f,0f,0f,1f],start_interpolation:0}
execute if entity @s[tag=aj.animal_alpha.bone.upperbody] run data modify entity @s {} merge value {transformation:[-0.981627183447664f,0f,0.19080899537654492f,-0.17212953468540296f,0f,1f,0f,-0.5062500000000001f,-0.19080899537654492f,0f,-0.981627183447664f,-0.09712838559858117f,0f,0f,0f,1f],start_interpolation:0}
execute if entity @s[tag=aj.animal_alpha.bone.downbody] run data modify entity @s {} merge value {transformation:[-0.981627183447664f,0f,0.19080899537654492f,0f,0f,1f,0f,-1.00625f,-0.19080899537654492f,0f,-0.981627183447664f,0f,0f,0f,0f,1f],start_interpolation:0}