execute if entity @s[tag=aj.animal_alpha.bone.bone4] run data modify entity @s {} merge value {transformation:[-0.9238795325112867f,-0.3061262972411814f,-0.22963732175787552f,0.32671995831939415f,-0.3826834323650897f,0.7390542585987174f,0.5543935366148975f,-1.5182450591760168f,-1.1314261122877003e-16f,0.600071239924481f,-0.7999465651001297f,0.33581225521676494f,0f,0f,0f,1f],start_interpolation:0}
execute if entity @s[tag=aj.animal_alpha.bone.bone] run data modify entity @s {} merge value {transformation:[-0.9238795325112867f,-0.32275193331103064f,0.2056156583305811f,0.125f,-0.3826834323650897f,0.7791920946816271f,-0.4964001109779611f,-1.03125f,-1.1314261122877003e-16f,-0.5372996083468239f,-0.8433914458128857f,1.5308084989341915e-17f,0f,0f,0f,1f],start_interpolation:0}
execute if entity @s[tag=aj.animal_alpha.bone.bone5] run data modify entity @s {} merge value {transformation:[-0.8433914458128856f,0.49861345206713936f,0.20018864739874961f,-0.40623616669593554f,0.5372996083468239f,0.7826663442665518f,0.31423323252447566f,-1.4727023546264202f,-1.310412390699298e-16f,0.3725829021441028f,-0.9279989121921847f,0.34154214547690215f,0f,0f,0f,1f],start_interpolation:0}
execute if entity @s[tag=aj.animal_alpha.bone.bone2] run data modify entity @s {} merge value {transformation:[-0.8433914458128856f,0.4499778667134969f,-0.29361673759787743f,-0.125f,0.5372996083468239f,0.7063237674022722f,-0.46088595820767914f,-1.03125f,-1.310412390699298e-16f,-0.5464674327630434f,-0.8374803549513079f,-1.5308084989341915e-17f,0f,0f,0f,1f],start_interpolation:0}
execute if entity @s[tag=aj.animal_alpha.bone.head] run data modify entity @s {} merge value {transformation:[-0.7933533402912352f,0f,0.6087614290087207f,0f,0f,1f,0f,-0.15625f,-0.6087614290087207f,0f,-0.7933533402912352f,0f,0f,0f,0f,1f],start_interpolation:0}
execute if entity @s[tag=aj.animal_alpha.bone.bone6] run data modify entity @s {} merge value {transformation:[-0.8365163037378079f,-0.2364406368173445f,0.49430385274873595f,0.7163254832164948f,-0.4999999999999999f,0.6984015140405284f,-0.5120891769857059f,-0.9676373372381483f,-0.22414386804201347f,-0.6755228718905869f,-0.702444571458744f,0.38137145940436606f,0f,0f,0f,1f],start_interpolation:0}
execute if entity @s[tag=aj.animal_alpha.bone.left_down_arm] run data modify entity @s {} merge value {transformation:[-0.8365163037378079f,-0.2364406368173445f,0.49430385274873595f,0.5833276250067385f,-0.4999999999999999f,0.6984015140405284f,-0.5120891769857059f,-0.5747864855903511f,-0.22414386804201347f,-0.6755228718905869f,-0.702444571458744f,0.0013898439659109224f,0f,0f,0f,1f],start_interpolation:0}
execute if entity @s[tag=aj.animal_alpha.bone.left_upper_arm] run data modify entity @s {} merge value {transformation:[-0.8365163037378079f,-0.5423580124965611f,0.07802730202701802f,0.24148145657226705f,-0.4999999999999999f,0.8137976813493737f,0.2961981327260238f,-0.28125f,-0.22414386804201347f,0.2087609161485051f,-0.9519340346410572f,0.06470476127563021f,0f,0f,0f,1f],start_interpolation:0}
execute if entity @s[tag=aj.animal_alpha.bone.bone7] run data modify entity @s {} merge value {transformation:[-0.8365163037378079f,0.5395146454669953f,0.09573098196225621f,-0.799155448096952f,0.4999999999999999f,0.8230532951153928f,-0.26941283080004574f,-1.0209156621677566f,-0.22414386804201347f,-0.17750273441926562f,-0.9582548229426493f,-0.19109432191990827f,0f,0f,0f,1f],start_interpolation:0}
execute if entity @s[tag=aj.animal_alpha.bone.left_down_arm2] run data modify entity @s {} merge value {transformation:[-0.8365163037378079f,0.5395146454669953f,0.09573098196225621f,-0.48969527364912624f,0.4999999999999999f,0.8230532951153928f,-0.26941283080004574f,-0.5747864855903511f,-0.22414386804201347f,-0.17750273441926562f,-0.9582548229426493f,-0.3508305364646608f,0f,0f,0f,1f],start_interpolation:0}
execute if entity @s[tag=aj.animal_alpha.bone.left_upper_arm2] run data modify entity @s {} merge value {transformation:[-0.8365163037378079f,0.3653153586938074f,0.4083933915763701f,-0.22530526625335953f,0.4999999999999999f,0.8137976813493737f,0.2961981327260238f,-0.28125f,-0.22414386804201347f,0.45197126295019907f,-0.8634127077396803f,-0.12507512541869698f,0f,0f,0f,1f],start_interpolation:0}
execute if entity @s[tag=aj.animal_alpha.bone.upperbody] run data modify entity @s {} merge value {transformation:[-0.9659258262890683f,0f,0.25881904510252085f,-0.16493490211029277f,0f,1f,0f,-0.53125f,-0.25881904510252085f,0f,-0.9659258262890683f,-0.10889893509978943f,0f,0f,0f,1f],start_interpolation:0}
execute if entity @s[tag=aj.animal_alpha.bone.downbody] run data modify entity @s {} merge value {transformation:[-0.9659258262890683f,0f,0.25881904510252085f,0f,0f,1f,0f,-1.03125f,-0.25881904510252085f,0f,-0.9659258262890683f,0f,0f,0f,0f,1f],start_interpolation:0}