execute if entity @s[tag=aj.animal_alpha.bone.bone4] run data modify entity @s {} merge value {transformation:[-0.9238795325112867f,-0.3015586599308214f,-0.2356034465525778f,0.3255908322280837f,-0.38268343236508967f,0.728027006656045f,0.5687970360090784f,-1.459269107652746f,-1.1314261122877003e-16f,0.6156614753256583f,-0.788010753606722f,0.3403993968843919f,0f,0f,0f,1f],start_interpolation:0}
execute if entity @s[tag=aj.animal_alpha.bone.bone] run data modify entity @s {} merge value {transformation:[-0.9238795325112867f,-0.320945331564934f,0.20842433531956098f,0.125f,-0.38268343236508967f,0.7748305722443937f,-0.5031808570570816f,-0.975f,-1.1314261122877003e-16f,-0.5446390350150271f,-0.838670567945424f,1.5308084989341915e-17f,0f,0f,0f,1f],start_interpolation:0}
execute if entity @s[tag=aj.animal_alpha.bone.bone5] run data modify entity @s {} merge value {transformation:[-0.8433914458128857f,0.4964001109779611f,0.20561565833058115f,-0.40502907850166175f,0.5372996083468239f,0.7791920946816272f,0.32275193331103075f,-1.4145576056975597f,-7.553008783867198e-17f,0.3826834323650898f,-0.923879532511287f,0.3449606158200364f,0f,0f,0f,1f],start_interpolation:0}
execute if entity @s[tag=aj.animal_alpha.bone.bone2] run data modify entity @s {} merge value {transformation:[-0.8433914458128857f,0.44804652560265884f,-0.29655552604029545f,-0.125f,0.5372996083468239f,0.7032921691160957f,-0.46549893203994225f,-0.975f,-7.553008783867198e-17f,-0.5519369853120583f,-0.8338858220671682f,-1.5308084989341915e-17f,0f,0f,0f,1f],start_interpolation:0}
execute if entity @s[tag=aj.animal_alpha.bone.head] run data modify entity @s {} merge value {transformation:[-0.8408816142890444f,0f,0.5412190968089088f,0f,0f,1f,0f,-0.09999999999999998f,-0.5412190968089088f,0f,-0.8408816142890444f,0f,0f,0f,0f,1f],start_interpolation:0}
execute if entity @s[tag=aj.animal_alpha.bone.bone6] run data modify entity @s {} merge value {transformation:[-0.843829228791103f,-0.24956834748918702f,0.4750451268767302f,0.7234029778961424f,-0.4999999999999999f,0.6870641468694499f,-0.527202862365669f,-0.9050100682044165f,-0.19481332766988096f,-0.6823917482048498f,-0.7045489829274586f,0.36487651515034686f,0f,0f,0f,1f],start_interpolation:0}
execute if entity @s[tag=aj.animal_alpha.bone.left_down_arm] run data modify entity @s {} merge value {transformation:[-0.843829228791103f,-0.24956834748918702f,0.4750451268767302f,0.5830207824334747f,-0.4999999999999999f,0.6870641468694499f,-0.527202862365669f,-0.5185364855903509f,-0.19481332766988096f,-0.6823917482048498f,-0.7045489829274586f,-0.01896884321488118f,0f,0f,0f,1f],start_interpolation:0}
execute if entity @s[tag=aj.animal_alpha.bone.left_upper_arm] run data modify entity @s {} merge value {transformation:[-0.843829228791103f,-0.5347419717446354f,0.04475775119989628f,0.24359251619630878f,-0.4999999999999999f,0.8137976813493737f,0.2961981327260238f,-0.22499999999999998f,-0.19481332766988096f,0.2275617663076173f,-0.9540772557173476f,0.05623776358596627f,0f,0f,0f,1f],start_interpolation:0}
execute if entity @s[tag=aj.animal_alpha.bone.bone7] run data modify entity @s {} merge value {transformation:[-0.843829228791103f,0.5316666867487584f,0.0726826446919061f,-0.8052459502594485f,0.4999999999999999f,0.8281842124238669f,-0.2532013236376528f,-0.9685650223514228f,-0.19481332766988096f,-0.177317355308094f,-0.9646793886409779f,-0.17349322724215832f,0f,0f,0f,1f],start_interpolation:0}
execute if entity @s[tag=aj.animal_alpha.bone.left_down_arm2] run data modify entity @s {} merge value {transformation:[-0.843829228791103f,0.5316666867487584f,0.0726826446919061f,-0.5016407736700277f,0.4999999999999999f,0.8281842124238669f,-0.2532013236376528f,-0.5185364855903509f,-0.19481332766988096f,-0.177317355308094f,-0.9646793886409779f,-0.3335267013930223f,0f,0f,0f,1f],start_interpolation:0}
execute if entity @s[tag=aj.animal_alpha.bone.left_upper_arm2] run data modify entity @s {} merge value {transformation:[-0.843829228791103f,0.3808663880487374f,0.3780119404099835f,-0.22953307529981726f,0.4999999999999999f,0.8137976813493737f,0.2961981327260238f,-0.22499999999999998f,-0.19481332766988096f,0.43894661211255714f,-0.8771394638693986f,-0.11713589263504347f,0f,0f,0f,1f],start_interpolation:0}
execute if entity @s[tag=aj.animal_alpha.bone.upperbody] run data modify entity @s {} merge value {transformation:[-0.9743700647852352f,0f,0.22495105434386506f,-0.16863494625074005f,0f,1f,0f,-0.475f,-0.22495105434386506f,0f,-0.9743700647852352f,-0.1030764517385519f,0f,0f,0f,1f],start_interpolation:0}
execute if entity @s[tag=aj.animal_alpha.bone.downbody] run data modify entity @s {} merge value {transformation:[-0.9743700647852352f,0f,0.22495105434386506f,0f,0f,1f,0f,-0.975f,-0.22495105434386506f,0f,-0.9743700647852352f,0f,0f,0f,0f,1f],start_interpolation:0}