execute if entity @s[tag=aj.animal_alpha.bone.bone4] run data modify entity @s {} merge value {transformation:[-0.9238795325112867f,-0.3541890168703575f,-0.14490255254872447f,0.33997099414192034f,-0.3826834323650897f,0.8550879281720101f,0.3498257075856109f,-1.4689858895742514f,-9.926482342095557e-17f,0.37864861735243294f,-0.9255405040175664f,0.2739819667431734f,0f,0f,0f,1f],start_interpolation:0}
execute if entity @s[tag=aj.animal_alpha.bone.bone] run data modify entity @s {} merge value {transformation:[-0.9238795325112867f,-0.3439535906270726f,0.16775737510306482f,0.125f,-0.3826834323650897f,0.8303774233188023f,-0.4050021301619295f,-0.95f,-9.926482342095557e-17f,-0.4383711467890774f,-0.898794046299167f,1.5308084989341915e-17f,0f,0f,0f,1f],start_interpolation:0}
execute if entity @s[tag=aj.animal_alpha.bone.bone5] run data modify entity @s {} merge value {transformation:[-0.8433914458128857f,0.5219017136814585f,0.1277085368564183f,-0.4208139053963114f,0.5372996083468239f,0.8192215926386875f,0.20046224837829713f,-1.4143348208113877f,-1.0328566345430089e-16f,0.23768589232617315f,-0.9713420698132613f,0.2958247919905271f,0f,0f,0f,1f],start_interpolation:0}
execute if entity @s[tag=aj.animal_alpha.bone.bone2] run data modify entity @s {} merge value {transformation:[-0.8433914458128857f,0.47330224863409825f,-0.2543144718012652f,-0.125f,0.5372996083468239f,0.7429357132982204f,-0.3991937584386989f,-0.95f,-1.0328566345430089e-16f,-0.4733196671848433f,-0.8808907382053855f,-1.5308084989341915e-17f,0f,0f,0f,1f],start_interpolation:0}
execute if entity @s[tag=aj.animal_alpha.bone.head] run data modify entity @s {} merge value {transformation:[-0.993170649538486f,0f,-0.11667073709933315f,0f,0f,1f,0f,-0.07499999999999996f,0.11667073709933315f,0f,-0.993170649538486f,0f,0f,0f,0f,1f],start_interpolation:0}
execute if entity @s[tag=aj.animal_alpha.bone.bone6] run data modify entity @s {} merge value {transformation:[-0.8648385460668959f,-0.4871023536091664f,0.12159599641973412f,0.8292020982077865f,-0.4999999999999999f,0.8137976813493737f,-0.2961981327260239f,-0.9512976813493736f,0.04532426763774009f,-0.31696156066437114f,-0.9473547803353867f,-0.0006454513813368978f,0f,0f,0f,1f],start_interpolation:0}
execute if entity @s[tag=aj.animal_alpha.bone.left_down_arm] run data modify entity @s {} merge value {transformation:[-0.8648385460668959f,-0.4871023536091664f,0.12159599641973412f,0.5552070243026304f,-0.4999999999999999f,0.8137976813493737f,-0.2961981327260239f,-0.49353648559035096f,0.04532426763774009f,-0.31696156066437114f,-0.9473547803353867f,-0.17893632925504566f,0f,0f,0f,1f],start_interpolation:0}
execute if entity @s[tag=aj.animal_alpha.bone.left_upper_arm] run data modify entity @s {} merge value {transformation:[-0.8648385460668959f,-0.4513024510985713f,-0.219955420186271f,0.24965738368864343f,-0.4999999999999999f,0.8137976813493737f,0.2961981327260238f,-0.19999999999999996f,0.04532426763774009f,0.36614127254763934f,-0.9294548290800891f,-0.013083989060735941f,0f,0f,0f,1f],start_interpolation:0}
execute if entity @s[tag=aj.animal_alpha.bone.bone7] run data modify entity @s {} merge value {transformation:[-0.8648385460668959f,0.39163078285147357f,-0.31413312330927357f,-0.774799474063324f,0.4999999999999999f,0.7283611508009538f,-0.46849763500354f,-0.8739585307281662f,0.04532426763774009f,-0.5622413751468778f,-0.8257301900960448f,0.18553340420375183f,0f,0f,0f,1f],start_interpolation:0}
execute if entity @s[tag=aj.animal_alpha.bone.left_down_arm2] run data modify entity @s {} merge value {transformation:[-0.8648385460668959f,0.39163078285147357f,-0.31413312330927357f,-0.5741404789161997f,0.4999999999999999f,0.7283611508009538f,-0.46849763500354f,-0.49353648559035096f,0.04532426763774009f,-0.5622413751468778f,-0.8257301900960448f,-0.18233550619736968f,0f,0f,0f,1f],start_interpolation:0}
execute if entity @s[tag=aj.animal_alpha.bone.left_upper_arm2] run data modify entity @s {} merge value {transformation:[-0.8648385460668959f,0.48710235360916637f,0.12159599641973412f,-0.25292838095382747f,0.4999999999999999f,0.8137976813493737f,0.2961981327260238f,-0.19999999999999996f,0.04532426763774009f,0.3169615606643709f,-0.9473547803353867f,-0.04933035686142492f,0f,0f,0f,1f],start_interpolation:0}
execute if entity @s[tag=aj.animal_alpha.bone.upperbody] run data modify entity @s {} merge value {transformation:[-0.9986295347545738f,0f,-0.052335956242943765f,-0.19051403503166658f,0f,1f,0f,-0.44999999999999996f,0.052335956242943765f,0f,-0.9986295347545738f,-0.05260135412660891f,0f,0f,0f,1f],start_interpolation:0}
execute if entity @s[tag=aj.animal_alpha.bone.downbody] run data modify entity @s {} merge value {transformation:[-0.9986295347545738f,0f,-0.052335956242943765f,0f,0f,1f,0f,-0.95f,0.052335956242943765f,0f,-0.9986295347545738f,0f,0f,0f,0f,1f],start_interpolation:0}