execute if entity @s[tag=aj.animal_alpha.bone.bone4] run data modify entity @s {} merge value {transformation:[-0.9238795325112867f,-0.2920764212288628f,-0.2472609422631606f,0.3232868398906158f,-0.38268343236508967f,0.7051348573801174f,0.5969407202568737f,-1.5287067781040276f,-1.1314261122877003e-16f,0.6461239796429639f,-0.7632324697825288f,0.3494955646692167f,0f,0f,0f,1f],start_interpolation:0}
execute if entity @s[tag=aj.animal_alpha.bone.bone] run data modify entity @s {} merge value {transformation:[-0.9238795325112867f,-0.3172589438249853f,0.2139938596543858f,0.125f,-0.38268343236508967f,0.7659308449664439f,-0.5166268782421826f,-1.05f,-1.1314261122877003e-16f,-0.5591929034707468f,-0.8290375725550416f,1.5308084989341915e-17f,0f,0f,0f,1f],start_interpolation:0}
execute if entity @s[tag=aj.animal_alpha.bone.bone5] run data modify entity @s {} merge value {transformation:[-0.8433914458128857f,0.4917964992462309f,0.21639563872407938f,-0.4025789677934612f,0.5372996083468239f,0.7719658717436815f,0.33967311305631426f,-1.4857117022565562f,-1.0328566345430089e-16f,0.4027466898587372f,-0.9153114791194471f,0.3517530798094179f,0f,0f,0f,1f],start_interpolation:0}
execute if entity @s[tag=aj.animal_alpha.bone.bone2] run data modify entity @s {} merge value {transformation:[-0.8433914458128857f,0.4441263484695379f,-0.3023948672262227f,-0.125f,0.5372996083468239f,0.6971387236104901f,-0.4746648616793605f,-1.05f,-1.0328566345430089e-16f,-0.5628049276950686f,-0.8265897491271886f,-1.5308084989341915e-17f,0f,0f,0f,1f],start_interpolation:0}
execute if entity @s[tag=aj.animal_alpha.bone.head] run data modify entity @s {} merge value {transformation:[-0.9970972168126004f,0f,0.07613895339815269f,0f,0f,1f,0f,-0.17500000000000004f,-0.07613895339815269f,0f,-0.9970972168126004f,0f,0f,0f,0f,1f],start_interpolation:0}
execute if entity @s[tag=aj.animal_alpha.bone.bone6] run data modify entity @s {} merge value {transformation:[-0.8658935039207541f,-0.37174569480283626f,0.3347141739804211f,0.7754434885761818f,-0.4999999999999999f,0.6634139481689385f,-0.5566703992264193f,-0.966706831435379f,-0.015114227331858642f,-0.6493743695053399f,-0.7603186755313218f,0.22550191770978523f,0f,0f,0f,1f],start_interpolation:0}
execute if entity @s[tag=aj.animal_alpha.bone.left_down_arm] run data modify entity @s {} merge value {transformation:[-0.8658935039207541f,-0.37174569480283626f,0.3347141739804211f,0.5663365352495864f,-0.4999999999999999f,0.6634139481689385f,-0.5566703992264193f,-0.5935364855903511f,-0.015114227331858642f,-0.6493743695053399f,-0.7603186755313218f,-0.13977116513696847f,0f,0f,0f,1f],start_interpolation:0}
execute if entity @s[tag=aj.animal_alpha.bone.left_upper_arm] run data modify entity @s {} merge value {transformation:[-0.8658935039207541f,-0.47574382507518714f,-0.15458412845654235f,0.24996192378909782f,-0.4999999999999999f,0.8137976813493737f,0.2961981327260238f,-0.30000000000000004f,-0.015114227331858642f,0.3337681032291925f,-0.9425340383237881f,0.0043631016093208935f,0f,0f,0f,1f],start_interpolation:0}
execute if entity @s[tag=aj.animal_alpha.bone.bone7] run data modify entity @s {} merge value {transformation:[-0.8658935039207541f,0.4878927432465342f,-0.11040430677836119f,-0.8275622185176088f,0.4999999999999999f,0.8374863497260492f,-0.2204917549989968f,-1.0508418226238165f,-0.015114227331858642f,-0.2461245317108985f,-0.9691203614733581f,-0.022926289631915592f,0f,0f,0f,1f],start_interpolation:0}
execute if entity @s[tag=aj.animal_alpha.bone.left_down_arm2] run data modify entity @s {} merge value {transformation:[-0.8658935039207541f,0.4878927432465342f,-0.11040430677836119f,-0.5600228196150809f,0.4999999999999999f,0.8374863497260492f,-0.2204917549989968f,-0.5935364855903511f,-0.015114227331858642f,-0.2461245317108985f,-0.9691203614733581f,-0.22194136131138087f,0f,0f,0f,1f],start_interpolation:0}
execute if entity @s[tag=aj.animal_alpha.bone.left_upper_arm2] run data modify entity @s {} merge value {transformation:[-0.8658935039207541f,0.46380567597307204f,0.18738392354468608f,-0.2488711483867676f,0.4999999999999999f,0.8137976813493737f,0.2961981327260238f,-0.30000000000000004f,-0.015114227331858642f,0.3501680007732644f,-0.9365649637727307f,-0.06685358255659535f,0f,0f,0f,1f],start_interpolation:0}
execute if entity @s[tag=aj.animal_alpha.bone.upperbody] run data modify entity @s {} merge value {transformation:[-0.9998476951563913f,0f,0.01745240643728357f,-0.18638066743949316f,0f,1f,0f,-0.55f,-0.01745240643728357f,0f,-0.9998476951563913f,-0.06576280715426512f,0f,0f,0f,1f],start_interpolation:0}
execute if entity @s[tag=aj.animal_alpha.bone.downbody] run data modify entity @s {} merge value {transformation:[-0.9998476951563913f,0f,0.01745240643728357f,0f,0f,1f,0f,-1.05f,-0.01745240643728357f,0f,-0.9998476951563913f,0f,0f,0f,0f,1f],start_interpolation:0}