execute if entity @s[tag=aj.animal_alpha.bone.bone4] run data modify entity @s {} merge value {transformation:[-0.9238795325112867f,-0.3569657157197093f,-0.13792058297238258f,0.3408777716357657f,-0.3826834323650897f,0.8617914721927409f,0.33296974194233026f,-1.4024250440979475f,-1.2702039903658448e-16f,0.36040385161174937f,-0.9327963677799225f,0.2690694355051845f,0f,0f,0f,1f],start_interpolation:0}
execute if entity @s[tag=aj.animal_alpha.bone.bone] run data modify entity @s {} merge value {transformation:[-0.9238795325112867f,-0.3454044346172251f,0.1647494641978579f,0.125f,-0.3826834323650897f,0.8338800705567161f,-0.397740390860169f,-0.88125f,-1.2702039903658448e-16f,-0.4305110968082952f,-0.9025852843498606f,1.5308084989341915e-17f,0f,0f,0f,1f],start_interpolation:0}
execute if entity @s[tag=aj.animal_alpha.bone.bone5] run data modify entity @s {} merge value {transformation:[-0.8433914458128857f,0.5232637195436993f,0.12200798719322917f,-0.42184786483106734f,0.5372996083468239f,0.8213595135965962f,0.19151417779034702f,-1.3472078120234485f,-7.553008783867198e-17f,0.22707626303437306f,-0.9738769792773337f,0.2922150963922927f,0f,0f,0f,1f],start_interpolation:0}
execute if entity @s[tag=aj.animal_alpha.bone.bone2] run data modify entity @s {} merge value {transformation:[-0.8433914458128857f,0.4749565837297078f,-0.25121129095137307f,-0.125f,0.5372996083468239f,0.7455324992375179f,-0.394322740215436f,-0.88125f,-7.553008783867198e-17f,-0.4675441542276683f,-0.8839697188521416f,-1.5308084989341915e-17f,0f,0f,0f,1f],start_interpolation:0}
execute if entity @s[tag=aj.animal_alpha.bone.head] run data modify entity @s {} merge value {transformation:[-0.9982912023899855f,0f,-0.05843522251824636f,0f,0f,1f,0f,-0.006249999999999978f,0.05843522251824636f,0f,-0.9982912023899855f,0f,0f,0f,0f,1f],start_interpolation:0}
execute if entity @s[tag=aj.animal_alpha.bone.bone6] run data modify entity @s {} merge value {transformation:[-0.8657286385080288f,-0.4817171243622688f,0.13587691696230494f,0.8306666582170927f,-0.4999999999999999f,0.8200655477516497f,-0.2783747427314245f,-0.886073356200654f,0.022669902228170145f,-0.30893544550105145f,-0.950812792323511f,0.009434801425634937f,0f,0f,0f,1f],start_interpolation:0}
execute if entity @s[tag=aj.animal_alpha.bone.left_down_arm] run data modify entity @s {} merge value {transformation:[-0.8657286385080288f,-0.4817171243622688f,0.13587691696230494f,0.5597007757633166f,-0.4999999999999999f,0.8200655477516497f,-0.2783747427314245f,-0.424786485590351f,0.022669902228170145f,-0.30893544550105145f,-0.950812792323511f,-0.1643413866687065f,0f,0f,0f,1f],start_interpolation:0}
execute if entity @s[tag=aj.animal_alpha.bone.left_upper_arm] run data modify entity @s {} merge value {transformation:[-0.8657286385080288f,-0.4607322621849685f,-0.19554975594194982f,0.24991433124388926f,-0.4999999999999999f,0.8137976813493737f,0.2961981327260238f,-0.13124999999999998f,0.022669902228170145f,0.3542020841444959f,-0.9348940897880683f,-0.0065442370769682665f,0f,0f,0f,1f],start_interpolation:0}
execute if entity @s[tag=aj.animal_alpha.bone.bone7] run data modify entity @s {} merge value {transformation:[-0.8657286385080288f,0.400394946998605f,-0.3003295038537157f,-0.7756223118889933f,0.4999999999999999f,0.7190224137724515f,-0.4827077464603584f,-0.7990673591835826f,0.022669902228170145f,-0.5680586720672627f,-0.8226757688312833f,0.17364796857841686f,0f,0f,0f,1f],start_interpolation:0}
execute if entity @s[tag=aj.animal_alpha.bone.left_down_arm2] run data modify entity @s {} merge value {transformation:[-0.8657286385080288f,0.400394946998605f,-0.3003295038537157f,-0.5691707481931352f,0.4999999999999999f,0.7190224137724515f,-0.4827077464603584f,-0.424786485590351f,0.022669902228170145f,-0.5680586720672627f,-0.8226757688312833f,-0.19730227001137363f,0f,0f,0f,1f],start_interpolation:0}
execute if entity @s[tag=aj.animal_alpha.bone.left_upper_arm2] run data modify entity @s {} merge value {transformation:[-0.8657286385080288f,0.47863834940914324f,0.14635318562274482f,-0.2515503905131314f,0.4999999999999999f,0.8137976813493737f,0.2961981327260238f,-0.13124999999999998f,0.022669902228170145f,0.3296037989848934f,-0.9438471334001556f,-0.05593434573400406f,0f,0f,0f,1f],start_interpolation:0}
execute if entity @s[tag=aj.animal_alpha.bone.upperbody] run data modify entity @s {} merge value {transformation:[-0.9996573249755573f,0f,-0.02617694830787306f,-0.18907180770215906f,0f,1f,0f,-0.38125f,0.02617694830787306f,0f,-0.9996573249755573f,-0.05757040500324613f,0f,0f,0f,1f],start_interpolation:0}
execute if entity @s[tag=aj.animal_alpha.bone.downbody] run data modify entity @s {} merge value {transformation:[-0.9996573249755573f,0f,-0.02617694830787306f,0f,0f,1f,0f,-0.88125f,0.02617694830787306f,0f,-0.9996573249755573f,0f,0f,0f,0f,1f],start_interpolation:0}