execute if entity @s[tag=aj.animal_alpha.bone.bone4] run data modify entity @s {} merge value {transformation:[-0.9238795325112867f,-0.33470247154225363f,-0.1855286095194838f,0.3341890447139084f,-0.3826834323650897f,0.8080432461571034f,0.4479056853101604f,-1.4925270288481898f,-1.1314261122877003e-16f,0.48480962024633695f,-0.8746197071393957f,0.30300601265396065f,0f,0f,0f,1f],start_interpolation:0}
execute if entity @s[tag=aj.animal_alpha.bone.bone] run data modify entity @s {} merge value {transformation:[-0.9238795325112867f,-0.33470247154225347f,0.18552860951948408f,0.125f,-0.3826834323650897f,0.8080432461571035f,-0.4479056853101603f,-0.9875f,-1.1314261122877003e-16f,-0.48480962024633706f,-0.8746197071393957f,1.5308084989341915e-17f,0f,0f,0f,1f],start_interpolation:0}
execute if entity @s[tag=aj.animal_alpha.bone.bone5] run data modify entity @s {} merge value {transformation:[-0.8433914458128857f,0.5124317441107494f,0.1615691083012646f,-0.4143456315283966f,0.537299608346824f,0.8043567179878037f,0.2536126990082285f,-1.4416816646120758f,-1.0328566345430089e-16f,0.30070579950427306f,-0.9537169507482268f,0.31721147685044004f,0f,0f,0f,1f],start_interpolation:0}
execute if entity @s[tag=aj.animal_alpha.bone.bone2] run data modify entity @s {} merge value {transformation:[-0.8433914458128857f,0.4629530104454346f,-0.2727001636397744f,-0.125f,0.537299608346824f,0.7266906633793212f,-0.4280535137429335f,-0.9875f,-1.0328566345430089e-16f,-0.5075383629607041f,-0.8616291604415257f,-1.5308084989341915e-17f,0f,0f,0f,1f],start_interpolation:0}
execute if entity @s[tag=aj.animal_alpha.bone.head] run data modify entity @s {} merge value {transformation:[-0.8925858184521256f,0f,-0.4508775406894305f,0f,0f,1f,0f,-0.11250000000000004f,0.4508775406894305f,0f,-0.8925858184521256f,0f,0f,0f,0f,1f],start_interpolation:0}
execute if entity @s[tag=aj.animal_alpha.bone.bone6] run data modify entity @s {} merge value {transformation:[-0.847100670886274f,-0.529816694059537f,0.041409226989251785f,0.8184015859854433f,-0.4999999999999999f,0.7681739149643407f,-0.3998860292237748f,-0.9631343127577927f,0.18005680599195523f,-0.35944833712813373f,-0.9156289857533971f,-0.061397150312886395f,0f,0f,0f,1f],start_interpolation:0}
execute if entity @s[tag=aj.animal_alpha.bone.left_down_arm] run data modify entity @s {} merge value {transformation:[-0.847100670886274f,-0.529816694059537f,0.041409226989251785f,0.5203796955769537f,-0.4999999999999999f,0.7681739149643407f,-0.3998860292237748f,-0.5310364855903511f,0.18005680599195523f,-0.35944833712813373f,-0.9156289857533971f,-0.2635868399474616f,0f,0f,0f,1f],start_interpolation:0}
execute if entity @s[tag=aj.animal_alpha.bone.left_upper_arm] run data modify entity @s {} merge value {transformation:[-0.847100670886274f,-0.3884690549319269f,-0.3626461729348871f,0.2445369001834514f,-0.4999999999999999f,0.8137976813493737f,0.2961981327260238f,-0.23750000000000004f,0.18005680599195523f,0.4322327234149199f,-0.8836030893027121f,-0.05197792270443978f,0f,0f,0f,1f],start_interpolation:0}
execute if entity @s[tag=aj.animal_alpha.bone.bone7] run data modify entity @s {} merge value {transformation:[-0.847100670886274f,0.3484341336360423f,-0.40126563259432657f,-0.7665105123921927f,0.4999999999999999f,0.7783784768652855f,-0.3796405494054582f,-0.945146844489233f,0.18005680599195523f,-0.5222265803941607f,-0.8335819967740407f,0.255576031399636f,0f,0f,0f,1f],start_interpolation:0}
execute if entity @s[tag=aj.animal_alpha.bone.left_down_arm2] run data modify entity @s {} merge value {transformation:[-0.847100670886274f,0.3484341336360423f,-0.40126563259432657f,-0.5955954142590643f,0.4999999999999999f,0.7783784768652855f,-0.3796405494054582f,-0.5310364855903511f,0.18005680599195523f,-0.5222265803941607f,-0.8335819967740407f,-0.09027529487045698f,0f,0f,0f,1f],start_interpolation:0}
execute if entity @s[tag=aj.animal_alpha.bone.left_upper_arm2] run data modify entity @s {} merge value {transformation:[-0.847100670886274f,0.530689027517071f,-0.028099990338251973f,-0.2575313808595614f,0.4999999999999999f,0.8137976813493737f,0.2961981327260238f,-0.23750000000000004f,0.18005680599195523f,0.2368596417783504f,-0.9547130755952843f,-0.009156302341423079f,0f,0f,0f,1f],start_interpolation:0}
execute if entity @s[tag=aj.animal_alpha.bone.upperbody] run data modify entity @s {} merge value {transformation:[-0.9781476007338057f,0f,-0.20791169081775912f,-0.19639715581369852f,0f,1f,0f,-0.48750000000000004f,0.20791169081775912f,0f,-0.9781476007338057f,-0.022150783017533024f,0f,0f,0f,1f],start_interpolation:0}
execute if entity @s[tag=aj.animal_alpha.bone.downbody] run data modify entity @s {} merge value {transformation:[-0.9781476007338057f,0f,-0.20791169081775912f,0f,0f,1f,0f,-0.9875f,0.20791169081775912f,0f,-0.9781476007338057f,0f,0f,0f,0f,1f],start_interpolation:0}