execute if entity @s[tag=aj.animal_alpha.bone.bone4] run data modify entity @s {} merge value {transformation:[-0.9238795325112867f,-0.3061262972411814f,-0.22963732175787552f,0.32671995831939415f,-0.3826834323650897f,0.7390542585987174f,0.5543935366148975f,-1.4557450591760168f,-1.1314261122877003e-16f,0.600071239924481f,-0.7999465651001297f,0.33581225521676494f,0f,0f,0f,1f],start_interpolation:0}
execute if entity @s[tag=aj.animal_alpha.bone.bone] run data modify entity @s {} merge value {transformation:[-0.9238795325112867f,-0.32275193331103064f,0.2056156583305811f,0.125f,-0.3826834323650897f,0.7791920946816271f,-0.4964001109779611f,-0.96875f,-1.1314261122877003e-16f,-0.5372996083468239f,-0.8433914458128857f,1.5308084989341915e-17f,0f,0f,0f,1f],start_interpolation:0}
execute if entity @s[tag=aj.animal_alpha.bone.bone5] run data modify entity @s {} merge value {transformation:[-0.8433914458128856f,0.49861345206713936f,0.20018864739874961f,-0.40623616669593554f,0.5372996083468239f,0.7826663442665518f,0.31423323252447566f,-1.4102023546264202f,-1.310412390699298e-16f,0.3725829021441028f,-0.9279989121921847f,0.34154214547690215f,0f,0f,0f,1f],start_interpolation:0}
execute if entity @s[tag=aj.animal_alpha.bone.bone2] run data modify entity @s {} merge value {transformation:[-0.8433914458128856f,0.4499778667134969f,-0.29361673759787743f,-0.125f,0.5372996083468239f,0.7063237674022722f,-0.46088595820767914f,-0.96875f,-1.310412390699298e-16f,-0.5464674327630434f,-0.8374803549513079f,-1.5308084989341915e-17f,0f,0f,0f,1f],start_interpolation:0}
execute if entity @s[tag=aj.animal_alpha.bone.head] run data modify entity @s {} merge value {transformation:[-0.9853087078540094f,0f,-0.17078275740560664f,0f,0f,1f,0f,-0.09375f,0.17078275740560664f,0f,-0.9853087078540094f,0f,0f,0f,0f,1f],start_interpolation:0}
execute if entity @s[tag=aj.animal_alpha.bone.bone6] run data modify entity @s {} merge value {transformation:[-0.862729915662821f,-0.4532239511349654f,0.22424348984537396f,0.803562491865241f,-0.4999999999999999f,0.6984015140405284f,-0.5120891769857059f,-0.9051373372381483f,0.07547908730517323f,-0.5539163973954085f,-0.8291438548744543f,0.11337420174310098f,0f,0f,0f,1f],start_interpolation:0}
execute if entity @s[tag=aj.animal_alpha.bone.left_down_arm] run data modify entity @s {} merge value {transformation:[-0.862729915662821f,-0.4532239511349654f,0.22424348984537396f,0.5486240193518229f,-0.4999999999999999f,0.6984015140405284f,-0.5120891769857059f,-0.5122864855903511f,0.07547908730517323f,-0.5539163973954085f,-0.8291438548744543f,-0.1982037717918163f,0f,0f,0f,1f],start_interpolation:0}
execute if entity @s[tag=aj.animal_alpha.bone.left_upper_arm] run data modify entity @s {} merge value {transformation:[-0.862729915662821f,-0.4382493837052204f,-0.2522589350298942f,0.2490486745229364f,-0.4999999999999999f,0.8137976813493737f,0.2961981327260238f,-0.21875f,0.07547908730517323f,0.38166845758115464f,-0.9212122968497547f,-0.021788935686914514f,0f,0f,0f,1f],start_interpolation:0}
execute if entity @s[tag=aj.animal_alpha.bone.bone7] run data modify entity @s {} merge value {transformation:[-0.862729915662821f,0.4462684204844857f,-0.23778475455483716f,-0.8163185848093303f,0.4999999999999999f,0.8230532951153928f,-0.26941283080004574f,-0.9584156621677566f,0.07547908730517323f,-0.35132288607202394f,-0.9332069101231526f,0.09375733671538394f,0f,0f,0f,1f],start_interpolation:0}
execute if entity @s[tag=aj.animal_alpha.bone.left_down_arm2] run data modify entity @s {} merge value {transformation:[-0.862729915662821f,0.4462684204844857f,-0.23778475455483716f,-0.5801541454464845f,0.4999999999999999f,0.8230532951153928f,-0.26941283080004574f,-0.5122864855903511f,0.07547908730517323f,-0.35132288607202394f,-0.9332069101231526f,-0.16218721858282653f,0f,0f,0f,1f],start_interpolation:0}
execute if entity @s[tag=aj.animal_alpha.bone.left_upper_arm2] run data modify entity @s {} merge value {transformation:[-0.862729915662821f,0.49786742295763864f,0.08845971839171578f,-0.254495908444665f,0.4999999999999999f,0.8137976813493737f,0.2961981327260238f,-0.21875f,0.07547908730517323f,0.2997688492620654f,-0.9510213164759638f,-0.04047323294381958f,0f,0f,0f,1f],start_interpolation:0}
execute if entity @s[tag=aj.animal_alpha.bone.upperbody] run data modify entity @s {} merge value {transformation:[-0.9961946980917455f,0f,-0.08715574274765805f,-0.19223373981393094f,0f,1f,0f,-0.46875f,0.08715574274765805f,0f,-0.9961946980917455f,-0.04592046686554821f,0f,0f,0f,1f],start_interpolation:0}
execute if entity @s[tag=aj.animal_alpha.bone.downbody] run data modify entity @s {} merge value {transformation:[-0.9961946980917455f,0f,-0.08715574274765805f,0f,0f,1f,0f,-0.96875f,0.08715574274765805f,0f,-0.9961946980917455f,0f,0f,0f,0f,1f],start_interpolation:0}