execute if entity @s[tag=aj.animal_alpha.bone.bone4] run data modify entity @s {} merge value {transformation:[-0.9997891121530474f,-0.01824044542924179f,0.009434901735788438f,0.16658604314593167f,-0.017345130589331563f,0.9960079024091691f,0.08756371841879601f,-1.424558871663481f,-0.010994437914698826f,0.08738160269204265f,-0.99611423935506f,0.12749328683526293f,0f,0f,0f,1f],start_interpolation:0}
execute if entity @s[tag=aj.animal_alpha.bone.bone] run data modify entity @s {} merge value {transformation:[-0.9975685276178613f,-0.06653766903349069f,0.020730926316059595f,0.125f,-0.06966246911059815f,0.9607218622887828f,-0.2686273324101409f,-0.8241077077329917f,-0.002042817600080867f,-0.26941833998442466f,-0.9630210719274475f,-0.04089317565500247f,0f,0f,0f,1f],start_interpolation:0}
execute if entity @s[tag=aj.animal_alpha.bone.bone5] run data modify entity @s {} merge value {transformation:[-0.9982755373972098f,0.05682867073242523f,0.014712362729946318f,-0.16853862114929088f,0.0586230032966134f,0.9520934945228078f,0.3001355046838564f,-1.44755268147957f,0.003048756926547441f,0.30048041511907825f,-0.9537831122488327f,-0.047657285245077674f,0f,0f,0f,1f],start_interpolation:0}
execute if entity @s[tag=aj.animal_alpha.bone.bone2] run data modify entity @s {} merge value {transformation:[-0.9975677293016003f,0.06966179383886541f,-0.002420730303111108f,-0.125f,0.06963116276414164f,0.9975119579945255f,0.011017932203519883f,-0.8241077077329917f,0.003182236346125241f,0.010822575344120282f,-0.9999363705930285f,-0.0408931756550025f,0f,0f,0f,1f],start_interpolation:0}
execute if entity @s[tag=aj.animal_alpha.bone.head] run data modify entity @s {} merge value {transformation:[-0.9994598730512996f,-0.014293560054545861f,-0.029591490351910194f,0.00034399387521938385f,-0.02260726294404514f,0.9525820955826534f,0.3034407072848658f,0.014663693834425895f,0.02385107591826638f,0.3039457933848202f,-0.9523907185925393f,0.22410270667042503f,0f,0f,0f,1f],start_interpolation:0}
execute if entity @s[tag=aj.animal_alpha.bone.bone6] run data modify entity @s {} merge value {transformation:[-0.9556535034245074f,-0.011361194765655835f,0.2942741997626732f,0.4621476969705867f,-0.12637080265885065f,0.9183991454274095f,-0.3749312335796553f,-1.0131437082669807f,-0.2660015068149478f,-0.39549201373946996f,-0.879107084171477f,0.31051109718494285f,0f,0f,0f,1f],start_interpolation:0}
execute if entity @s[tag=aj.animal_alpha.bone.left_down_arm] run data modify entity @s {} merge value {transformation:[-0.9556535034245074f,-0.011361194765655835f,0.2942741997626732f,0.45575702491490533f,-0.12637080265885065f,0.9183991454274095f,-0.3749312335796553f,-0.49654418896406294f,-0.2660015068149478f,-0.39549201373946996f,-0.879107084171477f,0.088046839456491f,0f,0f,0f,1f],start_interpolation:0}
execute if entity @s[tag=aj.animal_alpha.bone.left_upper_arm] run data modify entity @s {} merge value {transformation:[-0.9556535034245074f,-0.19785898957529097f,0.21812428025488076f,0.24973702904765208f,-0.12637080265885065f,0.9445357133493774f,0.30312160339200644f,-0.09910616470606665f,-0.2660015068149478f,0.2621146818700315f,-0.9276524628977975f,0.16947182442276132f,0f,0f,0f,1f],start_interpolation:0}
execute if entity @s[tag=aj.animal_alpha.bone.bone7] run data modify entity @s {} merge value {transformation:[-0.9363010220864428f,-0.05745555002718303f,-0.3464668177631968f,-0.43110455557365895f,0.0666078120686529f,0.9395702232994192f,-0.3358142267095102f,-1.0133315135019862f,0.344824296434154f,-0.3375006003848782f,-0.875893571918722f,0.26433257529977366f,0f,0f,0f,1f],start_interpolation:0}
execute if entity @s[tag=aj.animal_alpha.bone.left_down_arm2] run data modify entity @s {} merge value {transformation:[-0.9022200088036607f,-0.027040341473455826f,-0.4304275498238016f,-0.47321646951646545f,0.08837402203828154f,0.9652630132898568f,-0.24588075850575025f,-0.48573861593305123f,0.42212449341764047f,-0.25987715387772103f,-0.8684899406149249f,0.06387105495512277f,0f,0f,0f,1f],start_interpolation:0}
execute if entity @s[tag=aj.animal_alpha.bone.left_upper_arm2] run data modify entity @s {} merge value {transformation:[-0.9022200088036607f,0.24340721329408602f,-0.35602244905445163f,-0.25394831259984524f,0.08837402203828154f,0.9123344020219138f,0.3997949113184086f,-0.09763906780324913f,0.42212449341764047f,0.3292398326504922f,-0.844637226656022f,0.15514792006250805f,0f,0f,0f,1f],start_interpolation:0}
execute if entity @s[tag=aj.animal_alpha.bone.upperbody] run data modify entity @s {} merge value {transformation:[-0.9953748376394363f,-0.004394606100588603f,-0.0959667652444657f,-0.1906387337222333f,-0.02856946523448179f,0.9672977987929035f,0.2520292723209343f,-0.3376779259243199f,0.09172087140057848f,0.2536053151801526f,-0.9629494409686804f,0.08601403680493373f,0f,0f,0f,1f],start_interpolation:0}
execute if entity @s[tag=aj.animal_alpha.bone.downbody] run data modify entity @s {} merge value {transformation:[-0.9953748376394363f,0.003986171406363549f,-0.09598459788833211f,5.007969667286927e-18f,-0.02856946523448179f,0.9416511402100236f,0.33537578296200576f,-0.8241077077329917f,0.09172087140057848f,0.3365668441464217f,-0.9371819680141296f,-0.04089317565500249f,0f,0f,0f,1f],start_interpolation:0}