execute if entity @s[tag=aj.animal_alpha.bone.bone4] run data modify entity @s {} merge value {transformation:[-0.9998938756778106f,-0.014196524791883961f,0.0032704840376537956f,0.16795926088601779f,-0.013493299729459415f,0.9871068501324383f,0.1594929380381052f,-1.4248394106292106f,-0.005492562645805227f,0.15943188233678132f,-0.987193652051173f,0.06334531143087041f,0f,0f,0f,1f],start_interpolation:0}
execute if entity @s[tag=aj.animal_alpha.bone.bone] run data modify entity @s {} merge value {transformation:[-0.9975682084298317f,-0.06873481741762845f,0.011540988027937503f,0.125f,-0.06968174364379315f,0.9870442985501029f,-0.14452683938457933f,-0.8079367240353964f,-0.001457440515564732f,-0.14497957640405973f,-0.9894335744722043f,-0.02726692382166693f,0f,0f,0f,1f],start_interpolation:0}
execute if entity @s[tag=aj.animal_alpha.bone.bone5] run data modify entity @s {} merge value {transformation:[-0.9975624277154355f,0.06910643850927178f,0.00966969322423319f,-0.16783572478219125f,0.0696345554284509f,0.9769509492381846f,0.20178669795824547f,-1.4248480377560209f,0.00449794406018383f,0.20196817308470766f,-0.9793817568037793f,0.0633450604071178f,0f,0f,0f,1f],start_interpolation:0}
execute if entity @s[tag=aj.animal_alpha.bone.bone2] run data modify entity @s {} merge value {transformation:[-0.9975682266758154f,0.06853715965150599f,-0.012660603215213515f,-0.125f,0.06964833473932673f,0.9870581019529993f,-0.14444865121205253f,-0.8079367240353964f,0.0025966507096235416f,-0.14497917476605562f,-0.9894312994287404f,-0.02726692382166696f,0f,0f,0f,1f],start_interpolation:0}
execute if entity @s[tag=aj.animal_alpha.bone.head] run data modify entity @s {} merge value {transformation:[-0.9995919913684669f,-0.025335674288243428f,0.013189177395995542f,-0.02093276386541998f,-0.020395774438647988f,0.9563860212091205f,0.2913928462073762f,0.03404685885578912f,-0.01999657913421174f,0.2910049519237564f,-0.9565125481554235f,0.22647677680411132f,0f,0f,0f,1f],start_interpolation:0}
execute if entity @s[tag=aj.animal_alpha.bone.bone6] run data modify entity @s {} merge value {transformation:[-0.9221769834382387f,0.060135481960956694f,0.38206456918441634f,0.4118422754861575f,-0.14742994854058f,0.8586010557240594f,-0.49098741061543794f,-0.9641087416915256f,-0.3575668070306194f,-0.5091050490015339f,-0.7829163605335333f,0.4464571000279264f,0f,0f,0f,1f],start_interpolation:0}
execute if entity @s[tag=aj.animal_alpha.bone.left_down_arm] run data modify entity @s {} merge value {transformation:[-0.9221769834382387f,0.060135481960956694f,0.38206456918441634f,0.4456684840891956f,-0.14742994854058f,0.8586010557240594f,-0.49098741061543794f,-0.4811456478467422f,-0.3575668070306194f,-0.5091050490015339f,-0.7829163605335333f,0.16008550996456358f,0f,0f,0f,1f],start_interpolation:0}
execute if entity @s[tag=aj.animal_alpha.bone.left_upper_arm] run data modify entity @s {} merge value {transformation:[-0.9221769834382387f,-0.22490093658333318f,0.314657241996255f,0.23200220140420752f,-0.14742994854058f,0.9565352133943954f,0.25160444314411606f,-0.08109023555426667f,-0.3575668070306194f,0.18563392540286996f,-0.9152518911477044f,0.19660450144949176f,0f,0f,0f,1f],start_interpolation:0}
execute if entity @s[tag=aj.animal_alpha.bone.bone7] run data modify entity @s {} merge value {transformation:[-0.9622597307193868f,0.06601023626194215f,-0.26400541536963895f,-0.5290361808829831f,0.12228227787785316f,0.9715596860912675f,-0.20277776228975714f,-0.9935326399113271f,0.24311161048550625f,-0.22740805850030987f,-0.9429646439693606f,0.14056354848985408f,0f,0f,0f,1f],start_interpolation:0}
execute if entity @s[tag=aj.animal_alpha.bone.left_down_arm2] run data modify entity @s {} merge value {transformation:[-0.9361774341997814f,0.08876863544987515f,-0.3401351805613187f,-0.5003622722275107f,0.13204286398175594f,0.9855358546488732f,-0.10622505012006667f,-0.4458077873038401f,0.32578596312089503f,-0.14435791825141553f,-0.9343576925736248f,0.0009648636875813077f,0f,0f,0f,1f],start_interpolation:0}
execute if entity @s[tag=aj.animal_alpha.bone.left_upper_arm2] run data modify entity @s {} merge value {transformation:[-0.9361774341997814f,0.26323998433828916f,-0.23297322236834642f,-0.2681725998045366f,0.13204286398175594f,0.8775460963595255f,0.46095285098983163f,-0.0783867281442672f,0.32578596312089503f,0.40077120581415976f,-0.8562978143284351f,0.13557902084116433f,0f,0f,0f,1f],start_interpolation:0}
execute if entity @s[tag=aj.animal_alpha.bone.upperbody] run data modify entity @s {} merge value {transformation:[-0.9996961916427917f,-0.024087338871437016f,-0.00522728619757315f,-0.19966975310900287f,-0.02463757540938742f,0.9703719060992211f,0.240356721835091f,-0.31943985620598575f,-0.0007171421376043522f,0.24041248711216529f,-0.9706705526324044f,0.07552072044672327f,0f,0f,0f,1f],start_interpolation:0}
execute if entity @s[tag=aj.animal_alpha.bone.downbody] run data modify entity @s {} merge value {transformation:[-0.9996961916427917f,-0.023540091263760693f,-0.0073067447055851645f,3.339235098079914e-18f,-0.02463757540938742f,0.9457308794172955f,0.3240155761603685f,-0.8079367240353964f,-0.0007171421376043522f,0.32409715799414623f,-0.9460235292461133f,-0.027266923821666945f,0f,0f,0f,1f],start_interpolation:0}