execute if entity @s[tag=aj.animal_alpha.bone.bone4] run data modify entity @s {} merge value {transformation:[-0.9998034648498377f,0.008570138053699763f,-0.017876923896465655f,0.1667264897449193f,-0.00510674683709484f,0.7599734866933167f,0.6499340125427695f,-1.4496078078889414f,0.019156012398234657f,0.6498975705885841f,-0.7597803596645909f,-0.18795067132382046f,0f,0f,0f,1f],start_interpolation:0}
execute if entity @s[tag=aj.animal_alpha.bone.bone] run data modify entity @s {} merge value {transformation:[-0.9975657720710464f,-0.06676238359187087f,-0.020132424827355368f,0.125f,-0.069726312770981f,0.9513724926223064f,0.30004769885633664f,-0.8549999999999999f,-0.0008784643763726133f,0.3007210741181128f,-0.9537117299695899f,1.5308084989341915e-17f,0f,0f,0f,1f],start_interpolation:0}
execute if entity @s[tag=aj.animal_alpha.bone.bone5] run data modify entity @s {} merge value {transformation:[-0.9945718032415357f,0.10404972317184245f,0.0007637438988157205f,-0.15877687223407405f,0.10319109604673102f,0.9872538972549714f,-0.12116657976333378f,-1.349705545524499f,-0.01336135822266437f,-0.12043005215781039f,-0.9926318938275722f,0.38046096531627355f,0f,0f,0f,1f],start_interpolation:0}
execute if entity @s[tag=aj.animal_alpha.bone.bone2] run data modify entity @s {} merge value {transformation:[-0.9975685540715186f,0.054042995574518464f,-0.04400380161977209f,-0.125f,0.06966280891032926f,0.7915288728391987f,-0.6071483645013223f,-0.8549999999999999f,0.0020181631209168277f,-0.6087375445060377f,-0.7933691000577078f,-1.5308084989341915e-17f,0f,0f,0f,1f],start_interpolation:0}
execute if entity @s[tag=aj.animal_alpha.bone.head] run data modify entity @s {} merge value {transformation:[-0.9595476663400851f,-0.096764033850257f,0.2643955328183943f,-0.14224376141033757f,-0.018026093417927387f,0.9582717748556118f,0.2852897920907155f,-0.008983537439137323f,-0.2809685675967766f,0.268983135657427f,-0.9212517227959542f,0.1943791590794436f,0f,0f,0f,1f],start_interpolation:0}
execute if entity @s[tag=aj.animal_alpha.bone.bone6] run data modify entity @s {} merge value {transformation:[-0.5711544481932957f,0.5653964129745231f,0.595070997868787f,-0.06384576333460495f,-0.21060516195461088f,0.5997454859187794f,-0.7719785086892764f,-0.8611668931022952f,-0.7933650244793274f,-0.566243983028155f,-0.22347189894330505f,0.7655747379230269f,0f,0f,0f,1f],start_interpolation:0}
execute if entity @s[tag=aj.animal_alpha.bone.left_down_arm] run data modify entity @s {} merge value {transformation:[-0.5711544481932957f,0.5653964129745231f,0.595070997868787f,0.2541897189635643f,-0.21060516195461088f,0.5997454859187794f,-0.7719785086892764f,-0.5238100572729818f,-0.7933650244793274f,-0.566243983028155f,-0.22347189894330505f,0.44706249746968973f,0f,0f,0f,1f],start_interpolation:0}
execute if entity @s[tag=aj.animal_alpha.bone.left_upper_arm] run data modify entity @s {} merge value {transformation:[-0.5711544481932957f,-0.219405737305335f,0.7909764337491438f,0.08680540286831828f,-0.21060516195461088f,0.9705280829519368f,0.11713541718758926f,-0.1255296662258358f,-0.7933650244793274f,-0.09968130536434998f,-0.6005294125134717f,0.3042812983128707f,0f,0f,0f,1f],start_interpolation:0}
execute if entity @s[tag=aj.animal_alpha.bone.bone7] run data modify entity @s {} merge value {transformation:[-0.9072770113459462f,0.17737950694649246f,0.3812937649615933f,-0.532208542466546f,0.2752880246901658f,0.9359356531378922f,0.2196382404034734f,-0.9473307634826686f,-0.31790710615737144f,0.30423833371349923f,-0.8979833562788784f,-0.4966460064126813f,0f,0f,0f,1f],start_interpolation:0}
execute if entity @s[tag=aj.animal_alpha.bone.left_down_arm2] run data modify entity @s {} merge value {transformation:[-0.9382774287640797f,0.14347258307994504f,0.3147238227021195f,-0.43183497556519446f,0.2480610977448999f,0.9132314014328496f,0.32322453375724525f,-0.41343656681686286f,-0.2410418188975975f,0.3813450213931757f,-0.8924543776581388f,-0.3379178304826536f,0f,0f,0f,1f],start_interpolation:0}
execute if entity @s[tag=aj.animal_alpha.bone.left_upper_arm2] run data modify entity @s {} merge value {transformation:[-0.9382774287640797f,0.021388009675757685f,0.3452216964705095f,-0.30519304273654047f,0.2480610977448999f,0.7371637366740535f,0.6285342608946165f,-0.12193506924007697f,-0.2410418188975975f,0.6753755831941634f,-0.6969696285833991f,-0.012310785473007443f,0f,0f,0f,1f],start_interpolation:0}
execute if entity @s[tag=aj.animal_alpha.bone.upperbody] run data modify entity @s {} merge value {transformation:[-0.8480132062813347f,-0.13636690166657747f,0.5121305205729377f,-0.21810049192731268f,-0.020908190378936126f,0.9741854110514601f,0.22477907480363044f,-0.3641746601042585f,-0.5295625076867965f,0.17990790150617594f,-0.8289732790796791f,-0.02419010411912665f,0f,0f,0f,1f],start_interpolation:0}
execute if entity @s[tag=aj.animal_alpha.bone.downbody] run data modify entity @s {} merge value {transformation:[-0.8480132062813347f,-0.18048310033972212f,0.49829655072477874f,0f,-0.020908190378936126f,0.9508875542291504f,0.3088295756354672f,-0.8549999999999999f,-0.5295625076867965f,0.2514730794814156f,-0.8101387786969619f,0f,0f,0f,0f,1f],start_interpolation:0}