execute if entity @s[tag=aj.animal_alpha.bone.bone4] run data modify entity @s {} merge value {transformation:[-0.9997986508332787f,-0.01887692582543211f,0.006805840384320198f,0.16671915978534627f,-0.017471803821788538f,0.9857334107726611f,0.16740483552666346f,-1.4096158948955457f,-0.00986883291826576f,0.16725221839448773f,-0.985864748116573f,0.18792671242900588f,0f,0f,0f,1f],start_interpolation:0}
execute if entity @s[tag=aj.animal_alpha.bone.bone] run data modify entity @s {} merge value {transformation:[-0.9975685095531348f,-0.06675065565655401f,0.020035436540224515f,0.125f,-0.0696859944509576f,0.9513854318328729f,-0.3000160366939725f,-0.8150000000000001f,0.00096484471202181f,-0.30068273988640937f,-0.953723733063765f,1.5308084989341915e-17f,0f,0f,0f,1f],start_interpolation:0}
execute if entity @s[tag=aj.animal_alpha.bone.bone5] run data modify entity @s {} merge value {transformation:[-0.998225972786095f,0.05779950932523087f,0.014287196261581968f,-0.1685181865156086f,0.05953438228017336f,0.965954282913162f,0.25176969763702145f,-1.4378873471630058f,0.0007513865666855583f,0.2521736307457255f,-0.9676817118116605f,0.02724922359675335f,0f,0f,0f,1f],start_interpolation:0}
execute if entity @s[tag=aj.animal_alpha.bone.bone2] run data modify entity @s {} merge value {transformation:[-0.9975677740492966f,0.06962909842497375f,-0.003213227482892703f,-0.125f,0.06970298131365607f,0.9966197554608092f,-0.043480540719096385f,-0.8150000000000001f,0.00017485513893943563f,-0.04359875775480539f,-0.9990491067749964f,-1.5308084989341915e-17f,0f,0f,0f,1f],start_interpolation:0}
execute if entity @s[tag=aj.animal_alpha.bone.head] run data modify entity @s {} merge value {transformation:[-0.9995919913684669f,-0.02533567428824346f,0.013189177395995635f,-0.020932763865420007f,-0.02096874088789119f,0.9644452193610186f,0.2634496740503835f,0.03400744597119193f,-0.01939491421995682f,0.26306562386605525f,-0.9645829745762484f,0.2291474986793791f,0f,0f,0f,1f],start_interpolation:0}
execute if entity @s[tag=aj.animal_alpha.bone.bone6] run data modify entity @s {} merge value {transformation:[-0.9289919168858455f,-0.11327638735015963f,0.35233858492884207f,0.5405266411281131f,-0.17727340775185418f,0.9718877083724059f,-0.15494651083092476f,-0.9942938349909625f,-0.32488175889822923f,-0.2064043177443961f,-0.9229567164020549f,0.20299866532942523f,0f,0f,0f,1f],start_interpolation:0}
execute if entity @s[tag=aj.animal_alpha.bone.left_down_arm] run data modify entity @s {} merge value {transformation:[-0.9289919168858455f,-0.11327638735015963f,0.35233858492884207f,0.4768086732436483f,-0.17727340775185418f,0.9718877083724059f,-0.15494651083092476f,-0.44760699903148415f,-0.32488175889822923f,-0.2064043177443961f,-0.9229567164020549f,0.08689623659820243f,0f,0f,0f,1f],start_interpolation:0}
execute if entity @s[tag=aj.animal_alpha.bone.left_upper_arm] run data modify entity @s {} merge value {transformation:[-0.9289919168858455f,-0.29413138795133736f,0.22463469229525118f,0.23200220140420752f,-0.17727340775185418f,0.8864375053097646f,0.4275543100990161f,-0.08194976642744392f,-0.32488175889822923f,0.35737274070922187f,-0.8756349507261414f,0.20263659079620835f,0f,0f,0f,1f],start_interpolation:0}
execute if entity @s[tag=aj.animal_alpha.bone.bone7] run data modify entity @s {} merge value {transformation:[-0.9571986987657094f,-0.1286121750036677f,-0.25928663583389505f,-0.3797750449666752f,0.059373827762342506f,0.7895411034227804f,-0.6108187902993704f,-0.9310325704289782f,0.2832761897125854f,-0.6000697913132809f,-0.7481115196915197f,0.458466427107327f,0f,0f,0f,1f],start_interpolation:0}
execute if entity @s[tag=aj.animal_alpha.bone.left_down_arm2] run data modify entity @s {} merge value {transformation:[-0.9300669888635986f,-0.10552444751805679f,-0.35190906098338487f,-0.4611268630070437f,0.10618422560725403f,0.839773026508048f,-0.5324529783762141f,-0.4919385541667146f,0.3517105435701162f,-0.5325841294345168f,-0.769840138350873f,0.11077284565348171f,0f,0f,0f,1f],start_interpolation:0}
execute if entity @s[tag=aj.animal_alpha.bone.left_upper_arm2] run data modify entity @s {} merge value {transformation:[-0.9300669888635986f,0.17530489050184517f,-0.32286776177304366f,-0.2681725998045366f,0.10618422560725403f,0.9695754758672752f,0.22056361175165456f,-0.08102231167568844f,0.3517105435701162f,0.17085547097732318f,-0.9203847573589702f,0.14155829625979607f,0f,0f,0f,1f],start_interpolation:0}
execute if entity @s[tag=aj.animal_alpha.bone.upperbody] run data modify entity @s {} merge value {transformation:[-0.9996961916427917f,-0.024087338871437047f,-0.005227286197572968f,-0.19966975310900287f,-0.024648010362506755f,0.9769537199141001f,0.21202335892814203f,-0.3237202410065568f,-2.617993879432204e-7f,0.21208778666414183f,-0.9772506181874928f,0.08853636595622237f,0f,0f,0f,1f],start_interpolation:0}
execute if entity @s[tag=aj.animal_alpha.bone.downbody] run data modify entity @s {} merge value {transformation:[-0.9996961916427917f,-0.023540091263760745f,-0.007306744705584986f,0f,-0.024648010362506755f,0.9547570627321992f,0.29636367312501927f,-0.8150000000000001f,-2.617993879432204e-7f,0.29645373208357034f,-0.955047215970841f,0f,0f,0f,0f,1f],start_interpolation:0}