execute if entity @s[tag=aj.animal_alpha.bone.bone4] run data modify entity @s {} merge value {transformation:[-0.999652651416996f,-0.026180927463552276f,0.0030225075877226594f,0.16670787862012468f,-0.02624548815135565f,0.9993727073812885f,-0.023777428227012065f,-1.4102087068449038f,-0.0023980964673416625f,-0.023848496358090943f,-0.999712707909023f,0.19970738376797756f,0f,0f,0f,1f],start_interpolation:0}
execute if entity @s[tag=aj.animal_alpha.bone.bone] run data modify entity @s {} merge value {transformation:[-0.9975683964112718f,-0.06673260579219947f,0.020101089662663798f,0.125f,-0.06965693988244039f,0.9452228198407349f,-0.3189070892572692f,-0.8194444444444444f,0.002281492418928592f,-0.31953181402876407f,-0.9475728017497282f,1.5308084989341915e-17f,0f,0f,0f,1f],start_interpolation:0}
execute if entity @s[tag=aj.animal_alpha.bone.bone5] run data modify entity @s {} merge value {transformation:[-0.9995537008318793f,0.023778524660933196f,0.018082613700553862f,-0.16821240430983592f,0.02746052482709512f,0.9696861819748428f,0.24280574141332106f,-1.4388071253807695f,-0.011760898329403233f,0.2431939354753762f,-0.9699063826052925f,-0.07174648128745512f,0f,0f,0f,1f],start_interpolation:0}
execute if entity @s[tag=aj.animal_alpha.bone.bone2] run data modify entity @s {} merge value {transformation:[-0.9975651406853099f,0.06913984689573748f,0.009136282653900676f,-0.125f,0.06973153085670997f,0.9909802894981202f,0.11443591844609566f,-0.8194444444444444f,-0.001141794148562993f,0.11479437005992817f,-0.9933886192767998f,-1.5308084989341915e-17f,0f,0f,0f,1f],start_interpolation:0}
execute if entity @s[tag=aj.animal_alpha.bone.head] run data modify entity @s {} merge value {transformation:[-0.994608633321246f,-0.017983921666496885f,-0.10212857134189295f,0.012588072488790097f,-0.028790796959031265f,0.9940183624747159f,0.105349822370749f,0.05512535702526744f,0.09962307229405563f,0.10772220581002707f,-0.9891770164344276f,0.09343234374045134f,0f,0f,0f,1f],start_interpolation:0}
execute if entity @s[tag=aj.animal_alpha.bone.bone6] run data modify entity @s {} merge value {transformation:[-0.9818341992390784f,-0.14627771280379445f,0.12084881439818977f,0.5350458313210995f,-0.15477550876901958f,0.9858639420349291f,-0.0641625255163897f,-1.029365005334304f,-0.10975494107259426f,-0.0817013985941541f,-0.9905951415073216f,0.029924574112684336f,0f,0f,0f,1f],start_interpolation:0}
execute if entity @s[tag=aj.animal_alpha.bone.left_down_arm] run data modify entity @s {} merge value {transformation:[-0.9818341992390784f,-0.14627771280379445f,0.12084881439818977f,0.45276461786896516f,-0.15477550876901958f,0.9858639420349291f,-0.0641625255163897f,-0.4748165379396565f,-0.10975494107259426f,-0.0817013985941541f,-0.9905951415073216f,-0.016032462596527346f,0f,0f,0f,1f],start_interpolation:0}
execute if entity @s[tag=aj.animal_alpha.bone.left_upper_arm] run data modify entity @s {} merge value {transformation:[-0.9818341992390784f,-0.16930790491297695f,0.08565301243117981f,0.2559631345646529f,-0.15477550876901958f,0.975776735058584f,0.154610171734273f,-0.0672611549476535f,-0.10975494107259426f,0.13854456558230127f,-0.9842556864238899f,0.03086141721165518f,0f,0f,0f,1f],start_interpolation:0}
execute if entity @s[tag=aj.animal_alpha.bone.bone7] run data modify entity @s {} merge value {transformation:[-0.8837120563727109f,-0.15916264835742722f,-0.4401366296837434f,-0.33494495802363644f,0.09948597998827352f,0.8550300755363613f,-0.5089460774129783f,-0.9575608787187198f,0.4573352612769842f,-0.49354920858627105f,-0.7397659342633848f,0.40801938402819143f,0f,0f,0f,1f],start_interpolation:0}
execute if entity @s[tag=aj.animal_alpha.bone.left_down_arm2] run data modify entity @s {} merge value {transformation:[-0.8409257842311865f,-0.12019655155737222f,-0.5276330300586574f,-0.4355325826533244f,0.13680127119075824f,0.8961340013537431f,-0.4221720784447052f,-0.4798712578600334f,0.5235735264657263f,-0.42719625538087963f,-0.7371391468188336f,0.12165029370026954f,0f,0f,0f,1f],start_interpolation:0}
execute if entity @s[tag=aj.animal_alpha.bone.left_upper_arm2] run data modify entity @s {} merge value {transformation:[-0.8409257842311865f,0.19419959446005788f,-0.5051042891588955f,-0.2454545370481508f,0.13680127119075824f,0.9793612678900306f,0.1487848082212172f,-0.0685008620569898f,0.5235735264657263f,0.0560180726942725f,-0.8501368936329389f,0.08071150969579798f,0f,0f,0f,1f],start_interpolation:0}
execute if entity @s[tag=aj.animal_alpha.bone.upperbody] run data modify entity @s {} merge value {transformation:[-0.9751392571532416f,0.0032780176995806133f,-0.2215686885789266f,-0.18532783790096835f,-0.009615382354792285f,0.9983228604929517f,0.05708774508895756f,-0.3174806157830532f,0.2213842216166167f,0.057798968997135935f,-0.973472293186649f,0.052425253595475445f,0f,0f,0f,1f],start_interpolation:0}
execute if entity @s[tag=aj.animal_alpha.bone.downbody] run data modify entity @s {} merge value {transformation:[-0.9751392571532416f,0.022576527475294022f,-0.22043985475812083f,0f,-0.009615382354792285f,0.9895484157818467f,0.14388007939186254f,-0.8194444444444444f,0.2213842216166167f,0.14242272722706445f,-0.9647304251387586f,0f,0f,0f,0f,1f],start_interpolation:0}