execute if entity @s[tag=aj.animal_alpha.bone.bone4] run data modify entity @s {} merge value {transformation:[-1f,-5.749368466564467e-17f,1.0812989434095456e-16f,0.12500000000000003f,0f,0.8829475928589271f,0.46947156278589075f,-1.4632885599614494f,-1.2246467991473532e-16f,0.46947156278589075f,-0.8829475928589271f,-0.17227334738562444f,0f,0f,0f,1f],start_interpolation:0}
execute if entity @s[tag=aj.animal_alpha.bone.bone] run data modify entity @s {} merge value {transformation:[-1f,-3.375584055267281e-17f,1.1772060590738186e-16f,0.125f,0f,0.9612616959383189f,0.27563735581699916f,-0.8625f,-1.2246467991473532e-16f,0.27563735581699916f,-0.9612616959383189f,1.5308084989341915e-17f,0f,0f,0f,1f],start_interpolation:0}
execute if entity @s[tag=aj.animal_alpha.bone.bone5] run data modify entity @s {} merge value {transformation:[-1f,0f,1.2246467991473532e-16f,-0.12500000000000003f,0f,0.9999999999999999f,0f,-1.4334659110266257f,-1.2246467991473532e-16f,0f,-0.9999999999999999f,0.25421040192237515f,0f,0f,0f,1f],start_interpolation:0}
execute if entity @s[tag=aj.animal_alpha.bone.bone2] run data modify entity @s {} merge value {transformation:[-1f,4.981087280387182e-17f,1.1187705205776151e-16f,-0.125f,0f,0.9135454576426009f,-0.4067366430758002f,-0.8625f,-1.2246467991473532e-16f,-0.4067366430758002f,-0.9135454576426009f,-1.5308084989341915e-17f,0f,0f,0f,1f],start_interpolation:0}
execute if entity @s[tag=aj.animal_alpha.bone.head] run data modify entity @s {} merge value {transformation:[-1.0000000000000002f,0f,1.1102230246251565e-16f,0f,0f,1f,0f,0.012499999999999956f,-1.1102230246251565e-16f,0f,-1.0000000000000002f,0f,0f,0f,0f,1f],start_interpolation:0}
execute if entity @s[tag=aj.animal_alpha.bone.bone6] run data modify entity @s {} merge value {transformation:[-0.967475529039192f,-0.08702601322371835f,0.2375238382409669f,0.5244105630816117f,-0.23214480803042709f,0.678473654771048f,-0.6969808375315156f,-0.8704607631346618f,-0.10049820304290004f,-0.7294518303520816f,-0.6766092952222473f,0.35233887306961675f,0f,0f,0f,1f],start_interpolation:0}
execute if entity @s[tag=aj.animal_alpha.bone.left_down_arm] run data modify entity @s {} merge value {transformation:[-0.967475529039192f,-0.08702601322371835f,0.2375238382409669f,0.47545843064327015f,-0.23214480803042709f,0.678473654771048f,-0.6969808375315156f,-0.48881933232594726f,-0.10049820304290004f,-0.7294518303520816f,-0.6766092952222473f,-0.05797778150342914f,0f,0f,0f,1f],start_interpolation:0}
execute if entity @s[tag=aj.animal_alpha.bone.left_upper_arm] run data modify entity @s {} merge value {transformation:[-0.967475529039192f,-0.2513990613255308f,0.028100047597429623f,0.24453690018345142f,-0.23214480803042709f,0.9264855618965727f,0.2961980616103154f,-0.11250000000000004f,-0.10049820304290004f,0.28004109620167195f,-0.9547130959735045f,0.051977922704439836f,0f,0f,0f,1f],start_interpolation:0}
execute if entity @s[tag=aj.animal_alpha.bone.bone7] run data modify entity @s {} merge value {transformation:[-0.9187795713362004f,0.303622944335856f,0.2523037989569198f,-0.6011908517764204f,0.2723366185635431f,0.9501677563696647f,-0.15170366160647836f,-1.0039672966625182f,-0.2857916469819287f,-0.07067066172226877f,-0.9556823698735337f,-0.2116236377993821f,0f,0f,0f,1f],start_interpolation:0}
execute if entity @s[tag=aj.animal_alpha.bone.left_down_arm2] run data modify entity @s {} merge value {transformation:[-0.9187795713362004f,0.303622944335856f,0.2523037989569198f,-0.4146339581526939f,0.2723366185635431f,0.9501677563696647f,-0.15170366160647836f,-0.4789794125549867f,-0.2857916469819287f,-0.07067066172226877f,-0.9556823698735337f,-0.31110603313525415f,0f,0f,0f,1f],start_interpolation:0}
execute if entity @s[tag=aj.animal_alpha.bone.left_upper_arm2] run data modify entity @s {} merge value {transformation:[-0.9187795713362004f,0.15598649652189125f,0.36264626317955373f,-0.23154241950734145f,0.2723366185635431f,0.915477691143839f,0.29619818231603134f,-0.11250000000000004f,-0.2857916469819287f,0.3709026960279093f,-0.8836030356413367f,-0.1131121477503027f,0f,0f,0f,1f],start_interpolation:0}
execute if entity @s[tag=aj.animal_alpha.bone.upperbody] run data modify entity @s {} merge value {transformation:[-0.9781476007338057f,0f,0.2079116908177594f,-0.1704081944614786f,0f,1f,0f,-0.36250000000000004f,-0.2079116908177594f,0f,-0.9781476007338057f,-0.10011766707419274f,0f,0f,0f,1f],start_interpolation:0}
execute if entity @s[tag=aj.animal_alpha.bone.downbody] run data modify entity @s {} merge value {transformation:[-0.9781476007338057f,0f,0.2079116908177594f,0f,0f,1f,0f,-0.8625f,-0.2079116908177594f,0f,-0.9781476007338057f,0f,0f,0f,0f,1f],start_interpolation:0}