execute if entity @s[tag=aj.animal_alpha.bone.bone4] run data modify entity @s {} merge value {transformation:[-0.9997964027559058f,0.008938072337233332f,-0.01809043667922267f,0.16665108923830518f,-0.005073427660182357f,0.7563871112736804f,0.6541045774421959f,-1.3884270777423464f,0.019529807170770453f,0.6540631840747125f,-0.7561877662789324f,-0.1916624380713178f,0f,0f,0f,1f],start_interpolation:0}
execute if entity @s[tag=aj.animal_alpha.bone.bone] run data modify entity @s {} merge value {transformation:[-0.9975657266592279f,-0.06664174278128827f,-0.020530443587975823f,0.125f,-0.06972672296076274f,0.9494833243877544f,0.30597320277228734f,-0.7949999999999999f,-0.0008972736480511956f,0.30665990091410855f,-0.951818732780223f,1.5308084989341915e-17f,0f,0f,0f,1f],start_interpolation:0}
execute if entity @s[tag=aj.animal_alpha.bone.bone5] run data modify entity @s {} merge value {transformation:[-0.9945323985224647f,0.1044259039328479f,0.0007340823940126737f,-0.15859739004822282f,0.10351585188066607f,0.9867438377401593f,-0.12498426737490687f,-1.2873311539925298f,-0.013775946376694964f,-0.12422491404557245f,-0.9921584520789994f,0.3835443262392645f,0f,0f,0f,1f],start_interpolation:0}
execute if entity @s[tag=aj.animal_alpha.bone.bone2] run data modify entity @s {} merge value {transformation:[-0.9975685445526004f,0.05375582407715648f,-0.04435437179120528f,-0.125f,0.06966239776813438f,0.787729846388048f,-0.6120693093487506f,-0.7949999999999999f,0.002036972361346391f,-0.6136709219828231f,-0.7895592759611851f,-1.5308084989341915e-17f,0f,0f,0f,1f],start_interpolation:0}
execute if entity @s[tag=aj.animal_alpha.bone.head] run data modify entity @s {} merge value {transformation:[-0.9839182682944397f,-0.06651372106083227f,0.16577323736693078f,-0.09621420131788852f,-0.018762000620021962f,0.9614325792690607f,0.2744000416413521f,0.05215134442159669f,-0.17763115900428422f,0.26687697620941997f,-0.947219008952054f,0.21642048696468238f,0f,0f,0f,1f],start_interpolation:0}
execute if entity @s[tag=aj.animal_alpha.bone.bone6] run data modify entity @s {} merge value {transformation:[-0.7304081700849161f,0.4322575530872064f,0.5288263541771203f,0.10202216057396529f,-0.2196006295550106f,0.5845238647776955f,-0.7810937299738038f,-0.7896860377120445f,-0.6467452887901444f,-0.6866478422775442f,-0.3320169756553806f,0.7691759860927279f,0f,0f,0f,1f],start_interpolation:0}
execute if entity @s[tag=aj.animal_alpha.bone.left_down_arm] run data modify entity @s {} merge value {transformation:[-0.7304081700849161f,0.4322575530872064f,0.5288263541771203f,0.3451670341855189f,-0.2196006295550106f,0.5845238647776955f,-0.7810937299738038f,-0.4608913637745907f,-0.6467452887901444f,-0.6866478422775442f,-0.3320169756553806f,0.3829365748116093f,0f,0f,0f,1f],start_interpolation:0}
execute if entity @s[tag=aj.animal_alpha.bone.left_upper_arm] run data modify entity @s {} merge value {transformation:[-0.7304081700849161f,-0.23386651380869689f,0.6417245193945535f,0.15154941313359951f,-0.2196006295550106f,0.9700755937077181f,0.10358043247477496f,-0.06393337022184037f,-0.6467452887901444f,-0.06526711431942596f,-0.7599083729083183f,0.2735390511980924f,0f,0f,0f,1f],start_interpolation:0}
execute if entity @s[tag=aj.animal_alpha.bone.bone7] run data modify entity @s {} merge value {transformation:[-0.9520283097191824f,0.24551022511177664f,0.1826658886021179f,-0.6327180646635038f,0.2847724580829539f,0.9292983713800479f,0.23517904682982038f,-0.8782003719835018f,-0.11201225205587514f,0.27591532453989437f,-0.954632908019316f,-0.38633495978780186f,0f,0f,0f,1f],start_interpolation:0}
execute if entity @s[tag=aj.animal_alpha.bone.left_down_arm2] run data modify entity @s {} merge value {transformation:[-0.966130279903293f,0.22865560338788424f,0.11961980309843001f,-0.49662305006416707f,0.2562105412593913f,0.9052649060089583f,0.3388976371947163f,-0.347807760028793f,-0.030796766089224187f,0.3580671235786864f,-0.9331878129350658f,-0.24324644108323235f,0f,0f,0f,1f],start_interpolation:0}
execute if entity @s[tag=aj.animal_alpha.bone.left_upper_arm2] run data modify entity @s {} merge value {transformation:[-0.966130279903293f,0.17156387094292838f,0.19276441694737853f,-0.3007975715387243f,0.2562105412593913f,0.7268740136920144f,0.63718939630759f,-0.06182669669596058f,-0.030796766089224187f,0.6649962454077011f,-0.7462114665375401f,0.051539012043789904f,0f,0f,0f,1f],start_interpolation:0}
execute if entity @s[tag=aj.animal_alpha.bone.upperbody] run data modify entity @s {} merge value {transformation:[-0.9441723687099586f,-0.09376417819198721f,0.3158271949224881f,-0.21834575394635505f,-0.023279042695674358f,0.975235802538845f,0.21993911797947185f,-0.3041807071621922f,-0.3286283985534406f,0.20030828323960137f,-0.9229734380413147f,0.0220012161434796f,0f,0f,0f,1f],start_interpolation:0}
execute if entity @s[tag=aj.animal_alpha.bone.downbody] run data modify entity @s {} merge value {transformation:[-0.9441723687099586f,-0.1209335309391662f,0.3064532905015245f,0f,-0.023279042695674358f,0.9523557786916801f,0.30409958395850634f,-0.7949999999999999f,-0.3286283985534406f,0.27998848527600095f,-0.9020032282520122f,0f,0f,0f,0f,1f],start_interpolation:0}