execute if entity @s[tag=aj.animal_alpha.bone.bone4] run data modify entity @s {} merge value {transformation:[-0.9999530654376036f,-0.0053659951179406366f,-0.008066784882097569f,0.16852906711064727f,-0.00846804923631057f,0.8886036503955143f,0.45859769367703784f,-1.4778854891182196f,0.004707341507817423f,0.4586444795265293f,-0.8886073836828994f,-0.02727430590194866f,0f,0f,0f,1f],start_interpolation:0}
execute if entity @s[tag=aj.animal_alpha.bone.bone] run data modify entity @s {} merge value {transformation:[-0.9975673605208888f,-0.06964650737703564f,-0.002953850633947845f,0.125f,-0.06970906250698468f,0.9966167825891514f,0.04353889371637098f,-0.855f,-0.00008847476735117623f,0.043638889443117876f,-0.9990473659944191f,1.5308084989341915e-17f,0f,0f,0f,1f],start_interpolation:0}
execute if entity @s[tag=aj.animal_alpha.bone.bone5] run data modify entity @s {} merge value {transformation:[-0.9962547448764331f,0.08637305844460971f,0.0040221991642594365f,-0.16494241536435642f,0.08646485694452648f,0.9954559433156773f,0.03989101942865525f,-1.431047682211373f,-0.0005584127107351039f,0.0400893962590958f,-0.9991959409859636f,0.23916243700415474f,0f,0f,0f,1f],start_interpolation:0}
execute if entity @s[tag=aj.animal_alpha.bone.bone2] run data modify entity @s {} merge value {transformation:[-0.9975686350186411f,0.06390786458297026f,-0.027795741966888183f,-0.125f,0.0696800546393319f,0.9216762915381967f,-0.38165102332085615f,-0.855f,0.0012281744602528268f,-0.3826598992066476f,-0.9238884635748265f,-1.5308084989341915e-17f,0f,0f,0f,1f],start_interpolation:0}
execute if entity @s[tag=aj.animal_alpha.bone.head] run data modify entity @s {} merge value {transformation:[-0.9852354846148844f,-0.0644602360580553f,0.15860617208360306f,-0.09275494264130735f,-0.018849677280815817f,0.9616222768221399f,0.2737284902705832f,-0.007763365822956059f,-0.1701638314157355f,0.26669734660611727f,-0.9486394445684693f,0.21759367268500587f,0f,0f,0f,1f],start_interpolation:0}
execute if entity @s[tag=aj.animal_alpha.bone.bone6] run data modify entity @s {} merge value {transformation:[-0.764830773659428f,0.26656958009527454f,0.586493432726531f,0.2171348005882558f,-0.15388785870898192f,0.8084274417878812f,-0.5681228725427856f,-0.979576149683843f,-0.6255816610207539f,-0.5247720746496816f,-0.5772883638723232f,0.6062428366828552f,0f,0f,0f,1f],start_interpolation:0}
execute if entity @s[tag=aj.animal_alpha.bone.left_down_arm] run data modify entity @s {} merge value {transformation:[-0.764830773659428f,0.26656958009527454f,0.586493432726531f,0.3670801893918477f,-0.15388785870898192f,0.8084274417878812f,-0.5681228725427856f,-0.5248357136781598f,-0.6255816610207539f,-0.5247720746496816f,-0.5772883638723232f,0.3110585446924093f,0f,0f,0f,1f],start_interpolation:0}
execute if entity @s[tag=aj.animal_alpha.bone.left_upper_arm] run data modify entity @s {} merge value {transformation:[-0.764830773659428f,-0.26420189467079647f,0.5875638233552865f,0.1558880137659458f,-0.15388785870898192f,0.9605606769526397f,0.23160680653696442f,-0.12382639985000274f,-0.6255816610207539f,0.08672107439744839f,-0.7753238295382563f,0.2708013071136987f,0f,0f,0f,1f],start_interpolation:0}
execute if entity @s[tag=aj.animal_alpha.bone.bone7] run data modify entity @s {} merge value {transformation:[-0.9884557393875814f,0.14334276039331317f,0.04907243946019915f,-0.5574983913438714f,0.1324128433408457f,0.9747115669366544f,-0.18001166683935987f,-1.0415885875534672f,-0.07363484358741007f,-0.171435744005494f,-0.9824396650620029f,-0.027061451811203577f,0f,0f,0f,1f],start_interpolation:0}
execute if entity @s[tag=aj.animal_alpha.bone.left_down_arm2] run data modify entity @s {} merge value {transformation:[-0.9900438860291354f,0.1385203530040609f,-0.025004310427574422f,-0.4811434621808105f,0.14013429201474442f,0.986691545677621f,-0.0824752926022912f,-0.49172929889744865f,0.013247035059003903f,-0.08515812052844746f,-0.9962793837926227f,-0.1372303560954942f,0f,0f,0f,1f],start_interpolation:0}
execute if entity @s[tag=aj.animal_alpha.bone.left_upper_arm2] run data modify entity @s {} merge value {transformation:[-0.9900438860291354f,0.13130935411465366f,0.05070460786083089f,-0.2999401340020076f,0.14013429201474442f,0.8855783525835373f,0.4428468828353139f,-0.12180555614399416f,0.013247035059003903f,0.44554330312262624f,-0.8951623769488557f,0.0560389596382793f,0f,0f,0f,1f],start_interpolation:0}
execute if entity @s[tag=aj.animal_alpha.bone.upperbody] run data modify entity @s {} merge value {transformation:[-0.9492905973768926f,-0.09056245650423984f,0.30107441472788754f,-0.2179688575398918f,-0.023405235187228174f,0.9753147425908298f,0.21957538079396288f,-0.36417141459249985f,-0.3135276011735696f,0.2013941269175964f,-0.9279767502181541f,0.025285902982228298f,0f,0f,0f,1f],start_interpolation:0}
execute if entity @s[tag=aj.animal_alpha.bone.downbody] run data modify entity @s {} merge value {transformation:[-0.9492905973768926f,-0.11645820325361356f,0.2920356975213174f,0f,-0.023405235187228174f,0.9524661201375025f,0.3037441109816667f,-0.855f,-0.3135276011735696f,0.2815062643799469f,-0.9068928638032139f,0f,0f,0f,0f,1f],start_interpolation:0}