execute if entity @s[tag=aj.animal_alpha.bone.bone4] run data modify entity @s {} merge value {transformation:[-1f,-6.398761948384729e-17f,1.0441830481007122e-16f,0.12500000000000003f,0f,0.8526401643540923f,0.5224985647159489f,-1.4682036414306676f,-1.2246467991473532e-16f,0.5224985647159489f,-0.8526401643540923f,-0.16176190318907543f,0f,0f,0f,1f],start_interpolation:0}
execute if entity @s[tag=aj.animal_alpha.bone.bone] run data modify entity @s {} merge value {transformation:[-1f,-3.169619151431765e-17f,1.1829179713786698e-16f,0.125f,0f,0.9659258262890683f,0.25881904510252074f,-0.8645f,-1.2246467991473532e-16f,0.25881904510252074f,-0.9659258262890683f,1.5308084989341915e-17f,0f,0f,0f,1f],start_interpolation:0}
execute if entity @s[tag=aj.animal_alpha.bone.bone5] run data modify entity @s {} merge value {transformation:[-1f,-9.075672530743876e-18f,1.2212792471311907e-16f,-0.12500000000000003f,0f,0.9972501850994857f,0.07410849019539933f,-1.4262462789369794f,-1.2246467991473532e-16f,0.07410849019539933f,-0.9972501850994857f,0.2739819667431734f,0f,0f,0f,1f],start_interpolation:0}
execute if entity @s[tag=aj.animal_alpha.bone.bone2] run data modify entity @s {} merge value {transformation:[-1f,5.368498217537982e-17f,1.1007052518929729e-16f,-0.125f,0f,0.898794046299167f,-0.4383711467890774f,-0.8645f,-1.2246467991473532e-16f,-0.4383711467890774f,-0.898794046299167f,-1.5308084989341915e-17f,0f,0f,0f,1f],start_interpolation:0}
execute if entity @s[tag=aj.animal_alpha.bone.head] run data modify entity @s {} merge value {transformation:[-1f,0f,1.1102230246251565e-16f,0f,0f,1f,0f,0.010499999999999954f,-1.1102230246251565e-16f,0f,-1f,0f,0f,0f,0f,1f],start_interpolation:0}
execute if entity @s[tag=aj.animal_alpha.bone.bone6] run data modify entity @s {} merge value {transformation:[-0.9680438278601482f,-0.09307744275714704f,0.23286849720746233f,0.5274691467861614f,-0.23214480803042709f,0.6838596818471181f,-0.6916969883182047f,-0.8754904033649512f,-0.09486798957703303f,-0.7236522128714514f,-0.6836135892153283f,0.3463114799830569f,0f,0f,0f,1f],start_interpolation:0}
execute if entity @s[tag=aj.animal_alpha.bone.left_down_arm] run data modify entity @s {} merge value {transformation:[-0.9680438278601482f,-0.09307744275714704f,0.23286849720746233f,0.4751130852352662f,-0.23214480803042709f,0.6838596818471181f,-0.6916969883182047f,-0.49081933232594727f,-0.09486798957703303f,-0.7236522128714514f,-0.6836135892153283f,-0.06074288975713453f,0f,0f,0f,1f],start_interpolation:0}
execute if entity @s[tag=aj.animal_alpha.bone.left_upper_arm] run data modify entity @s {} merge value {transformation:[-0.9680438278601482f,-0.2497656029973937f,0.02254530774285851f,0.2448351554413879f,-0.23214480803042709f,0.9264855618965727f,0.2961980616103154f,-0.11450000000000005f,-0.09486798957703303f,0.281498929228053f,-0.9548604177559523f,0.05055439308300952f,0f,0f,0f,1f],start_interpolation:0}
execute if entity @s[tag=aj.animal_alpha.bone.bone7] run data modify entity @s {} merge value {transformation:[-0.9204266817244549f,0.3041613621870324f,0.24556178310608096f,-0.6028752502412704f,0.2723366185635431f,0.9495722271601637f,-0.15538774596299998f,-1.0054020562098913f,-0.280441597768741f,-0.0761475617378225f,-0.9568458909784273f,-0.20605266760073174f,0f,0f,0f,1f],start_interpolation:0}
execute if entity @s[tag=aj.animal_alpha.bone.left_down_arm2] run data modify entity @s {} merge value {transformation:[-0.9204266817244549f,0.3041613621870324f,0.24556178310608096f,-0.4164368725669347f,0.2723366185635431f,0.9495722271601637f,-0.15538774596299998f,-0.4809794125549867f,-0.280441597768741f,-0.0761475617378225f,-0.9568458909784273f,-0.3086885392644086f,0f,0f,0f,1f],start_interpolation:0}
execute if entity @s[tag=aj.animal_alpha.bone.left_upper_arm2] run data modify entity @s {} merge value {transformation:[-0.9204266817244549f,0.1581416689845539f,0.35749956097943514f,-0.23219655717063548f,0.2723366185635431f,0.915477691143839f,0.29619818231603134f,-0.11450000000000005f,-0.280441597768741f,0.36998893165705027f,-0.8856978608375378f,-0.11176318194335648f,0f,0f,0f,1f],start_interpolation:0}
execute if entity @s[tag=aj.animal_alpha.bone.upperbody] run data modify entity @s {} merge value {transformation:[-0.9793406217655515f,0f,0.20221757233203808f,-0.1709877683102885f,0f,1f,0f,-0.36450000000000005f,-0.20221757233203808f,0f,-0.9793406217655515f,-0.0991245836726041f,0f,0f,0f,1f],start_interpolation:0}
execute if entity @s[tag=aj.animal_alpha.bone.downbody] run data modify entity @s {} merge value {transformation:[-0.9793406217655515f,0f,0.20221757233203808f,0f,0f,1f,0f,-0.8645f,-0.20221757233203808f,0f,-0.9793406217655515f,0f,0f,0f,0f,1f],start_interpolation:0}