execute if entity @s[tag=aj.animal_alpha.bone.bone4] run data modify entity @s {} merge value {transformation:[-1f,-3.682583948479538e-17f,1.1679664110263902e-16f,0.125f,0f,0.9537169507482269f,0.30070579950427306f,-1.445121686307341f,-1.2246467991473532e-16f,0.30070579950427306f,-0.9537169507482269f,0.05447233921728638f,0f,0f,0f,1f],start_interpolation:0}
execute if entity @s[tag=aj.animal_alpha.bone.bone] run data modify entity @s {} merge value {transformation:[-1f,1.0673500138322974e-17f,1.2199866483456202e-16f,0.125f,0f,0.9961946980917455f,-0.08715574274765818f,-0.8225f,-1.2246467991473532e-16f,-0.08715574274765818f,-0.9961946980917455f,1.5308084989341915e-17f,0f,0f,0f,1f],start_interpolation:0}
execute if entity @s[tag=aj.animal_alpha.bone.bone5] run data modify entity @s {} merge value {transformation:[-1f,-4.43858583473381e-17f,1.141380453897324e-16f,-0.125f,0f,0.9320078692827984f,0.3624380382837016f,-1.43800484563263f,-1.2246467991473532e-16f,0.3624380382837016f,-0.9320078692827984f,0.10853011104183144f,0f,0f,0f,1f],start_interpolation:0}
execute if entity @s[tag=aj.animal_alpha.bone.bone2] run data modify entity @s {} merge value {transformation:[-1f,2.1265768495757713e-17f,1.2060416625018976e-16f,-0.125f,0f,0.984807753012208f,-0.17364817766693033f,-0.8225f,-1.2246467991473532e-16f,-0.17364817766693033f,-0.984807753012208f,-1.5308084989341915e-17f,0f,0f,0f,1f],start_interpolation:0}
execute if entity @s[tag=aj.animal_alpha.bone.head] run data modify entity @s {} merge value {transformation:[-1f,0f,1.214306433183765e-16f,0f,0f,1f,0f,0.05249999999999999f,-1.214306433183765e-16f,0f,-1f,0f,0f,0f,0f,1f],start_interpolation:0}
execute if entity @s[tag=aj.animal_alpha.bone.bone6] run data modify entity @s {} merge value {transformation:[-0.9638281452176675f,-0.2599143915602223f,-0.05898996140150169f,0.5944999213734018f,-0.23214480803042709f,0.9274138201311756f,-0.29327869737540724f,-0.9704896061497335f,0.13093545963866082f,-0.2689760496579184f,-0.9542053186393554f,-0.017375147222454534f,0f,0f,0f,1f],start_interpolation:0}
execute if entity @s[tag=aj.animal_alpha.bone.left_down_arm] run data modify entity @s {} merge value {transformation:[-0.9638281452176675f,-0.2599143915602223f,-0.05898996140150169f,0.44829807612077677f,-0.23214480803042709f,0.9274138201311756f,-0.29327869737540724f,-0.44881933232594723f,0.13093545963866082f,-0.2689760496579184f,-0.9542053186393554f,-0.16867417515503363f,0f,0f,0f,1f],start_interpolation:0}
execute if entity @s[tag=aj.animal_alpha.bone.left_upper_arm] run data modify entity @s {} merge value {transformation:[-0.9638281452176675f,-0.17811501816689865f,-0.1982683706234471f,0.24989423752055015f,-0.23214480803042709f,0.9264855618965727f,0.2961980616103154f,-0.07250000000000001f,0.13093545963866082f,0.3315110011758244f,-0.9343213373934127f,-0.007271179685777826f,0f,0f,0f,1f],start_interpolation:0}
execute if entity @s[tag=aj.animal_alpha.bone.bone7] run data modify entity @s {} merge value {transformation:[-0.9602907446586283f,0.25258771393180984f,-0.11849528468964252f,-0.6110748728357734f,0.2723366185635431f,0.7563360018549095f,-0.5948013269046277f,-0.8272433306668341f,-0.06061725754562352f,-0.6034528142852869f,-0.7950913463362652f,0.18480456941976137f,0f,0f,0f,1f],start_interpolation:0}
execute if entity @s[tag=aj.animal_alpha.bone.left_down_arm2] run data modify entity @s {} merge value {transformation:[-0.9602907446586283f,0.25258771393180984f,-0.11849528468964252f,-0.47640023904223305f,0.2723366185635431f,0.7563360018549095f,-0.5948013269046277f,-0.4389794125549867f,-0.06061725754562352f,-0.6034528142852869f,-0.7950913463362652f,-0.2043308477617291f,0f,0f,0f,1f],start_interpolation:0}
execute if entity @s[tag=aj.animal_alpha.bone.left_upper_arm2] run data modify entity @s {} merge value {transformation:[-0.9602907446586283f,0.23920425946950846f,0.14360713065381286f,-0.2517120324419946f,0.2723366185635431f,0.915477691143839f,0.29619818231603134f,-0.07250000000000001f,-0.06061725754562352f,0.32354585342666614f,-0.9442688329168012f,-0.05520237969435972f,0f,0f,0f,1f],start_interpolation:0}
execute if entity @s[tag=aj.animal_alpha.bone.upperbody] run data modify entity @s {} merge value {transformation:[-0.9995769500822006f,0f,-0.0290847187431113f,-0.18923847306185707f,0f,1f,0f,-0.3225f,0.0290847187431113f,0f,-0.9995769500822006f,-0.05702017461580417f,0f,0f,0f,1f],start_interpolation:0}
execute if entity @s[tag=aj.animal_alpha.bone.downbody] run data modify entity @s {} merge value {transformation:[-0.9995769500822006f,0f,-0.0290847187431113f,0f,0f,1f,0f,-0.8225f,0.0290847187431113f,0f,-0.9995769500822006f,0f,0f,0f,0f,1f],start_interpolation:0}