execute if entity @s[tag=aj.animal_alpha.bone.bone4] run data modify entity @s {} merge value {transformation:[-0.999951720521463f,-0.007944355499513079f,-0.005783065092419288f,0.16856310302394875f,-0.009625899491428606f,0.9102077420674527f,0.4140401047476566f,-1.428431428803315f,0.0019745088368290534f,0.4140757823106381f,-0.9102402692798679f,0.00777879394134637f,0f,0f,0f,1f],start_interpolation:0}
execute if entity @s[tag=aj.animal_alpha.bone.bone] run data modify entity @s {} merge value {transformation:[-0.997567619867119f,-0.06970096483831802f,0.0007869518782785319f,0.125f,-0.06970536035770862f,0.9974902860853041f,-0.012421429179452676f,-0.805f,0.00008080874427926816f,-0.012446070306154166f,-0.9999225414020234f,1.5308084989341915e-17f,0f,0f,0f,1f],start_interpolation:0}
execute if entity @s[tag=aj.animal_alpha.bone.bone5] run data modify entity @s {} merge value {transformation:[-0.99660731843393f,0.08213743061492908f,0.005224493842342966f,-0.16589066812989023f,0.0822983258523832f,0.9938296041186727f,0.0743619764343117f,-1.3935133076952468f,0.0009156450327061109f,0.07453965702429738f,-0.9972176297703896f,0.20640988330380625f,0f,0f,0f,1f],start_interpolation:0}
execute if entity @s[tag=aj.animal_alpha.bone.bone2] run data modify entity @s {} merge value {transformation:[-0.9975685713285531f,0.06542506900782435f,-0.024010536079619255f,-0.125f,0.06968374449779376f,0.9416212923123949f,-0.32938354181212753f,-0.805f,0.0010588910593044211f,-0.33025581328609005f,-0.9438908710971134f,-1.5308084989341915e-17f,0f,0f,0f,1f],start_interpolation:0}
execute if entity @s[tag=aj.animal_alpha.bone.head] run data modify entity @s {} merge value {transformation:[-0.9990978017386892f,-0.029771018500162026f,0.030286449418541844f,-0.029453784906722236f,-0.020718442344729252f,0.9642087411272668f,0.26433359544442997f,0.043797355929156234f,-0.037071939627257335f,0.2634676260781093f,-0.9639556428078205f,0.22898891499574742f,0f,0f,0f,1f],start_interpolation:0}
execute if entity @s[tag=aj.animal_alpha.bone.bone6] run data modify entity @s {} merge value {transformation:[-0.9069915510018497f,0.0948323003299186f,0.41033298822467973f,0.3857936394140156f,-0.16256041096660082f,0.8199782449101982f,-0.5488258290754551f,-0.9342867922226026f,-0.38851053936493f,-0.5644842891419806f,-0.7282973624243356f,0.517249884477264f,0f,0f,0f,1f],start_interpolation:0}
execute if entity @s[tag=aj.animal_alpha.bone.left_down_arm] run data modify entity @s {} merge value {transformation:[-0.9069915510018497f,0.0948323003299186f,0.41033298822467973f,0.43913680834959484f,-0.16256041096660082f,0.8199782449101982f,-0.5488258290754551f,-0.47304902946061606f,-0.38851053936493f,-0.5644842891419806f,-0.7282973624243356f,0.19972747183489997f,0f,0f,0f,1f],start_interpolation:0}
execute if entity @s[tag=aj.animal_alpha.bone.left_upper_arm] run data modify entity @s {} merge value {transformation:[-0.9069915510018497f,-0.23192872237595352f,0.35153292043323187f,0.22429404843488399f,-0.16256041096660082f,0.962809750929028f,0.21580430093571562f,-0.07213981479999143f,-0.38851053936493f,0.138587341604639f,-0.9109627377392175f,0.21179561636631328f,0f,0f,0f,1f],start_interpolation:0}
execute if entity @s[tag=aj.animal_alpha.bone.bone7] run data modify entity @s {} merge value {transformation:[-0.9696009814393943f,0.0921889146993845f,-0.22666084972556017f,-0.5491660656676889f,0.1401452800508809f,0.9685555371929828f,-0.2055710871019382f,-0.9827759146177266f,0.2005822456530574f,-0.23108737607096175f,-0.952032240709008f,0.1341926448827179f,0f,0f,0f,1f],start_interpolation:0}
execute if entity @s[tag=aj.animal_alpha.bone.left_down_arm2] run data modify entity @s {} merge value {transformation:[-0.9469320136036616f,0.11159290275600557f,-0.30144118110670204f,-0.5052351316866046f,0.15010323980618645f,0.9827865917428649f,-0.1077011257607362f,-0.4366897771224111f,0.2842336697370691f,-0.1472329417791145f,-0.947382542504804f,-0.007837293774584253f,0f,0f,0f,1f],start_interpolation:0}
execute if entity @s[tag=aj.animal_alpha.bone.left_upper_arm2] run data modify entity @s {} merge value {transformation:[-0.9469320136036616f,0.2596686604967213f,-0.18945170458022623f,-0.27326359101883135f,0.15010323980618645f,0.8784110845348125f,0.453721262413457f,-0.0711478326142039f,0.2842336697370691f,0.4012058739876737f,-0.8707726842670168f,0.13216106737788935f,0f,0f,0f,1f],start_interpolation:0}
execute if entity @s[tag=aj.animal_alpha.bone.upperbody] run data modify entity @s {} merge value {transformation:[-0.99900434248233f,-0.031973981768189705f,0.03111250859919464f,-0.20283232417163832f,-0.024630952474901588f,0.9767592707829845f,0.21291933477181327f,-0.3137982157802687f,-0.037197310139667726f,0.2119410093148086f,-0.9765743026974413f,0.08150064693291643f,0f,0f,0f,1f],start_interpolation:0}
execute if entity @s[tag=aj.animal_alpha.bone.downbody] run data modify entity @s {} merge value {transformation:[-0.99900434248233f,-0.03456394491005843f,0.028207399981244885f,0f,-0.024630952474901588f,0.9544852640985941f,0.2972392921516538f,-0.805f,-0.037197310139667726f,0.2962485684874975f,-0.9543862665543139f,0f,0f,0f,0f,1f],start_interpolation:0}