execute if entity @s[tag=aj.animal_alpha.bone.bone4] run data modify entity @s {} merge value {transformation:[-1f,-2.231741529848943e-17f,1.2041399752941237e-16f,0.12499999999999999f,0f,0.9832549075639546f,0.1822355254921475f,-1.4554536414306676f,-1.2246467991473532e-16f,0.1822355254921475f,-0.9832549075639546f,0.1617619031890755f,0f,0f,0f,1f],start_interpolation:0}
execute if entity @s[tag=aj.animal_alpha.bone.bone] run data modify entity @s {} merge value {transformation:[-1f,3.169619151431765e-17f,1.1829179713786698e-16f,0.125f,0f,0.9659258262890683f,-0.25881904510252074f,-0.85175f,-1.2246467991473532e-16f,-0.25881904510252074f,-0.9659258262890683f,1.5308084989341915e-17f,0f,0f,0f,1f],start_interpolation:0}
execute if entity @s[tag=aj.animal_alpha.bone.bone5] run data modify entity @s {} merge value {transformation:[-1f,-6.076899529099347e-17f,1.0632368991876547e-16f,-0.125f,0f,0.8681988144891423f,0.4962165036752083f,-1.4763692668869348f,-1.2246467991473532e-16f,0.4962165036752083f,-0.8681988144891423f,0.021812185439063093f,0f,0f,0f,1f],start_interpolation:0}
execute if entity @s[tag=aj.animal_alpha.bone.bone2] run data modify entity @s {} merge value {transformation:[-1f,4.273955692857142e-18f,1.2239007774061617e-16f,-0.125f,0f,0.9993908270190958f,-0.03489949670250097f,-0.85175f,-1.2246467991473532e-16f,-0.03489949670250097f,-0.9993908270190958f,-1.5308084989341915e-17f,0f,0f,0f,1f],start_interpolation:0}
execute if entity @s[tag=aj.animal_alpha.bone.head] run data modify entity @s {} merge value {transformation:[-0.9999999999999999f,0f,1.1102230246251565e-16f,0f,0f,1f,0f,0.023249999999999993f,-1.1102230246251565e-16f,0f,-0.9999999999999999f,0f,0f,0f,0f,1f],start_interpolation:0}
execute if entity @s[tag=aj.animal_alpha.bone.bone6] run data modify entity @s {} merge value {transformation:[-0.9421104050296802f,-0.24026752007819818f,-0.2338792498925128f,0.5608354484176419f,-0.23214480803042709f,0.9706976256422429f,-0.06208790282356219f,-1.0240867467497088f,0.24194373899592447f,-0.00419980570795192f,-0.9702811905796624f,-0.2172155000673347f,0f,0f,0f,1f],start_interpolation:0}
execute if entity @s[tag=aj.animal_alpha.bone.left_down_arm] run data modify entity @s {} merge value {transformation:[-0.9421104050296802f,-0.24026752007819818f,-0.2338792498925128f,0.42568496837365544f,-0.23214480803042709f,0.9706976256422429f,-0.06208790282356219f,-0.4780693323259472f,0.24194373899592447f,-0.00419980570795192f,-0.9702811905796624f,-0.21957789077805764f,0f,0f,0f,1f],start_interpolation:0}
execute if entity @s[tag=aj.animal_alpha.bone.left_upper_arm] run data modify entity @s {} merge value {transformation:[-0.9421104050296802f,-0.13842458994219267f,-0.30539583761758715f,0.2473604096452361f,-0.23214480803042709f,0.9264855618965727f,0.2961980616103154f,-0.10175000000000001f,0.24194373899592447f,0.3499473338897267f,-0.9049862378313518f,-0.03623296482681165f,0f,0f,0f,1f],start_interpolation:0}
execute if entity @s[tag=aj.animal_alpha.bone.bone7] run data modify entity @s {} merge value {transformation:[-0.9608348362542745f,0.12272510719385486f,-0.24846521990910195f,-0.550404151168739f,0.2723366185635431f,0.5840602675117386f,-0.7646609510779871f,-0.7489720035879655f,0.051275565619472f,-0.8023790575397476f,-0.5946079922032919f,0.3408586757523041f,0f,0f,0f,1f],start_interpolation:0}
execute if entity @s[tag=aj.animal_alpha.bone.left_down_arm2] run data modify entity @s {} merge value {transformation:[-0.9608348362542745f,0.12272510719385486f,-0.24846521990910195f,-0.49690035461651455f,0.2723366185635431f,0.5840602675117386f,-0.7646609510779871f,-0.4682294125549867f,0.051275565619472f,-0.8023790575397476f,-0.5946079922032919f,-0.14764254362650966f,0f,0f,0f,1f],start_interpolation:0}
execute if entity @s[tag=aj.animal_alpha.bone.left_upper_arm2] run data modify entity @s {} merge value {transformation:[-0.9608348362542745f,0.2751482268178085f,0.033013190079684174f,-0.25641865085193905f,0.2723366185635431f,0.915477691143839f,0.29619818231603134f,-0.10175000000000001f,0.051275565619472f,0.29358823255873434f,-0.9545557951599486f,-0.025607137584497376f,0f,0f,0f,1f],start_interpolation:0}
execute if entity @s[tag=aj.animal_alpha.bone.upperbody] run data modify entity @s {} merge value {transformation:[-0.9894416385809445f,0f,-0.1449318593072466f,-0.19457854844063f,0f,1f,0f,-0.35175f,0.1449318593072466f,0f,-0.9894416385809445f,-0.03466537879120029f,0f,0f,0f,1f],start_interpolation:0}
execute if entity @s[tag=aj.animal_alpha.bone.downbody] run data modify entity @s {} merge value {transformation:[-0.9894416385809445f,0f,-0.1449318593072466f,0f,0f,1f,0f,-0.85175f,0.1449318593072466f,0f,-0.9894416385809445f,0f,0f,0f,0f,1f],start_interpolation:0}