execute if entity @s[tag=aj.animal_alpha.bone.bone4] run data modify entity @s {} merge value {transformation:[-0.9993011850189917f,-0.02686486888474646f,0.025988852214831378f,0.15805978432553314f,-0.031841616439493785f,0.9759947950509658f,-0.21545364117587634f,-1.2946244451559523f,-0.019576850670093054f,-0.21613060600763728f,-0.9761681761175235f,0.4222291085127033f,0f,0f,0f,1f],start_interpolation:0}
execute if entity @s[tag=aj.animal_alpha.bone.bone] run data modify entity @s {} merge value {transformation:[-0.9975683886747196f,-0.05289565492085303f,0.04538016755607493f,0.125f,-0.06965705067877745f,0.7353991122495238f,-0.6740445393246254f,-0.835f,0.002281492418928599f,-0.6755665736203252f,-0.7372954627550857f,1.5308084989341915e-17f,0f,0f,0f,1f],start_interpolation:0}
execute if entity @s[tag=aj.animal_alpha.bone.bone5] run data modify entity @s {} merge value {transformation:[-0.9992249622151935f,0.016249147922890686f,0.03585303442981088f,-0.16499204855968658f,0.0319801660972155f,0.8661690235113606f,0.4987268708278815f,-1.4110345977933918f,-0.02295090112478584f,0.49948692465484607f,-0.8660173602396226f,-0.23918565633625488f,0f,0f,0f,1f],start_interpolation:0}
execute if entity @s[tag=aj.animal_alpha.bone.bone2] run data modify entity @s {} merge value {transformation:[-0.9975651406853099f,0.0639872776954985f,0.027738391853478893f,-0.125f,0.06973153085670995f,0.9216553564694269f,0.3816921763615196f,-0.835f,-0.001141794148562994f,0.38269705013800775f,-0.9238731861688537f,-1.5308084989341915e-17f,0f,0f,0f,1f],start_interpolation:0}
execute if entity @s[tag=aj.animal_alpha.bone.head] run data modify entity @s {} merge value {transformation:[-0.9787678869250741f,0.03189818400273192f,-0.20247451538787145f,0.08326771349236786f,-0.02221790810523487f,0.965485799293017f,0.2595063311808622f,0.01657656093548171f,0.20376405002760636f,0.2584950235901106f,-0.9442777847092959f,0.2040692255673029f,0f,0f,0f,1f],start_interpolation:0}
execute if entity @s[tag=aj.animal_alpha.bone.bone6] run data modify entity @s {} merge value {transformation:[-0.9293699175465969f,-0.21017813003310487f,-0.30347439762724515f,0.5789640082799423f,-0.3293697315901253f,0.8433486987585121f,0.42459221874002007f,-0.8295940790681995f,0.16669473978407612f,0.4945585162122997f,-0.8530092249033463f,-0.5508595679834937f,0f,0f,0f,1f],start_interpolation:0}
execute if entity @s[tag=aj.animal_alpha.bone.left_down_arm] run data modify entity @s {} merge value {transformation:[-0.9293699175465969f,-0.21017813003310487f,-0.30347439762724515f,0.4607388101363208f,-0.3293697315901253f,0.8433486987585121f,0.42459221874002007f,-0.35521043601653646f,0.16669473978407612f,0.4945585162122997f,-0.8530092249033463f,-0.2726704026140751f,0f,0f,0f,1f],start_interpolation:0}
execute if entity @s[tag=aj.animal_alpha.bone.left_upper_arm] run data modify entity @s {} merge value {transformation:[-0.9293699175465969f,-0.10919393392155871f,-0.3526304597651291f,0.2967952243523142f,-0.3293697315901253f,0.6766386067979423f,0.6585406408892228f,-0.10035226199120237f,0.16669473978407612f,0.728173661007643f,-0.6648127429156614f,0.06674241654977825f,0f,0f,0f,1f],start_interpolation:0}
execute if entity @s[tag=aj.animal_alpha.bone.bone7] run data modify entity @s {} merge value {transformation:[-0.6794831357190162f,-0.6277207710894476f,-0.3798279897747434f,0.036679306004689216f,0.12614985625709932f,0.41002978742471763f,-0.9033060318578383f,-0.7227909645683521f,0.7227647487528472f,-0.6616964613531723f,-0.19942144065501935f,0.7606140382384732f,0f,0f,0f,1f],start_interpolation:0}
execute if entity @s[tag=aj.animal_alpha.bone.left_down_arm2] run data modify entity @s {} merge value {transformation:[-0.63915103362352f,-0.5922279134762023f,-0.4906649108277563f,-0.32711545225240934f,0.20098390422073395f,0.48719780842719884f,-0.8498492605797366f,-0.5018577761142863f,0.7423553235898407f,-0.6417977827660035f,-0.19236470459641158f,0.38757999139532046f,0f,0f,0f,1f],start_interpolation:0}
execute if entity @s[tag=aj.animal_alpha.bone.left_upper_arm2] run data modify entity @s {} merge value {transformation:[-0.63915103362352f,0.16176467359793195f,-0.751876417101734f,-0.17644952835037409f,0.20098390422073395f,0.9787884131151346f,0.03973301644410093f,-0.09876083340400663f,0.7423553235898407f,-0.12571965927137613f,-0.658105721605968f,0.2397832250153633f,0f,0f,0f,1f],start_interpolation:0}
execute if entity @s[tag=aj.animal_alpha.bone.upperbody] run data modify entity @s {} merge value {transformation:[-0.8902878225023588f,0.0723555581251471f,-0.44961346322414214f,-0.13889542897526344f,-0.02195049221763227f,0.9793315678487368f,0.20106679513619002f,-0.3422218196025888f,0.45486895804771316f,0.18887655604477072f,-0.8702987289323444f,0.16413477612618857f,0f,0f,0f,1f],start_interpolation:0}
execute if entity @s[tag=aj.animal_alpha.bone.downbody] run data modify entity @s {} merge value {transformation:[-0.8902878225023588f,0.11126661871838767f,-0.44159634584423985f,0f,-0.02195049221763227f,0.9580807896928023f,0.28565604546905693f,-0.835f,0.45486895804771316f,0.26400935585807034f,-0.850525302988685f,0f,0f,0f,0f,1f],start_interpolation:0}