execute if entity @s[tag=aj.animal_alpha.bone.bone4] run data modify entity @s {} merge value {transformation:[-1f,0f,1.2246467991473532e-16f,0.12499999999999999f,0f,0.9999999999999999f,0f,-1.4507011846051707f,-1.2246467991473532e-16f,0f,-0.9999999999999999f,0.0653302895422835f,0f,0f,0f,1f],start_interpolation:0}
execute if entity @s[tag=aj.animal_alpha.bone.bone] run data modify entity @s {} merge value {transformation:[-1f,1.2801044796052365e-17f,1.217938055844715e-16f,0.125f,0f,0.9945218953682733f,-0.10452846326765358f,-0.829125f,-1.2246467991473532e-16f,-0.10452846326765358f,-0.9945218953682733f,1.5308084989341915e-17f,0f,0f,0f,1f],start_interpolation:0}
execute if entity @s[tag=aj.animal_alpha.bone.bone5] run data modify entity @s {} merge value {transformation:[-1f,-1.81014322223733e-17f,1.2111951113721273e-16f,-0.125f,0f,0.9890158633619168f,0.14780941112961077f,-1.4537442668869347f,-1.2246467991473532e-16f,0.14780941112961077f,-0.9890158633619168f,-0.02181218543906314f,0f,0f,0f,1f],start_interpolation:0}
execute if entity @s[tag=aj.animal_alpha.bone.bone2] run data modify entity @s {} merge value {transformation:[-1f,-4.2739556928571464e-18f,1.2239007774061617e-16f,-0.125f,0f,0.9993908270190958f,0.034899496702501004f,-0.829125f,-1.2246467991473532e-16f,0.034899496702501004f,-0.9993908270190958f,-1.5308084989341915e-17f,0f,0f,0f,1f],start_interpolation:0}
execute if entity @s[tag=aj.animal_alpha.bone.head] run data modify entity @s {} merge value {transformation:[-1.0000000000000002f,0f,1.249000902703301e-16f,0f,0f,1f,0f,0.045875f,-1.249000902703301e-16f,0f,-1.0000000000000002f,0f,0f,0f,0f,1f],start_interpolation:0}
execute if entity @s[tag=aj.animal_alpha.bone.bone6] run data modify entity @s {} merge value {transformation:[-0.9618218910482006f,-0.25667564991576464f,-0.09495399223194034f,0.5901775336348817f,-0.23214480803042709f,0.9489305779966111f,-0.2136341411093602f,-0.9892177824490409f,0.14493942874518206f,-0.18343491729585654f,-0.9722881224779427f,-0.07199419517016338f,0f,0f,0f,1f],start_interpolation:0}
execute if entity @s[tag=aj.animal_alpha.bone.left_down_arm] run data modify entity @s {} merge value {transformation:[-0.9618218910482006f,-0.25667564991576464f,-0.09495399223194034f,0.4457974805572641f,-0.23214480803042709f,0.9489305779966111f,-0.2136341411093602f,-0.4554443323259472f,0.14493942874518206f,-0.18343491729585654f,-0.9722881224779427f,-0.17517633614908268f,0f,0f,0f,1f],start_interpolation:0}
execute if entity @s[tag=aj.animal_alpha.bone.left_upper_arm] run data modify entity @s {} merge value {transformation:[-0.9618218910482006f,-0.17327471721319904f,-0.21183607406471036f,0.24976205539546445f,-0.23214480803042709f,0.9264855618965727f,0.2961980616103154f,-0.079125f,0.14493942874518206f,0.3340664244905165f,-0.9313389211362009f,-0.010904846841333977f,0f,0f,0f,1f],start_interpolation:0}
execute if entity @s[tag=aj.animal_alpha.bone.bone7] run data modify entity @s {} merge value {transformation:[-0.9610707877468125f,0.23440312840547106f,-0.14628094316571005f,-0.6020308188241524f,0.2723366185635431f,0.7142539960123775f,-0.6447278459704731f,-0.8070767949387945f,-0.0466444758690317f,-0.6594667562311836f,-0.7502852059695861f,0.2204623559892308f,0f,0f,0f,1f],start_interpolation:0}
execute if entity @s[tag=aj.animal_alpha.bone.left_down_arm2] run data modify entity @s {} merge value {transformation:[-0.9610707877468125f,0.23440312840547106f,-0.14628094316571005f,-0.4793216180439318f,0.2723366185635431f,0.7142539960123775f,-0.6447278459704731f,-0.4456044125549867f,-0.0466444758690317f,-0.6594667562311836f,-0.7502852059695861f,-0.19738051976390908f,0f,0f,0f,1f],start_interpolation:0}
execute if entity @s[tag=aj.animal_alpha.bone.left_upper_arm2] run data modify entity @s {} merge value {transformation:[-0.9610707877468125f,0.2438845770737881f,0.12985859234282865f,-0.2524882671057979f,0.2723366185635431f,0.915477691143839f,0.29619818231603134f,-0.079125f,-0.0466444758690317f,0.3200326703377097f,-0.9462575668323178f,-0.051535667007532135f,0f,0f,0f,1f],start_interpolation:0}
execute if entity @s[tag=aj.animal_alpha.bone.upperbody] run data modify entity @s {} merge value {transformation:[-0.9990482215818578f,0f,-0.04361938736533591f,-0.19004775325693182f,0f,1f,0f,-0.329125f,0.04361938736533591f,0f,-0.9990482215818578f,-0.05426187871786563f,0f,0f,0f,1f],start_interpolation:0}
execute if entity @s[tag=aj.animal_alpha.bone.downbody] run data modify entity @s {} merge value {transformation:[-0.9990482215818578f,0f,-0.04361938736533591f,0f,0f,1f,0f,-0.829125f,0.04361938736533591f,0f,-0.9990482215818578f,0f,0f,0f,0f,1f],start_interpolation:0}