execute if entity @s[tag=aj.animal_alpha.bone.bone4] run data modify entity @s {} merge value {transformation:[-1f,-5.0785275224699986e-17f,1.1143811577270164e-16f,0.125f,0f,0.9099612708765433f,0.4146932426562391f,-1.466121686307341f,-1.2246467991473532e-16f,0.4146932426562391f,-0.9099612708765433f,-0.05447233921728633f,0f,0f,0f,1f],start_interpolation:0}
execute if entity @s[tag=aj.animal_alpha.bone.bone] run data modify entity @s {} merge value {transformation:[-1f,-1.067350013832297e-17f,1.2199866483456202e-16f,0.125f,0f,0.9961946980917455f,0.08715574274765815f,-0.8435f,-1.2246467991473532e-16f,0.08715574274765815f,-0.9961946980917455f,1.5308084989341915e-17f,0f,0f,0f,1f],start_interpolation:0}
execute if entity @s[tag=aj.animal_alpha.bone.bone5] run data modify entity @s {} merge value {transformation:[-1f,-2.702764073791122e-17f,1.1944498508837018e-16f,-0.12500000000000003f,0f,0.9753423205085128f,0.22069743502150102f,-1.437910322684471f,-1.2246467991473532e-16f,0.22069743502150102f,-0.9753423205085128f,0.19313562148434213f,0f,0f,0f,1f],start_interpolation:0}
execute if entity @s[tag=aj.animal_alpha.bone.bone2] run data modify entity @s {} merge value {transformation:[-1f,3.7843667304341506e-17f,1.1647083184890923e-16f,-0.125f,0f,0.9510565162951535f,-0.30901699437494745f,-0.8435f,-1.2246467991473532e-16f,-0.30901699437494745f,-0.9510565162951535f,-1.5308084989341915e-17f,0f,0f,0f,1f],start_interpolation:0}
execute if entity @s[tag=aj.animal_alpha.bone.head] run data modify entity @s {} merge value {transformation:[-1f,0f,1.249000902703301e-16f,0f,0f,1f,0f,0.03149999999999997f,-1.249000902703301e-16f,0f,-1f,0f,0f,0f,0f,1f],start_interpolation:0}
execute if entity @s[tag=aj.animal_alpha.bone.bone6] run data modify entity @s {} merge value {transformation:[-0.9725117631732375f,-0.20776939888938292f,0.10513204732537773f,0.581719008311768f,-0.23214480803042709f,0.8299005110155034f,-0.5073203425063127f,-0.9366383697721679f,0.01815650280745537f,-0.5177808597286606f,-0.855320596445831f,0.1757623029265045f,0f,0f,0f,1f],start_interpolation:0}
execute if entity @s[tag=aj.animal_alpha.bone.left_down_arm] run data modify entity @s {} merge value {transformation:[-0.9725117631732375f,-0.20776939888938292f,0.10513204732537773f,0.4648487214364902f,-0.23214480803042709f,0.8299005110155034f,-0.5073203425063127f,-0.46981933232594725f,0.01815650280745537f,-0.5177808597286606f,-0.855320596445831f,-0.11548943067086712f,0f,0f,0f,1f],start_interpolation:0}
execute if entity @s[tag=aj.animal_alpha.bone.left_upper_arm] run data modify entity @s {} merge value {transformation:[-0.9725117631732375f,-0.2153967463243408f,-0.08845966404281982f,0.2490486745229364f,-0.23214480803042709f,0.9264855618965727f,0.2961980616103154f,-0.09350000000000003f,0.01815650280745537f,0.3085915508727995f,-0.9510213436804262f,0.021788935686914562f,0f,0f,0f,1f],start_interpolation:0}
execute if entity @s[tag=aj.animal_alpha.bone.bone7] run data modify entity @s {} merge value {transformation:[-0.9467603681047725f,0.3171247981059396f,0.0554677186513281f,-0.6313070588421379f,0.2723366185635431f,0.8807961144523299f,-0.38733831588813095f,-0.9312185821914141f,-0.171690336290343f,-0.3516106755943929f,-0.920267548722959f,-0.002958200890216922f,0f,0f,0f,1f],start_interpolation:0}
execute if entity @s[tag=aj.animal_alpha.bone.left_down_arm2] run data modify entity @s {} merge value {transformation:[-0.9467603681047725f,0.3171247981059396f,0.0554677186513281f,-0.4494576274918388f,0.2723366185635431f,0.8807961144523299f,-0.38733831588813095f,-0.4599794125549867f,-0.171690336290343f,-0.3516106755943929f,-0.920267548722959f,-0.25825592770724787f,0f,0f,0f,1f],start_interpolation:0}
execute if entity @s[tag=aj.animal_alpha.bone.left_upper_arm2] run data modify entity @s {} merge value {transformation:[-0.9467603681047725f,0.20002546486293593f,0.2522590311415673f,-0.24360144060120775f,0.2723366185635431f,0.915477691143839f,0.29619818231603134f,-0.09350000000000003f,-0.171690336290343f,0.3491280716647002f,-0.9212122545864211f,-0.08405110431764864f,0f,0f,0f,1f],start_interpolation:0}
execute if entity @s[tag=aj.animal_alpha.bone.upperbody] run data modify entity @s {} merge value {transformation:[-0.9961946980917455f,0f,0.08715574274765824f,-0.18133927197047367f,0f,1f,0f,-0.3435f,-0.08715574274765824f,0f,-0.9961946980917455f,-0.07860387039592001f,0f,0f,0f,1f],start_interpolation:0}
execute if entity @s[tag=aj.animal_alpha.bone.downbody] run data modify entity @s {} merge value {transformation:[-0.9961946980917455f,0f,0.08715574274765824f,0f,0f,1f,0f,-0.8435f,-0.08715574274765824f,0f,-0.9961946980917455f,0f,0f,0f,0f,1f],start_interpolation:0}