execute if entity @s[tag=aj.animal_alpha.bone.bone4] run data modify entity @s {} merge value {transformation:[-1f,-2.962688750897932e-17f,1.1882695554102554e-16f,0.125f,0f,0.9702957262759965f,0.2419218955996677f,-1.4564175429634814f,-1.2246467991473532e-16f,0.2419218955996677f,-0.9702957262759965f,-0.08698318810004088f,0f,0f,0f,1f],start_interpolation:0}
execute if entity @s[tag=aj.animal_alpha.bone.bone] run data modify entity @s {} merge value {transformation:[-1f,-1.7043789261815557e-17f,1.2127286206821952e-16f,0.125f,0f,0.9902680687415704f,0.13917310096006544f,-0.8375f,-1.2246467991473532e-16f,0.13917310096006544f,-0.9902680687415704f,1.5308084989341915e-17f,0f,0f,0f,1f],start_interpolation:0}
execute if entity @s[tag=aj.animal_alpha.bone.bone5] run data modify entity @s {} merge value {transformation:[-1f,-3.0814879110195774e-33f,1.2246467991473532e-16f,-0.12500000000000003f,0f,1.0000000000000002f,0f,-1.4488422504586285f,-1.2246467991473532e-16f,0f,-1.0000000000000002f,0.1299448067610995f,0f,0f,0f,1f],start_interpolation:0}
execute if entity @s[tag=aj.animal_alpha.bone.bone2] run data modify entity @s {} merge value {transformation:[-1f,2.5461838666528304e-17f,1.1978853283323184e-16f,-0.125f,0f,0.9781476007338057f,-0.2079116908177593f,-0.8375f,-1.2246467991473532e-16f,-0.2079116908177593f,-0.9781476007338057f,-1.5308084989341915e-17f,0f,0f,0f,1f],start_interpolation:0}
execute if entity @s[tag=aj.animal_alpha.bone.head] run data modify entity @s {} merge value {transformation:[-0.9999999999999999f,0f,1.249000902703301e-16f,0f,0f,1f,0f,0.03749999999999998f,-1.249000902703301e-16f,0f,-0.9999999999999999f,0f,0f,0f,0f,1f],start_interpolation:0}
execute if entity @s[tag=aj.animal_alpha.bone.bone6] run data modify entity @s {} merge value {transformation:[-0.9726805195877151f,-0.19585414696354694f,0.12463450538175236f,0.5769614488749436f,-0.23214480803042709f,0.8178709932145258f,-0.5264938998343676f,-0.923871766009118f,0.0011810669281962088f,-0.5410436133764691f,-0.8409937059844412f,0.19697792027143474f,0f,0f,0f,1f],start_interpolation:0}
execute if entity @s[tag=aj.animal_alpha.bone.left_down_arm] run data modify entity @s {} merge value {transformation:[-0.9726805195877151f,-0.19585414696354694f,0.12463450538175236f,0.4667934912079485f,-0.23214480803042709f,0.8178709932145258f,-0.5264938998343676f,-0.46381933232594724f,0.0011810669281962088f,-0.5410436133764691f,-0.8409937059844412f,-0.10735911225282914f,0f,0f,0f,1f],start_interpolation:0}
execute if entity @s[tag=aj.animal_alpha.bone.left_upper_arm] run data modify entity @s {} merge value {transformation:[-0.9726805195877151f,-0.22074960552552178f,-0.07184858018707974f,0.24863047384206832f,-0.23214480803042709f,0.9264855618965727f,0.2961980616103154f,-0.08750000000000002f,0.0011810669281962088f,0.304785359322784f,-0.9524203325335892f,0.026132115816913395f,0f,0f,0f,1f],start_interpolation:0}
execute if entity @s[tag=aj.animal_alpha.bone.bone7] run data modify entity @s {} merge value {transformation:[-0.9436197623846803f,0.3223589159502115f,0.07527598119243595f,-0.6309136245495114f,0.2723366185635431f,0.8852432758654881f,-0.3770637992758183f,-0.9283622677745851f,-0.18818743376340186f,-0.33530444649951163f,-0.9231231867585179f,-0.019756760941509494f,0f,0f,0f,1f],start_interpolation:0}
execute if entity @s[tag=aj.animal_alpha.bone.left_down_arm2] run data modify entity @s {} merge value {transformation:[-0.9436197623846803f,0.3223589159502115f,0.07527598119243595f,-0.4448819855029902f,0.2723366185635431f,0.8852432758654881f,-0.3770637992758183f,-0.4539794125549867f,-0.18818743376340186f,-0.33530444649951163f,-0.9231231867585179f,-0.26606071126989217f,0f,0f,0f,1f],start_interpolation:0}
execute if entity @s[tag=aj.animal_alpha.bone.left_upper_arm2] run data modify entity @s {} merge value {transformation:[-0.9436197623846803f,0.1939018750104348f,0.2682979815513289f,-0.24209744488783996f,0.2723366185635431f,0.915477691143839f,0.29619818231603134f,-0.08750000000000002f,-0.18818743376340186f,0.35256582347894044f,-0.9166694223590978f,-0.08828973427743048f,0f,0f,0f,1f],start_interpolation:0}
execute if entity @s[tag=aj.animal_alpha.bone.upperbody] run data modify entity @s {} merge value {transformation:[-0.9945218953682733f,0f,0.10452846326765358f,-0.17993982642732287f,0f,1f,0f,-0.3375f,-0.10452846326765358f,0f,-0.9945218953682733f,-0.08175670532320213f,0f,0f,0f,1f],start_interpolation:0}
execute if entity @s[tag=aj.animal_alpha.bone.downbody] run data modify entity @s {} merge value {transformation:[-0.9945218953682733f,0f,0.10452846326765358f,0f,0f,1f,0f,-0.8375f,-0.10452846326765358f,0f,-0.9945218953682733f,0f,0f,0f,0f,1f],start_interpolation:0}