execute if entity @s[tag=aj.animal_alpha.bone.bone4] run data modify entity @s {} merge value {transformation:[-0.9995055162085222f,-0.025076149887530107f,0.01897128818909425f,0.16204162643055026f,-0.026414782472413093f,0.9969117235433781f,-0.07395454501723614f,-1.3965885145447028f,-0.017058204350711762f,-0.07441909814415548f,-0.9970811478990764f,0.34234243004107723f,0f,0f,0f,1f],start_interpolation:0}
execute if entity @s[tag=aj.animal_alpha.bone.bone] run data modify entity @s {} merge value {transformation:[-0.997568635545746f,-0.059266602288880435f,0.036664522750612674f,0.125f,-0.06966781531362859f,0.8345416232715245f,-0.5465223458713788f,-0.875f,0.0017924521819729325f,-0.5477478880657236f,-0.8366415231356347f,1.5308084989341915e-17f,0f,0f,0f,1f],start_interpolation:0}
execute if entity @s[tag=aj.animal_alpha.bone.bone5] run data modify entity @s {} merge value {transformation:[-0.9991208355550502f,0.03225015108822704f,0.026785886480850257f,-0.16732859021517932f,0.04040760211457331f,0.9110487893523979f,0.4103136959825743f,-1.4819746297945309f,-0.011170570761102516f,0.4110353162129948f,-0.9115509789224927f,-0.14288138169890244f,0f,0f,0f,1f],start_interpolation:0}
execute if entity @s[tag=aj.animal_alpha.bone.bone2] run data modify entity @s {} merge value {transformation:[-0.9975663207621187f,0.06772574434428688f,0.016572846289701938f,-0.125f,0.0697209408608935f,0.9711594076712496f,0.22800963860569434f,-0.875f,-0.0006527530938911012f,0.22861021071824383f,-0.973517819800315f,-1.5308084989341915e-17f,0f,0f,0f,1f],start_interpolation:0}
execute if entity @s[tag=aj.animal_alpha.bone.head] run data modify entity @s {} merge value {transformation:[-0.977643286414289f,0.03336294237449433f,-0.20760664393314773f,0.08559628622805651f,-0.022174148074956435f,0.9654686223003957f,0.25957397117300895f,-0.023366026937315154f,0.20909785194070868f,0.2583742507091067f,-0.9431441220112063f,0.20286264263786663f,0f,0f,0f,1f],start_interpolation:0}
execute if entity @s[tag=aj.animal_alpha.bone.bone6] run data modify entity @s {} merge value {transformation:[-0.9517591976036928f,-0.21655033084735037f,-0.2173945353192628f,0.5863394287881486f,-0.25920711857191886f,0.9465587438378257f,0.19193283759117546f,-0.9848407083663502f,0.1642135787881694f,0.23902405459296427f,-0.9570273778045857f,-0.35725214544055695f,0f,0f,0f,1f],start_interpolation:0}
execute if entity @s[tag=aj.animal_alpha.bone.left_down_arm] run data modify entity @s {} merge value {transformation:[-0.9517591976036928f,-0.21655033084735037f,-0.2173945353192628f,0.46452986768651405f,-0.25920711857191886f,0.9465587438378257f,0.19193283759117546f,-0.4524014149575733f,0.1642135787881694f,0.23902405459296427f,-0.9570273778045857f,-0.22280111473201453f,0f,0f,0f,1f],start_interpolation:0}
execute if entity @s[tag=aj.animal_alpha.bone.left_upper_arm] run data modify entity @s {} merge value {transformation:[-0.9517591976036928f,-0.10976355446682304f,-0.2865421293415401f,0.2975384129068174f,-0.25920711857191886f,0.7873562662261541f,0.5593583643032907f,-0.14033393830512075f,0.1642135787881694f,0.6066482276782965f,-0.7778250628492009f,0.06313418222576139f,0f,0f,0f,1f],start_interpolation:0}
execute if entity @s[tag=aj.animal_alpha.bone.bone7] run data modify entity @s {} merge value {transformation:[-0.6929832083314624f,-0.5467514464975561f,-0.46993311090352335f,-0.020587748261161942f,0.09456893015648722f,0.5772534392126333f,-0.8110703942114056f,-0.8639263522836294f,0.7147244157153793f,-0.6064992355065397f,-0.34832124096915557f,0.6968604831922822f,0f,0f,0f,1f],start_interpolation:0}
execute if entity @s[tag=aj.animal_alpha.bone.left_down_arm2] run data modify entity @s {} merge value {transformation:[-0.6453914923314746f,-0.5037135228523438f,-0.5742321033535426f,-0.3398161113252018f,0.16024462637177053f,0.645746258226982f,-0.7465476741004718f,-0.5473533116622316f,0.7468543909927314f,-0.573833126336859f,-0.3360417559966954f,0.3530767398780056f,0f,0f,0f,1f],start_interpolation:0}
execute if entity @s[tag=aj.animal_alpha.bone.left_upper_arm2] run data modify entity @s {} merge value {transformation:[-0.6453914923314746f,0.19530772583407496f,-0.7384610442370498f,-0.17369504473135966f,0.16024462637177053f,0.9798650736641616f,0.11910540345466789f,-0.13869292023063218f,0.7468543909927314f,-0.041464800043523056f,-0.663693595729405f,0.24157909098487285f,0f,0f,0f,1f],start_interpolation:0}
execute if entity @s[tag=aj.animal_alpha.bone.upperbody] run data modify entity @s {} merge value {transformation:[-0.885023892647526f,0.07451077186496485f,-0.4595441810306248f,-0.13700874440713048f,-0.02182070739030767f,0.9793847057230597f,0.20082194831427808f,-0.3821753024495029f,0.46503394088174577f,0.18775980153335045f,-0.8651529869081825f,0.16557451929642614f,0f,0f,0f,1f],start_interpolation:0}
execute if entity @s[tag=aj.animal_alpha.bone.downbody] run data modify entity @s {} merge value {transformation:[-0.885023892647526f,0.11427915030568997f,-0.45130143501702935f,0f,-0.02182070739030767f,0.9581550651680937f,0.28541676163412827f,-0.875f,0.46503394088174577f,0.26244836996661974f,-0.8454964736353767f,0f,0f,0f,0f,1f],start_interpolation:0}