execute if entity @s[tag=aj.animal_alpha.bone.bone4] run data modify entity @s {} merge value {transformation:[-0.9999332581673351f,-0.0010610505674849085f,-0.011504494015425151f,0.16822753050014874f,-0.006950176942718541f,0.8506856859497619f,0.5256287271074972f,-1.483141900931666f,0.009228989723833087f,0.5256736039519924f,-0.8506362841172491f,-0.08159026240578558f,0f,0f,0f,1f],start_interpolation:0}
execute if entity @s[tag=aj.animal_alpha.bone.bone] run data modify entity @s {} merge value {transformation:[-0.9975669002446712f,-0.06916404880023798f,-0.008752936067198801f,0.125f,-0.06971481743298258f,0.9890270414906658f,0.13025112448845377f,-0.865f,-0.0003518046675067163f,0.13054441984925697f,-0.9914423990730359f,1.5308084989341915e-17f,0f,0f,0f,1f],start_interpolation:0}
execute if entity @s[tag=aj.animal_alpha.bone.bone5] run data modify entity @s {} merge value {transformation:[-0.9956947472785334f,0.09265909464953999f,0.0025024829000704976f,-0.16319736963377596f,0.09261601179941562f,0.9956056623821383f,-0.013843387988275502f,-1.418072061523894f,-0.0037742019432005806f,-0.013552018718663905f,-0.999901044198045f,0.28857798896445763f,0f,0f,0f,1f],start_interpolation:0}
execute if entity @s[tag=aj.animal_alpha.bone.bone2] run data modify entity @s {} merge value {transformation:[-0.9975686772434282f,0.06111579141404151f,-0.033490210847832096f,-0.125f,0.06967431089179858f,0.8849152984382305f,-0.46051102591765425f,-0.865f,0.0014915041233189875f,-0.4617247823431322f,-0.8870219843868794f,-1.5308084989341915e-17f,0f,0f,0f,1f],start_interpolation:0}
execute if entity @s[tag=aj.animal_alpha.bone.head] run data modify entity @s {} merge value {transformation:[-0.978082439505757f,-0.07485785796292602f,0.19429627539319858f,-0.10985111491547499f,-0.018449836221232696f,0.9606261330004798f,0.2772310158332836f,-0.01818488051401479f,-0.2073989996935302f,0.26757005381347704f,-0.9409526668373793f,0.21118069521230282f,0f,0f,0f,1f],start_interpolation:0}
execute if entity @s[tag=aj.animal_alpha.bone.bone6] run data modify entity @s {} merge value {transformation:[-0.705413916786336f,0.36205369656703956f,0.6093507420249049f,0.1314352205420151f,-0.17304860560260227f,0.7457116172727216f,-0.6434037332526885f,-0.9547090219667829f,-0.6873466273308942f,-0.559313243779051f,-0.46338246538922984f,0.6745790404049098f,0f,0f,0f,1f],start_interpolation:0}
execute if entity @s[tag=aj.animal_alpha.bone.left_down_arm] run data modify entity @s {} merge value {transformation:[-0.705413916786336f,0.36205369656703956f,0.6093507420249049f,0.33509042486097484f,-0.17304860560260227f,0.7457116172727216f,-0.6434037332526885f,-0.5352462372508769f,-0.6873466273308942f,-0.559313243779051f,-0.46338246538922984f,0.3599653407791936f,0f,0f,0f,1f],start_interpolation:0}
execute if entity @s[tag=aj.animal_alpha.bone.left_upper_arm] run data modify entity @s {} merge value {transformation:[-0.705413916786336f,-0.2586019554990235f,0.6599365383248917f,0.13377532973186004f,-0.17304860560260227f,0.965727345828298f,0.19345509457862767f,-0.13437159915132185f,-0.6873466273308942f,0.02226481824564991f,-0.7259882173736245f,0.28378787034530367f,0f,0f,0f,1f],start_interpolation:0}
execute if entity @s[tag=aj.animal_alpha.bone.bone7] run data modify entity @s {} merge value {transformation:[-0.9704322890993333f,0.18497233419820103f,0.15506904221893278f,-0.5761547875099531f,0.18032608716872967f,0.9826384667983378f,-0.04363651973551404f,-1.0344774005586046f,-0.16044835480566277f,-0.014383294110920541f,-0.9869394339525982f,-0.18524113404167414f,0f,0f,0f,1f],start_interpolation:0}
execute if entity @s[tag=aj.animal_alpha.bone.left_down_arm2] run data modify entity @s {} merge value {transformation:[-0.9816083022482526f,0.17075330107014325f,0.08537242605755305f,-0.4747702790294005f,0.1759643498873652f,0.9827024040539774f,0.057728092253689245f,-0.4780992925123867f,-0.07403842600987867f,0.07168887807869878f,-0.9946753320726303f,-0.20708334837694548f,0f,0f,0f,1f],start_interpolation:0}
execute if entity @s[tag=aj.animal_alpha.bone.left_upper_arm2] run data modify entity @s {} merge value {transformation:[-0.9816083022482526f,0.11099930455051128f,0.155319977293992f,-0.3035070455075203f,0.1759643498873652f,0.8416030539758722f,0.5106278949560061f,-0.13189350013386328f,-0.07403842600987867f,0.5285673598774218f,-0.8456564654433808f,0.03341967482066138f,0f,0f,0f,1f],start_interpolation:0}
execute if entity @s[tag=aj.animal_alpha.bone.upperbody] run data modify entity @s {} merge value {transformation:[-0.9213128573033582f,-0.10638584257196379f,0.3739848545967808f,-0.21932853128306942f,-0.022715429991392845f,0.974924609081242f,0.22137302421047952f,-0.3742049380297117f,-0.3881579938734073f,0.1954585866828079f,-0.9006271774070175f,0.008814902767047363f,0f,0f,0f,1f],start_interpolation:0}
execute if entity @s[tag=aj.animal_alpha.bone.downbody] run data modify entity @s {} merge value {transformation:[-0.9213128573033582f,-0.13857594010097082f,0.36328959218873047f,0f,-0.022715429991392845f,0.9519207962565412f,0.30550091144646124f,-0.865f,-0.3881579938734073f,0.2732096383355546f,-0.880164680791457f,0f,0f,0f,0f,1f],start_interpolation:0}