execute if entity @s[tag=aj.animal_alpha.bone.bone4] run data modify entity @s {} merge value {transformation:[-0.999953677141586f,-0.006721697026406651f,-0.006889293149960816f,0.1685623501816522f,-0.009051660783199668f,0.9000814390067288f,0.43562767427315996f,-1.4734135613729031f,0.0032727676493735864f,0.4356698542987128f,-0.900100587183039f,-0.009102370186081364f,0f,0f,0f,1f],start_interpolation:0}
execute if entity @s[tag=aj.animal_alpha.bone.bone] run data modify entity @s {} merge value {transformation:[-0.9975674985669251f,-0.0696997602906435f,-0.001014503994486894f,0.125f,-0.06970714312350353f,0.9974616981966452f,0.014528414511707178f,-0.85f,-6.981317009195013e-7f,0.014563792297730208f,-0.9998939423525983f,1.5308084989341915e-17f,0f,0f,0f,1f],start_interpolation:0}
execute if entity @s[tag=aj.animal_alpha.bone.bone5] run data modify entity @s {} merge value {transformation:[-0.9964385427039797f,0.08419531814768211f,0.004623744800457758f,-0.1654513572253326f,0.08432176732765748f,0.9947622026199239f,0.05777542551550985f,-1.4327400981273157f,0.00026489377034028157f,0.05795954313802365f,-0.9983188975425248f,0.22226710447836162f,0f,0f,0f,1f],start_interpolation:0}
execute if entity @s[tag=aj.animal_alpha.bone.bone2] run data modify entity @s {} merge value {transformation:[-0.9975686055643569f,0.0647221715605322f,-0.02584410379319874f,-0.125f,0.06968196814848186f,0.9323841570037052f,-0.35468888773606083f,-0.85f,0.0011403978860701919f,-0.3556273671653786f,-0.9346271316496662f,-1.5308084989341915e-17f,0f,0f,0f,1f],start_interpolation:0}
execute if entity @s[tag=aj.animal_alpha.bone.head] run data modify entity @s {} merge value {transformation:[-0.9866847503262806f,-0.06210593786955086f,0.15031984551252436f,-0.0887408559948753f,-0.01895499144838737f,0.9618352755273936f,0.27297181365542955f,-0.002664396505993094f,-0.1615361005247968f,0.2664878144165066f,-0.9502054162099669f,0.21887858642939906f,0f,0f,0f,1f],start_interpolation:0}
execute if entity @s[tag=aj.animal_alpha.bone.bone6] run data modify entity @s {} merge value {transformation:[-0.7762063153518914f,0.2452230541156921f,0.5808350968545309f,0.23479967034243304f,-0.15416832838752925f,0.8194700477005369f,-0.5519972531126173f,-0.9806481282734414f,-0.6113394167972772f,-0.5180101298737818f,-0.5982721979317716f,0.5954856302951181f,0f,0f,0f,1f],start_interpolation:0}
execute if entity @s[tag=aj.animal_alpha.bone.left_down_arm] run data modify entity @s {} merge value {transformation:[-0.7762063153518914f,0.2452230541156921f,0.5808350968545309f,0.37273763828250983f,-0.15416832838752925f,0.8194700477005369f,-0.5519972531126173f,-0.5196962264418894f,-0.6113394167972772f,-0.5180101298737818f,-0.5982721979317716f,0.3041049322411159f,0f,0f,0f,1f],start_interpolation:0}
execute if entity @s[tag=aj.animal_alpha.bone.left_upper_arm] run data modify entity @s {} merge value {transformation:[-0.7762063153518914f,-0.2625662592925922f,0.5732039039372772f,0.16083911042301433f,-0.15416832838752925f,0.9606010043621953f,0.2312527555306897f,-0.11870432808187009f,-0.6113394167972772f,0.09112996159023243f,-0.7861039674054113f,0.2675568633371829f,0f,0f,0f,1f],start_interpolation:0}
execute if entity @s[tag=aj.animal_alpha.bone.bone7] run data modify entity @s {} merge value {transformation:[-0.9898829247124036f,0.1390260692359575f,0.02834691227660062f,-0.5572228999798305f,0.13065339336989973f,0.9710466925143685f,-0.19999502933282154f,-1.0343059412997084f,-0.055330698204060204f,-0.1942680442834196f,-0.9793867677309853f,-0.005575076829174658f,0f,0f,0f,1f],start_interpolation:0}
execute if entity @s[tag=aj.animal_alpha.bone.left_down_arm2] run data modify entity @s {} merge value {transformation:[-0.9896333753504921f,0.13602643687532695f,-0.04607158412074655f,-0.4835875032450058f,0.14014441336115532f,0.984782282009681f,-0.10277840455787846f,-0.4867895579541302f,0.03138989958649066f,-0.10816961454497281f,-0.9936367589281017f,-0.12852278244372822f,0f,0f,0f,1f],start_interpolation:0}
execute if entity @s[tag=aj.animal_alpha.bone.left_upper_arm2] run data modify entity @s {} merge value {transformation:[-0.9896333753504921f,0.1394777773690521f,0.034230571315440717f,-0.29886180372723403f,0.14014441336115532f,0.8857797491505172f,0.44244070721228224f,-0.11677896937092336f,0.03138989958649066f,0.44265131380696926f,-0.8961442342552421f,0.06121342989850948f,0f,0f,0f,1f],start_interpolation:0}
execute if entity @s[tag=aj.animal_alpha.bone.upperbody] run data modify entity @s {} merge value {transformation:[-0.954896259163569f,-0.08684721301597884f,0.2839554469045793f,-0.21746898427551623f,-0.023543445586509247f,0.9754063437800347f,0.21915330406722144f,-0.3591590899667752f,-0.296004797943103f,0.20258338062393502f,-0.9334565514739509f,0.029067884613969662f,0f,0f,0f,1f],start_interpolation:0}
execute if entity @s[tag=aj.animal_alpha.bone.downbody] run data modify entity @s {} merge value {transformation:[-0.954896259163569f,-0.11126508103277438f,0.27530567734464234f,0f,-0.023543445586509247f,0.9525941591671429f,0.3033316239539807f,-0.85f,-0.296004797943103f,0.2831685887654459f,-0.9122481624707438f,0f,0f,0f,0f,1f],start_interpolation:0}