execute if entity @s[tag=aj.animal_alpha.bone.bone4] run data modify entity @s {} merge value {transformation:[-0.9999166633421201f,-0.012884801094326012f,-0.0008051531039915622f,0.1682240730435251f,-0.012476308217147054f,0.9484215564397661f,0.31676630662626104f,-1.4531454280093337f,-0.0033178462942036703f,0.3167499537192252f,-0.9485032729067605f,0.08156536851314948f,0f,0f,0f,1f],start_interpolation:0}
execute if entity @s[tag=aj.animal_alpha.bone.bone] run data modify entity @s {} merge value {transformation:[-0.9975680734516953f,-0.06915851686964018f,0.008662469293730816f,0.125f,-0.06969753814698118f,0.9890326848149337f,-0.13021751627186814f,-0.8350000000000001f,0.0004381850331051305f,-0.13050458962103914f,-0.9914476083393015f,1.5308084989341915e-17f,0f,0f,0f,1f],start_interpolation:0}
execute if entity @s[tag=aj.animal_alpha.bone.bone5] run data modify entity @s {} merge value {transformation:[-0.9973171740650745f,0.07272566579976653f,0.008332577562464085f,-0.16743029474165505f,0.07316038178344136f,0.9864655755206407f,0.14674204186269232f,-1.4437110970643312f,0.002452111774555f,0.1469579730627492f,-0.9891396975660887f,0.1352607496610709f,0f,0f,0f,1f],start_interpolation:0}
execute if entity @s[tag=aj.animal_alpha.bone.bone2] run data modify entity @s {} merge value {transformation:[-0.9975683429478747f,0.0678884715866481f,-0.015765677082204284f,-0.125f,0.06969152764203776f,0.9739377553029296f,-0.2158433222743061f,-0.8350000000000001f,0.0007015148968859201f,-0.2164171994577135f,-0.9763007239860727f,-1.5308084989341915e-17f,0f,0f,0f,1f],start_interpolation:0}
execute if entity @s[tag=aj.animal_alpha.bone.head] run data modify entity @s {} merge value {transformation:[-0.9952748207583164f,-0.044521550968757664f,0.08628941223485875f,-0.05730526356942239f,-0.019868975949656552f,0.9632615674918232f,0.26782900587484454f,0.013110663771650544f,-0.09504343722326675f,0.26484898355955955f,-0.959594581554239f,0.2262405994348431f,0f,0f,0f,1f],start_interpolation:0}
execute if entity @s[tag=aj.animal_alpha.bone.bone6] run data modify entity @s {} merge value {transformation:[-0.8657044355218045f,0.10557719839793406f,0.48929468165545925f,0.3535117598331962f,-0.11479363014466248f,0.9095762137424384f,-0.39936641555366215f,-1.0133840275914636f,-0.48721479123286515f,-0.4019011900609567f,-0.7753045728173557f,0.43217233751142026f,0f,0f,0f,1f],start_interpolation:0}
execute if entity @s[tag=aj.animal_alpha.bone.left_down_arm] run data modify entity @s {} merge value {transformation:[-0.8657044355218045f,0.10557719839793406f,0.48929468165545925f,0.41289893393203414f,-0.11479363014466248f,0.9095762137424384f,-0.39936641555366215f,-0.5017474073613419f,-0.48721479123286515f,-0.4019011900609567f,-0.7753045728173557f,0.20610291810213213f,0f,0f,0f,1f],start_interpolation:0}
execute if entity @s[tag=aj.animal_alpha.bone.left_upper_arm] run data modify entity @s {} merge value {transformation:[-0.8657044355218045f,-0.24689957746353516f,0.4354267205468697f,0.1966673143515119f,-0.11479363014466248f,0.9446300465419603f,0.3074028263506116f,-0.10282096576731709f,-0.48721479123286515f,0.21613577635010287f,-0.8461129199967661f,0.239760471351194f,0f,0f,0f,1f],start_interpolation:0}
execute if entity @s[tag=aj.animal_alpha.bone.bone7] run data modify entity @s {} merge value {transformation:[-0.9931811460125543f,-0.015762945449867095f,-0.1155107819899688f,-0.4470007172754415f,0.03758503245510925f,0.8946196646283014f,-0.4452449000221044f,-1.0106594275678948f,0.11035658811569878f,-0.4465503165502068f,-0.8879269329445821f,0.2670103991971474f,0f,0f,0f,1f],start_interpolation:0}
execute if entity @s[tag=aj.animal_alpha.bone.left_down_arm2] run data modify entity @s {} merge value {transformation:[-0.9792529362254054f,-0.005635534683768456f,-0.20256339166480733f,-0.4628309175141117f,0.06930435135896816f,0.9300210166773628f,-0.3609124761228367f,-0.5100796354445556f,0.19042214623471404f,-0.3674631264320716f,-0.9103352442568248f,0.003416437813055645f,0f,0f,0f,1f],start_interpolation:0}
execute if entity @s[tag=aj.animal_alpha.bone.left_upper_arm2] run data modify entity @s {} merge value {transformation:[-0.9792529362254054f,0.12103464599959587f,-0.16252477153244857f,-0.2874716428611128f,0.06930435135896816f,0.9537018059773708f,0.2926598232730524f,-0.10149813924932688f,0.19042214623471404f,0.27532431738452395f,-0.9423035214197766f,0.10006805838944563f,0f,0f,0f,1f],start_interpolation:0}
execute if entity @s[tag=aj.animal_alpha.bone.upperbody] run data modify entity @s {} merge value {transformation:[-0.9870143333593723f,-0.057751956648729924f,0.14989135147298258f,-0.21134525786396957f,-0.024335332794062792f,0.9761237018998662f,0.2158478866403451f,-0.3440081064246645f,-0.1587781386745549f,0.2093973020183027f,-0.9648534979915343f,0.05764236655202963f,0f,0f,0f,1f],start_interpolation:0}
execute if entity @s[tag=aj.animal_alpha.bone.downbody] run data modify entity @s {} merge value {transformation:[-0.9870143333593723f,-0.07059608508696716f,0.14428755495034098f,0f,-0.024335332794062792f,0.9535968736336826f,0.3001013065180964f,-0.8350000000000001f,-0.1587781386745549f,0.2926930053254774f,-0.9429317617476802f,0f,0f,0f,0f,1f],start_interpolation:0}