execute if entity @s[tag=aj.animal_alpha.bone.bone4] run data modify entity @s {} merge value {transformation:[-1f,-1.4924690131530345e-17f,1.2155184676135686e-16f,0.12499999999999997f,0f,0.9925461516413221f,0.12186934340514749f,-1.4536828879911927f,-1.2246467991473532e-16f,0.12186934340514749f,-0.9925461516413221f,0.21376258957854294f,0f,0f,0f,1f],start_interpolation:0}
execute if entity @s[tag=aj.animal_alpha.bone.bone] run data modify entity @s {} merge value {transformation:[-1f,4.188538737676991e-17f,1.1507915602278503e-16f,0.125f,0f,0.9396926207859084f,-0.34202014332566866f,-0.866375f,-1.2246467991473532e-16f,-0.34202014332566866f,-0.9396926207859084f,1.5308084989341915e-17f,0f,0f,0f,1f],start_interpolation:0}
execute if entity @s[tag=aj.animal_alpha.bone.bone5] run data modify entity @s {} merge value {transformation:[-1f,-6.848137993413649e-17f,1.0152782096024234e-16f,-0.125f,0f,0.8290375725550417f,0.5591929034707468f,-1.490994266886935f,-1.2246467991473532e-16f,0.5591929034707468f,-0.8290375725550417f,-0.02181218543906312f,0f,0f,0f,1f],start_interpolation:0}
execute if entity @s[tag=aj.animal_alpha.bone.bone2] run data modify entity @s {} merge value {transformation:[-1f,-4.273955692857142e-18f,1.2239007774061617e-16f,-0.125f,0f,0.9993908270190958f,0.03489949670250097f,-0.866375f,-1.2246467991473532e-16f,0.03489949670250097f,-0.9993908270190958f,-1.5308084989341915e-17f,0f,0f,0f,1f],start_interpolation:0}
execute if entity @s[tag=aj.animal_alpha.bone.head] run data modify entity @s {} merge value {transformation:[-1f,0f,1.1102230246251565e-16f,0f,0f,1f,0f,0.008624999999999994f,-1.1102230246251565e-16f,0f,-1f,0f,0f,0f,0f,1f],start_interpolation:0}
execute if entity @s[tag=aj.animal_alpha.bone.bone6] run data modify entity @s {} merge value {transformation:[-0.9264487260234997f,-0.20329282085137546f,-0.3168040199235561f,0.5265496696179524f,-0.23214480803042709f,0.9710833000704376f,0.05573161067854335f,-1.0389286886155684f,0.29631325679751574f,0.1251768881007957f,-0.9468522590834594f,-0.3143697789522775f,0f,0f,0f,1f],start_interpolation:0}
execute if entity @s[tag=aj.animal_alpha.bone.left_down_arm] run data modify entity @s {} merge value {transformation:[-0.9264487260234997f,-0.20329282085137546f,-0.3168040199235561f,0.4121974578890537f,-0.23214480803042709f,0.9710833000704376f,0.05573161067854335f,-0.4926943323259472f,0.29631325679751574f,0.1251768881007957f,-0.9468522590834594f,-0.24395777939557994f,0f,0f,0f,1f],start_interpolation:0}
execute if entity @s[tag=aj.animal_alpha.bone.left_upper_arm] run data modify entity @s {} merge value {transformation:[-0.9264487260234997f,-0.11784276958795052f,-0.357499426160764f,0.24483515544138787f,-0.23214480803042709f,0.9264855618965727f,0.2961980616103154f,-0.116375f,0.29631325679751574f,0.3574039524865852f,-0.8856979556220147f,-0.05055439308300948f,0f,0f,0f,1f],start_interpolation:0}
execute if entity @s[tag=aj.animal_alpha.bone.bone7] run data modify entity @s {} merge value {transformation:[-0.9562278467936483f,0.039731180514157916f,-0.28991332896459693f,-0.5088735342795501f,0.2723366185635431f,0.48329468448454327f,-0.8320210418843751f,-0.7027063574597688f,0.10705639264312261f,-0.8745557050548223f,-0.47296009086423385f,0.40299702006681803f,0f,0f,0f,1f],start_interpolation:0}
execute if entity @s[tag=aj.animal_alpha.bone.left_down_arm2] run data modify entity @s {} merge value {transformation:[-0.9562278467936483f,0.039731180514157916f,-0.28991332896459693f,-0.5046443283006236f,0.2723366185635431f,0.48329468448454327f,-0.8320210418843751f,-0.4828544125549867f,0.10705639264312261f,-0.8745557050548223f,-0.47296009086423385f,-0.11850056970553415f,0f,0f,0f,1f],start_interpolation:0}
execute if entity @s[tag=aj.animal_alpha.bone.left_upper_arm2] run data modify entity @s {} merge value {transformation:[-0.9562278467936483f,0.29175335711834816f,-0.0225451464079697f,-0.2574737537121402f,0.2723366185635431f,0.915477691143839f,0.29619818231603134f,-0.116375f,0.10705639264312261f,0.27709308116248454f,-0.9548603841222666f,-0.010654395777337487f,0f,0f,0f,1f],start_interpolation:0}
execute if entity @s[tag=aj.animal_alpha.bone.upperbody] run data modify entity @s {} merge value {transformation:[-0.9793406217655515f,0f,-0.2022175723320379f,-0.19626496485179326f,0f,1f,0f,-0.366375f,0.2022175723320379f,0f,-0.9793406217655515f,-0.023292994048089856f,0f,0f,0f,1f],start_interpolation:0}
execute if entity @s[tag=aj.animal_alpha.bone.downbody] run data modify entity @s {} merge value {transformation:[-0.9793406217655515f,0f,-0.2022175723320379f,0f,0f,1f,0f,-0.866375f,0.2022175723320379f,0f,-0.9793406217655515f,0f,0f,0f,0f,1f],start_interpolation:0}