execute if entity @s[tag=aj.animal_alpha.bone.bone4] run data modify entity @s {} merge value {transformation:[-0.9996581119712492f,-0.025896232800648778f,-0.003611688914102497f,0.16790438540426378f,-0.025997226524338987f,0.9991662165203176f,0.031480406247628406f,-1.4074712521842023f,0.002793453618704582f,0.03156353736842751f,-0.9994978437824025f,0.1279856833538218f,0f,0f,0f,1f],start_interpolation:0}
execute if entity @s[tag=aj.animal_alpha.bone.bone] run data modify entity @s {} merge value {transformation:[-0.9975683986217131f,-0.06864701664682202f,0.012036493542634067f,0.125f,-0.06965690822634393f,0.9763984479391681f,-0.204435774751706f,-0.7972222222222223f,0.0022814924189285945f,-0.20477709336611483f,-0.978805975065982f,1.5308084989341915e-17f,0f,0f,0f,1f],start_interpolation:0}
execute if entity @s[tag=aj.animal_alpha.bone.bone5] run data modify entity @s {} merge value {transformation:[-0.999606968592699f,0.02499856465536382f,0.0126877935862188f,-0.1685290228704719f,0.02675393334620177f,0.9858698982735162f,0.16536254330613548f,-1.4203050197598222f,-0.008374687541747071f,0.1656369990169411f,-0.9861512303725225f,-0.022317069266826826f,0f,0f,0f,1f],start_interpolation:0}
execute if entity @s[tag=aj.animal_alpha.bone.bone2] run data modify entity @s {} merge value {transformation:[-0.9975651406853099f,0.06964643659275502f,0.0036282171144156146f,-0.125f,0.06973153085670994f,0.9969324760601597f,0.035540846654783555f,-0.7972222222222223f,-0.0011417941485629942f,0.0357073108269229f,-0.9993616383770351f,-1.5308084989341915e-17f,0f,0f,0f,1f],start_interpolation:0}
execute if entity @s[tag=aj.animal_alpha.bone.head] run data modify entity @s {} merge value {transformation:[-0.9985703427015162f,-0.014950542950650864f,-0.051320092970075344f,0.0013174910162918052f,-0.01764223245586963f,0.9984701558125539f,0.05240324022068802f,0.08096924088853741f,0.050458124330473204f,0.05323372255567724f,-0.9973064466210553f,0.05038271931320396f,0f,0f,0f,1f],start_interpolation:0}
execute if entity @s[tag=aj.animal_alpha.bone.bone6] run data modify entity @s {} merge value {transformation:[-0.9836213421527301f,-0.15391984189829594f,0.09379625542453955f,0.5339038591015262f,-0.16586857218588008f,0.9766124655517947f,-0.1368053686441514f,-1.0020970207822026f,-0.07054553155713957f,-0.1501225312831097f,-0.9861473285358897f,0.09420751534370282f,0f,0f,0f,1f],start_interpolation:0}
execute if entity @s[tag=aj.animal_alpha.bone.left_down_arm] run data modify entity @s {} merge value {transformation:[-0.9836213421527301f,-0.15391984189829594f,0.09379625542453955f,0.44732394803373465f,-0.16586857218588008f,0.9766124655517947f,-0.1368053686441514f,-0.45275250890931806f,-0.07054553155713957f,-0.1501225312831097f,-0.9861473285358897f,0.009763591496953617f,0f,0f,0f,1f],start_interpolation:0}
execute if entity @s[tag=aj.animal_alpha.bone.left_upper_arm] run data modify entity @s {} merge value {transformation:[-0.9836213421527301f,-0.16938362236903268f,0.06162989319159022f,0.2502659454781916f,-0.16586857218588008f,0.9844228355316055f,0.05830349599236026f,-0.04280108988747566f,-0.07054553155713957f,0.047126100592544365f,-0.9963947303254177f,0.021563069061549332f,0f,0f,0f,1f],start_interpolation:0}
execute if entity @s[tag=aj.animal_alpha.bone.bone7] run data modify entity @s {} merge value {transformation:[-0.9492867133629085f,0.00039478623801601775f,-0.31441148194121893f,-0.4451422665399995f,0.15052920782201712f,0.878513283023809f,-0.4533821447115059f,-0.9429433862452904f,0.27603567418926706f,-0.4777177573573701f,-0.8340204139469978f,0.33739554435299673f,0f,0f,0f,1f],start_interpolation:0}
execute if entity @s[tag=aj.animal_alpha.bone.left_down_arm2] run data modify entity @s {} merge value {transformation:[-0.9183788992277598f,0.027796050194170002f,-0.3947246851247225f,-0.45417728112607403f,0.18264759495930585f,0.9146851323223492f,-0.360542597710767f,-0.45096691167089187f,0.35102714070109947f,-0.4032102284194311f,-0.84510440667953f,0.05777076544959613f,0f,0f,0f,1f],start_interpolation:0}
execute if entity @s[tag=aj.animal_alpha.bone.left_upper_arm2] run data modify entity @s {} merge value {transformation:[-0.9183788992277598f,0.19611327496786812f,-0.34368558426938056f,-0.25358036092416175f,0.18264759495930585f,0.980577057665324f,0.07147370170907155f,-0.044795398312225926f,0.35102714070109947f,0.0028665941103241787f,-0.9363608968391499f,0.015146507785225529f,0f,0f,0f,1f],start_interpolation:0}
execute if entity @s[tag=aj.animal_alpha.bone.upperbody] run data modify entity @s {} merge value {transformation:[-0.993765227316704f,-0.004057181061790485f,-0.11141908390402161f,-0.19045573895142012f,-0.00489940298491054f,0.9999614521779259f,0.007286289083280342f,-0.29447954867015047f,0.1113852271469202f,0.007786747719396678f,-0.9937467975965424f,0.006238244158693847f,0f,0f,0f,1f],start_interpolation:0}
execute if entity @s[tag=aj.animal_alpha.bone.downbody] run data modify entity @s {} merge value {transformation:[-0.993765227316704f,0.00566907075096473f,-0.11134870728032775f,0f,-0.00489940298491054f,0.9955212550188448f,0.09441094563712164f,-0.7972222222222223f,0.1113852271469202f,0.09436785704107435f,-0.9892866312302538f,0f,0f,0f,0f,1f],start_interpolation:0}