execute if entity @s[tag=aj.animal_alpha.bone.bone4] run data modify entity @s {} merge value {transformation:[-0.9996446840336313f,-0.025739681658100515f,-0.0069263606202193875f,0.16827579424973582f,-0.02610443894697488f,0.9979116540832303f,0.05908374490614776f,-1.4028782010493033f,0.005391099198247423f,0.059243560266165035f,-0.9982290000878676f,0.09138141168327558f,0f,0f,0f,1f],start_interpolation:0}
execute if entity @s[tag=aj.animal_alpha.bone.bone] run data modify entity @s {} merge value {transformation:[-0.9975683997269333f,-0.06924127079957733f,0.007933113153420242f,0.125f,-0.06965689239829567f,0.9868273439011077f,-0.14601270722268353f,-0.7861111111111111f,0.002281492418928594f,-0.14621025869324092f,-0.9892509060118155f,1.5308084989341915e-17f,0f,0f,0f,1f],start_interpolation:0}
execute if entity @s[tag=aj.animal_alpha.bone.bone5] run data modify entity @s {} merge value {transformation:[-0.9996265626052127f,0.025447345252597585f,0.009958310784578935f,-0.1685847080235393f,0.026501649950687038f,0.991648194501423f,0.1262201287115452f,-1.4095846658464484f,-0.006663173716661753f,0.1264369050620225f,-0.9919522726191813f,0.0024697716868559093f,0f,0f,0f,1f],start_interpolation:0}
execute if entity @s[tag=aj.animal_alpha.bone.bone2] run data modify entity @s {} merge value {transformation:[-0.9975651406853099f,0.0697355328376629f,0.0008634519935832877f,-0.125f,0.06973153085670994f,0.9975576875765396f,-0.004021636647755406f,-0.7861111111111111f,-0.0011417941485629933f,-0.003951634698969479f,-0.9999915404088817f,-1.5308084989341915e-17f,0f,0f,0f,1f],start_interpolation:0}
execute if entity @s[tag=aj.animal_alpha.bone.head] run data modify entity @s {} merge value {transformation:[-0.99963074596951f,-0.008947690965769174f,-0.025657562994604134f,-0.0006007014243465669f,-0.009617153323247822f,0.9996133721904172f,0.026088627791808955f,0.09307814493988709f,0.025414210088022214f,0.026325747178066874f,-0.999330312239711f,0.028040885700688765f,0f,0f,0f,1f],start_interpolation:0}
execute if entity @s[tag=aj.animal_alpha.bone.bone6] run data modify entity @s {} merge value {transformation:[-0.9850679501008022f,-0.15271959935052748f,0.07948495240243818f,0.5305831462281625f,-0.16454075329307855f,0.9709783411942338f,-0.17357246739457532f,-0.9884109243302002f,-0.05067024955484f,-0.18405918859407427f,-0.981608242072234f,0.12572607876603833f,0f,0f,0f,1f],start_interpolation:0}
execute if entity @s[tag=aj.animal_alpha.bone.left_down_arm] run data modify entity @s {} merge value {transformation:[-0.9850679501008022f,-0.15271959935052748f,0.07948495240243818f,0.4446783715934908f,-0.16454075329307855f,0.9709783411942338f,-0.17357246739457532f,-0.4422356074084437f,-0.05067024955484f,-0.18405918859407427f,-0.981608242072234f,0.022192785181871552f,0f,0f,0f,1f],start_interpolation:0}
execute if entity @s[tag=aj.animal_alpha.bone.left_upper_arm] run data modify entity @s {} merge value {transformation:[-0.9850679501008022f,-0.16480613973113992f,0.049800301114787206f,0.24944219169851675f,-0.16454075329307855f,0.9863253917659597f,0.009410741919354f,-0.0312858426724712f,-0.05067024955484f,0.0010760411917765129f,-0.9987148581779506f,0.016329772008918775f,0f,0f,0f,1f],start_interpolation:0}
execute if entity @s[tag=aj.animal_alpha.bone.bone7] run data modify entity @s {} merge value {transformation:[-0.9682247641014387f,0.07386347559022093f,-0.23892465999650683f,-0.49384592755279777f,0.17318469793113514f,0.8872609844463635f,-0.4275219361410259f,-0.9338624831117327f,0.1804102729425766f,-0.4553154208381293f,-0.8718600810702268f,0.29262888982312746f,0f,0f,0f,1f],start_interpolation:0}
execute if entity @s[tag=aj.animal_alpha.bone.left_down_arm2] run data modify entity @s {} merge value {transformation:[-0.9443570367372137f,0.0944060589683344f,-0.3150829782691794f,-0.4604352055249334f,0.20290513642221047f,0.9211456804144181f,-0.3321447592049934f,-0.4364770853289346f,0.2588808466812347f,-0.3775951952606472f,-0.8890458794334976f,0.024666225024419803f,0f,0f,0f,1f],start_interpolation:0}
execute if entity @s[tag=aj.animal_alpha.bone.left_upper_arm2] run data modify entity @s {} merge value {transformation:[-0.9443570367372137f,0.20372534342153717f,-0.25823588366585604f,-0.25326073818585915f,0.20290513642221047f,0.9787350260895283f,0.030120662658959182f,-0.033643653467542195f,0.2588808466812347f,-0.023952727471154654f,-0.9656122275884351f,-0.018173199079364693f,0f,0f,0f,1f],start_interpolation:0}
execute if entity @s[tag=aj.animal_alpha.bone.upperbody] run data modify entity @s {} merge value {transformation:[-0.9984400807020741f,-0.0034629835787579138f,-0.05572623253342047f,-0.18999248724729004f,-0.0024612103806829246f,0.9998343216602322f,-0.018035289675672084f,-0.28344840823380757f,0.05577945581571781f,-0.01787000209727571f,-0.998283183938278f,-0.017191914543528128f,0f,0f,0f,1f],start_interpolation:0}
execute if entity @s[tag=aj.animal_alpha.bone.downbody] run data modify entity @s {} merge value {transformation:[-0.9984400807020741f,0.0014070553062415616f,-0.0558159963003508f,0f,-0.0024612103806829246f,0.9976015292754326f,0.06917464297544519f,-0.7861111111111111f,0.05577945581571781f,0.06920411102444325f,-0.9960418883391495f,0f,0f,0f,0f,1f],start_interpolation:0}