execute if entity @s[tag=aj.animal_alpha.bone.bone4] run data modify entity @s {} merge value {transformation:[-0.9999408340534901f,-0.0021702682780907153f,-0.01065918983843155f,0.16833121871643958f,-0.007295381264728619f,0.8606476076715158f,0.5091487727781527f,-1.482271038940094f,0.008068816803773398f,0.5091964113629414f,-0.8606125195757317f,-0.06805339650351525f,0f,0f,0f,1f],start_interpolation:0}
execute if entity @s[tag=aj.animal_alpha.bone.bone] run data modify entity @s {} merge value {transformation:[-0.9975670218018942f,-0.06932994994630333f,-0.007307191919077352f,0.125f,-0.06971337915496129f,0.9916336623041503f,0.10864034495552319f,-0.8625f,-0.0002859721940415876f,0.10888543440562441f,-0.9940542643106576f,1.5308084989341915e-17f,0f,0f,0f,1f],start_interpolation:0}
execute if entity @s[tag=aj.animal_alpha.bone.bone5] run data modify entity @s {} merge value {transformation:[-0.9958355829457918f,0.0911230705436358f,0.002842138933064623f,-0.163663844076312f,0.0911222890331756f,0.9958396284557751f,-0.0004035324251732697f,-1.4217177912687706f,-0.002867085692768478f,-0.00014286974252886164f,-0.999995879695445f,0.2764155731678667f,0f,0f,0f,1f],start_interpolation:0}
execute if entity @s[tag=aj.animal_alpha.bone.bone2] run data modify entity @s {} merge value {transformation:[-0.997568673175399f,0.061862150522099174f,-0.032090756174561585f,-0.125f,0.0696757472814658f,0.8947484660300331f,-0.4411014313938145f,-0.8625f,0.0014256717165352384f,-0.4422649170685867f,-0.8968833316493694f,-1.5308084989341915e-17f,0f,0f,0f,1f],start_interpolation:0}
execute if entity @s[tag=aj.animal_alpha.bone.head] run data modify entity @s {} merge value {transformation:[-0.97927505799576f,-0.07323632114668494f,0.18883008778343735f,-0.10725502178983688f,-0.01850463983625655f,0.9607871661184059f,0.27666875451827483f,-0.015620872537593866f,-0.20168772667649223f,0.267440577861817f,-0.9422301195679356f,0.21225575101269484f,0f,0f,0f,1f],start_interpolation:0}
execute if entity @s[tag=aj.animal_alpha.bone.bone6] run data modify entity @s {} merge value {transformation:[-0.7137885072534299f,0.3460098527760705f,0.6089196570113355f,0.14484781707096792f,-0.17325508532548234f,0.7551763978163455f,-0.6322114231726506f,-0.9574247743020656f,-0.6785931345967038f,-0.5567636751468351f,-0.47908826714417596f,0.6689094104529817f,0f,0f,0f,1f],start_interpolation:0}
execute if entity @s[tag=aj.animal_alpha.bone.left_down_arm] run data modify entity @s {} merge value {transformation:[-0.7137885072534299f,0.3460098527760705f,0.6089196570113355f,0.3394783592575076f,-0.17325508532548234f,0.7551763978163455f,-0.6322114231726506f,-0.5326380505303713f,-0.6785931345967038f,-0.5567636751468351f,-0.47908826714417596f,0.3557298431828869f,0f,0f,0f,1f],start_interpolation:0}
execute if entity @s[tag=aj.animal_alpha.bone.left_upper_arm] run data modify entity @s {} merge value {transformation:[-0.7137885072534299f,-0.2583113034938871f,0.6509848211749714f,0.13724360057225327f,-0.17325508532548234f,0.965734511999075f,0.19323438550829414f,-0.13178608719646126f,-0.6785931345967038f,0.025142052843735524f,-0.7340839426503094f,0.28190534947743323f,0f,0f,0f,1f],start_interpolation:0}
execute if entity @s[tag=aj.animal_alpha.bone.bone7] run data modify entity @s {} merge value {transformation:[-0.9725536508431043f,0.1856358674657881f,0.14028086448968594f,-0.5788305920742005f,0.1789852083653625f,0.9820968653138609f,-0.058737060933414936f,-1.031529098897638f,-0.1486731025376043f,-0.032016743290227065f,-0.988367966261013f,-0.1695899113361936f,0f,0f,0f,1f],start_interpolation:0}
execute if entity @s[tag=aj.animal_alpha.bone.left_down_arm2] run data modify entity @s {} merge value {transformation:[-0.9824426617939256f,0.17270318400719792f,0.07056930296554137f,-0.4772744696348053f,0.17594377833482774f,0.9834789624106576f,0.04257836728810965f,-0.4756610345861364f,-0.062050005258109414f,0.054247034291582286f,-0.996597740373736f,-0.20136331332053709f,0f,0f,0f,1f],start_interpolation:0}
execute if entity @s[tag=aj.animal_alpha.bone.left_upper_arm2] run data modify entity @s {} merge value {transformation:[-0.9824426617939256f,0.11747046005809232f,0.1449382879055999f,-0.3030758106351492f,0.17594377833482774f,0.8417626035563764f,0.510371929203846f,-0.1293828678220752f,-0.062050005258109414f,0.5269121466314197f,-0.8476516894218628f,0.03691700148797272f,0f,0f,0f,1f],start_interpolation:0}
execute if entity @s[tag=aj.animal_alpha.bone.upperbody] run data modify entity @s {} merge value {transformation:[-0.9260029769671088f,-0.10398302496250358f,0.3629132364184306f,-0.21920486833407904f,-0.022831067241029193f,0.974983851752998f,0.22110004791841098f,-0.37170188905776036f,-0.37682519689729865f,0.1964536060766902f,-0.905211992652979f,0.011355174774881335f,0f,0f,0f,1f],start_interpolation:0}
execute if entity @s[tag=aj.animal_alpha.bone.downbody] run data modify entity @s {} merge value {transformation:[-0.9260029769671088f,-0.1352173108321925f,0.35246952421360145f,0f,-0.022831067241029193f,0.9520036049435331f,0.30523413725065707f,-0.8625f,-0.37682519689729865f,0.27460046435836116f,-0.884645327776892f,0f,0f,0f,0f,1f],start_interpolation:0}