execute if entity @s[tag=aj.animal_alpha.bone.bone4] run data modify entity @s {} merge value {transformation:[-0.9998938756778106f,-0.014528815792987437f,0.0010727971199457065f,0.1679592608860178f,-0.013647341029850204f,0.9599042086504909f,0.27999582192934563f,-1.439006274585956f,-0.005097790190081573f,0.27995146673437576f,-0.9600006191708679f,0.1085163428853129f,0f,0f,0f,1f],start_interpolation:0}
execute if entity @s[tag=aj.animal_alpha.bone.bone] run data modify entity @s {} merge value {transformation:[-0.9975682084298317f,-0.06873481741762848f,0.011540988027937495f,0.125f,-0.06969465403535256f,0.9824100393375295f,-0.17324309454557313f,-0.8250000000000001f,0.0005698499699348876f,-0.1736261486165006f,-0.9848114722055246f,1.5308084989341915e-17f,0f,0f,0f,1f],start_interpolation:0}
execute if entity @s[tag=aj.animal_alpha.bone.bone5] run data modify entity @s {} merge value {transformation:[-0.9975624277154355f,0.0691064385092718f,0.009669693224233196f,-0.16783572478219125f,0.0697359179734136f,0.982411837728644f,0.173216289173489f,-1.439014905364016f,0.0024707397458808085f,0.17346838688127778f,-0.9848363387882858f,0.10851634288531299f,0f,0f,0f,1f],start_interpolation:0}
execute if entity @s[tag=aj.animal_alpha.bone.bone2] run data modify entity @s {} merge value {transformation:[-0.9975682266758154f,0.06853715965150599f,-0.012660603215213527f,-0.125f,0.06969439287260389f,0.9824238485824256f,-0.17316487328154742f,-0.8250000000000001f,0.0005698499699348885f,-0.1736261486165008f,-0.9848114722055245f,-1.5308084989341915e-17f,0f,0f,0f,1f],start_interpolation:0}
execute if entity @s[tag=aj.animal_alpha.bone.head] run data modify entity @s {} merge value {transformation:[-0.9965503421378762f,-0.040788565524972564f,0.07227522748007897f,-0.050353921481942066f,-0.020082129589428555f,0.9635239780890669f,0.26686747969464675f,0.023282052592812297f,-0.08052405638090732f,0.26449543771081246f,-0.9610192712813465f,0.22724973467289994f,0f,0f,0f,1f],start_interpolation:0}
execute if entity @s[tag=aj.animal_alpha.bone.bone6] run data modify entity @s {} merge value {transformation:[-0.8802294490356386f,0.0791026616635038f,0.4679090573692347f,0.37452286543142804f,-0.11515175162856672f,0.9209361339606598f,-0.37231265256833124f,-1.0096231112985754f,-0.4603652801279537f,-0.3816011085981581f,-0.801526295744168f,0.4077495216883693f,0f,0f,0f,1f],start_interpolation:0}
execute if entity @s[tag=aj.animal_alpha.bone.left_down_arm] run data modify entity @s {} merge value {transformation:[-0.8802294490356386f,0.0791026616635038f,0.4679090573692347f,0.41901811261714894f,-0.11515175162856672f,0.9209361339606598f,-0.37231265256833124f,-0.4915965359457043f,-0.4603652801279537f,-0.3816011085981581f,-0.801526295744168f,0.19309889810190542f,0f,0f,0f,1f],start_interpolation:0}
execute if entity @s[tag=aj.animal_alpha.bone.left_upper_arm] run data modify entity @s {} merge value {transformation:[-0.8802294490356386f,-0.24016999013380447f,0.409285344093268f,0.2039150608041547f,-0.11515175162856672f,0.9447959678884907f,0.3067582976196782f,-0.09264226894806035f,-0.4603652801279537f,0.22288776301263924f,-0.8592932293181019f,0.23306663440394088f,0f,0f,0f,1f],start_interpolation:0}
execute if entity @s[tag=aj.animal_alpha.bone.bone7] run data modify entity @s {} merge value {transformation:[-0.9892788898085078f,-0.03632273064317971f,-0.14144941646351672f,-0.4347339332198221f,0.03524687379264847f,0.8805560067357093f,-0.4726296402993646f,-0.9923258144203553f,0.14172133243478718f,-0.4725481755760831f,-0.8698352060549308f,0.2952521379604471f,0f,0f,0f,1f],start_interpolation:0}
execute if entity @s[tag=aj.animal_alpha.bone.left_down_arm2] run data modify entity @s {} merge value {transformation:[-0.9729572563132523f,-0.023856382733849574f,-0.22974997364579697f,-0.4625125218604748f,0.06945957450076969f,0.9183976126278026f,-0.3895140467681812f,-0.5000717852402277f,0.2202942234775127f,-0.39493885365004144f,-0.8919045671931671f,0.017354997332725816f,0f,0f,0f,1f],start_interpolation:0}
execute if entity @s[tag=aj.animal_alpha.bone.left_upper_arm2] run data modify entity @s {} merge value {transformation:[-0.9729572563132523f,0.12940538695914222f,-0.1913332778513528f,-0.28427800802669356f,0.06945957450076969f,0.953908190788714f,0.29194953511929855f,-0.09141939858276146f,0.2202942234775127f,0.2707644906042097f,-0.9371003392008149f,0.10827768403737847f,0f,0f,0f,1f],start_interpolation:0}
execute if entity @s[tag=aj.animal_alpha.bone.upperbody] run data modify entity @s {} merge value {transformation:[-0.9914168629970601f,-0.05131813229465387f,0.12024580268290895f,-0.20948492101571384f,-0.02444387936754993f,0.9762823310620813f,0.2151169607851819f,-0.3339622388878099f,-0.12843325319609925f,0.21033130854387136f,-0.9691571802962042f,0.06372193522616683f,0f,0f,0f,1f],start_interpolation:0}
execute if entity @s[tag=aj.animal_alpha.bone.downbody] run data modify entity @s {} merge value {transformation:[-0.9914168629970601f,-0.06160296355302225f,0.11531556116393694f,0f,-0.02444387936754993f,0.9538186035498442f,0.29938698749893894f,-0.8250000000000001f,-0.12843325319609925f,0.29399854830204547f,-0.9471376632093966f,0f,0f,0f,0f,1f],start_interpolation:0}