execute if entity @s[tag=aj.animal_alpha.bone.bone4] run data modify entity @s {} merge value {transformation:[-0.9993011850189917f,-0.02686486888474646f,0.025988852214831378f,0.15805978432553314f,-0.031841616439493785f,0.9759947950509658f,-0.21545364117587634f,-1.2746244451559523f,-0.019576850670093054f,-0.21613060600763728f,-0.9761681761175235f,0.4222291085127033f,0f,0f,0f,1f],start_interpolation:0}
execute if entity @s[tag=aj.animal_alpha.bone.bone] run data modify entity @s {} merge value {transformation:[-0.9975683886747196f,-0.05289565492085303f,0.04538016755607493f,0.125f,-0.06965705067877745f,0.7353991122495238f,-0.6740445393246254f,-0.815f,0.002281492418928599f,-0.6755665736203252f,-0.7372954627550857f,1.5308084989341915e-17f,0f,0f,0f,1f],start_interpolation:0}
execute if entity @s[tag=aj.animal_alpha.bone.bone5] run data modify entity @s {} merge value {transformation:[-0.9992249622151935f,0.016249147922890686f,0.03585303442981088f,-0.16499204855968658f,0.0319801660972155f,0.8661690235113606f,0.4987268708278815f,-1.3910345977933918f,-0.02295090112478584f,0.49948692465484607f,-0.8660173602396226f,-0.23918565633625488f,0f,0f,0f,1f],start_interpolation:0}
execute if entity @s[tag=aj.animal_alpha.bone.bone2] run data modify entity @s {} merge value {transformation:[-0.9975651406853099f,0.0639872776954985f,0.027738391853478893f,-0.125f,0.06973153085670995f,0.9216553564694269f,0.3816921763615196f,-0.815f,-0.001141794148562994f,0.38269705013800775f,-0.9238731861688537f,-1.5308084989341915e-17f,0f,0f,0f,1f],start_interpolation:0}
execute if entity @s[tag=aj.animal_alpha.bone.head] run data modify entity @s {} merge value {transformation:[-0.9862737322274391f,0.021086506392102026f,-0.16376655448025285f,0.0653895029007964f,-0.022401818181167987f,0.9655536904833051f,0.2592377853173565f,0.0361357646979768f,0.16359182027331218f,0.25934808663694786f,-0.9518278658966749f,0.21225579622466156f,0f,0f,0f,1f],start_interpolation:0}
execute if entity @s[tag=aj.animal_alpha.bone.bone6] run data modify entity @s {} merge value {transformation:[-0.9402089916131673f,-0.25187826700234284f,-0.22926925372070217f,0.6240560167729099f,-0.32963697439063433f,0.8423205609935311f,0.4264217837331149f,-0.8084823130117795f,0.08571182651384526f,0.47650121840289095f,-0.8749857551161737f,-0.4991857551949096f,0f,0f,0f,1f],start_interpolation:0}
execute if entity @s[tag=aj.animal_alpha.bone.left_down_arm] run data modify entity @s {} merge value {transformation:[-0.9402089916131673f,-0.25187826700234284f,-0.22926925372070217f,0.48237449158409207f,-0.32963697439063433f,0.8423205609935311f,0.4264217837331149f,-0.33467699745291823f,0.08571182651384526f,0.47650121840289095f,-0.8749857551161737f,-0.23115381984328343f,0f,0f,0f,1f],start_interpolation:0}
execute if entity @s[tag=aj.animal_alpha.bone.left_upper_arm] run data modify entity @s {} merge value {transformation:[-0.9402089916131673f,-0.17127797852339036f,-0.2943992292155199f,0.2899142520284629f,-0.32963697439063433f,0.6751078935797818f,0.6599763610470137f,-0.08052191581059293f,0.08571182651384526f,0.7175605800900792f,-0.6912020664729304f,0.09349291226035689f,0f,0f,0f,1f],start_interpolation:0}
execute if entity @s[tag=aj.animal_alpha.bone.bone7] run data modify entity @s {} merge value {transformation:[-0.7389540610755745f,-0.5687214193869392f,-0.3612517719685557f,-0.028671561461480533f,0.12468357080286793f,0.4114844459942927f,-0.9028480259028185f,-0.7044022229406163f,0.6621184960350845f,-0.712205376162856f,-0.23315788507567653f,0.7611938173420796f,0f,0f,0f,1f],start_interpolation:0}
execute if entity @s[tag=aj.animal_alpha.bone.left_down_arm2] run data modify entity @s {} merge value {transformation:[-0.7004566837009196f,-0.5350720961796538f,-0.47229046798407986f,-0.3591677698115408f,0.19947238270947876f,0.4886070137325506f,-0.8493962294874886f,-0.48264804205902456f,0.6852526561750147f,-0.6891741710346306f,-0.23551594252580121f,0.3588135997272373f,0f,0f,0f,1f],start_interpolation:0}
execute if entity @s[tag=aj.animal_alpha.bone.left_upper_arm2] run data modify entity @s {} merge value {transformation:[-0.7004566837009196f,0.1718579631169731f,-0.6926942144785063f,-0.1964228254852501f,0.19947238270947876f,0.9790372682240537f,0.04119218329471808f,-0.07925328504968593f,0.6852526561750147f,-0.10932002534607968f,-0.7200541155103687f,0.2253295066164506f,0f,0f,0f,1f],start_interpolation:0}
execute if entity @s[tag=aj.animal_alpha.bone.upperbody] run data modify entity @s {} merge value {transformation:[-0.9260031742122506f,0.05580835540316934f,-0.3733678465214027f,-0.15249971594777678f,-0.02283107210420699f,0.9789235882769716f,0.20294666900816774f,-0.3225572401124159f,0.3768247118958743f,0.19645364792268902f,-0.905212185469495f,0.1526645501422862f,0f,0f,0f,1f],start_interpolation:0}
execute if entity @s[tag=aj.animal_alpha.bone.downbody] run data modify entity @s {} merge value {transformation:[-0.9260031742122506f,0.08813713974352361f,-0.3670830504758654f,0f,-0.02283107210420699f,0.9575105208028959f,0.28749320809079926f,-0.815f,0.3768247118958743f,0.27460052285019f,-0.8846455162125638f,0f,0f,0f,0f,1f],start_interpolation:0}