execute if entity @s[tag=aj.animal_alpha.bone.bone4] run data modify entity @s {} merge value {transformation:[-0.9997708195204418f,-0.019781253918952094f,0.008185989788538729f,0.16632684697159617f,-0.018438925067517552f,0.9899501184794759f,0.14020973206174359f,-1.4334828389969374f,-0.010877245872857289f,0.14002665787579677f,-0.9900879862953373f,0.20640988330380647f,0f,0f,0f,1f],start_interpolation:0}
execute if entity @s[tag=aj.animal_alpha.bone.bone] run data modify entity @s {} merge value {transformation:[-0.997568558297706f,-0.06612295515455387f,0.022016500572643132f,0.125f,-0.06968393104267914f,0.9415725423950997f,-0.3295228325352695f,-0.845f,0.0010588910593044229f,-0.3302558132860903f,-0.9438908710971134f,1.5308084989341915e-17f,0f,0f,0f,1f],start_interpolation:0}
execute if entity @s[tag=aj.animal_alpha.bone.bone5] run data modify entity @s {} merge value {transformation:[-0.9983649487763505f,0.05501467962556947f,0.015518185476751437f,-0.16856163904620144f,0.05716141035443735f,0.9610939363658398f,0.2702425182074543f,-1.4684315310989864f,-0.00004712840471602335f,0.27068769921537f,-0.9626672152267381f,0.007778793941346172f,0f,0f,0f,1f],start_interpolation:0}
execute if entity @s[tag=aj.animal_alpha.bone.bone2] run data modify entity @s {} merge value {transformation:[-0.9975676433298319f,0.0696986224739223f,-0.0009481595872559144f,-0.125f,0.06970502457722902f,0.9974904497583783f,-0.012410164765867234f,-0.845f,0.00008080874427926745f,-0.012446070306153901f,-0.9999225414020234f,-1.5308084989341915e-17f,0f,0f,0f,1f],start_interpolation:0}
execute if entity @s[tag=aj.animal_alpha.bone.head] run data modify entity @s {} merge value {transformation:[-0.9943035462041216f,0.005685774627624186f,-0.10643368814803034f,0.03805597922289419f,-0.022270161934431418f,0.9654531867429528f,0.2596231578563273f,0.00546184298007002f,0.10423290216300474f,0.26051452200359393f,-0.9598269041509079f,0.22141995426997388f,0f,0f,0f,1f],start_interpolation:0}
execute if entity @s[tag=aj.animal_alpha.bone.bone6] run data modify entity @s {} merge value {transformation:[-0.9848858137513314f,-0.13341917664145453f,0.11045024751304953f,0.549252485765437f,-0.1532310127532448f,0.9684542996385687f,-0.19651088072212314f,-1.0370389741872983f,-0.08074769719312419f,-0.21046518195627034f,-0.9742608565379816f,0.10092639691186826f,0f,0f,0f,1f],start_interpolation:0}
execute if entity @s[tag=aj.animal_alpha.bone.left_down_arm] run data modify entity @s {} merge value {transformation:[-0.9848858137513314f,-0.13341917664145453f,0.11045024751304953f,0.47420419890461873f,-0.1532310127532448f,0.9684542996385687f,-0.19651088072212314f,-0.49228343064060354f,-0.08074769719312419f,-0.21046518195627034f,-0.9742608565379816f,-0.017460267938533808f,0f,0f,0f,1f],start_interpolation:0}
execute if entity @s[tag=aj.animal_alpha.bone.left_upper_arm] run data modify entity @s {} merge value {transformation:[-0.9848858137513314f,-0.1722408208949587f,0.01824920515552142f,0.27573811304415785f,-0.1532310127532448f,0.9155791351235248f,0.3717998171826786f,-0.110871435618217f,-0.08074769719312419f,0.3633840213106363f,-0.9281335369730578f,0.13142677923572904f,0f,0f,0f,1f],start_interpolation:0}
execute if entity @s[tag=aj.animal_alpha.bone.bone7] run data modify entity @s {} merge value {transformation:[-0.8551145740433483f,-0.2827912602364455f,-0.4345206190649018f,-0.24905668940733433f,0.04759384087883286f,0.7917733692156357f,-0.6089579280305997f,-0.9607581533761385f,0.5162498344494293f,-0.5414093044405532f,-0.6635978251140773f,0.5211148925225197f,0f,0f,0f,1f],start_interpolation:0}
execute if entity @s[tag=aj.animal_alpha.bone.left_down_arm2] run data modify entity @s {} merge value {transformation:[-0.8119856307575511f,-0.2438441868204563f,-0.5303011861170328f,-0.41936286862615557f,0.0942705408927471f,0.8418346130224362f,-0.5314391305099333f,-0.520441129207889f,0.5760142364239365f,-0.4815127172476709f,-0.6605702858634455f,0.20897834620423944f,0f,0f,0f,1f],start_interpolation:0}
execute if entity @s[tag=aj.animal_alpha.bone.left_upper_arm2] run data modify entity @s {} merge value {transformation:[-0.8119856307575511f,0.2161398752572013f,-0.5421834466000073f,-0.2233034693564361f,0.0942705408927471f,0.9652774994980026f,0.24362350888753026f,-0.10991604078910619f,0.5760142364239365f,0.1467068617573325f,-0.8041670822349447f,0.20116081867008034f,0f,0f,0f,1f],start_interpolation:0}
execute if entity @s[tag=aj.animal_alpha.bone.upperbody] run data modify entity @s {} merge value {transformation:[-0.9659834225252816f,0.030509774480453496f,-0.256797938207251f,-0.17055694906871938f,-0.023816805152860318f,0.9782998390920166f,0.2058207584886549f,-0.35300245024005655f,0.25750492655220003f,0.20493554716955853f,-0.9442947814679797f,0.1338328739681782f,0f,0f,0f,1f],start_interpolation:0}
execute if entity @s[tag=aj.animal_alpha.bone.downbody] run data modify entity @s {} merge value {transformation:[-0.9659834225252816f,0.0527750906179228f,-0.25316164246704764f,0f,-0.023816805152860318f,0.9566386517685096f,0.2903019974695988f,-0.845f,0.25750492655220003f,0.2864564185924244f,-0.9228401449051443f,0f,0f,0f,0f,1f],start_interpolation:0}