execute if entity @s[tag=aj.animal_alpha.bone.bone4] run data modify entity @s {} merge value {transformation:[-0.9999502174654193f,-0.0041721302729272524f,-0.009063990282768527f,0.16847375319559701f,-0.007997774363063216f,0.8782986580201583f,0.47804550298609316f,-1.4170131933045842f,0.005966422386818349f,0.47809419641842016f,-0.8782883018433794f,-0.0428324659355781f,0f,0f,0f,1f],start_interpolation:0}
execute if entity @s[tag=aj.animal_alpha.bone.bone] run data modify entity @s {} merge value {transformation:[-0.9975672360753516f,-0.06955800511295523f,-0.004614480868937009f,0.125f,-0.06971070726511834f,0.9952211092873345f,0.06837661092423623f,-0.795f,-0.00016371188310590032f,0.06853194549692498f,-0.9976489090079865f,1.5308084989341915e-17f,0f,0f,0f,1f],start_interpolation:0}
execute if entity @s[tag=aj.animal_alpha.bone.bone5] run data modify entity @s {} merge value {transformation:[-0.9960958289655306f,0.08820735673690677f,0.003544253794559908f,-0.16447694352344736f,0.0882679943262242f,0.995794245282622f,0.024547550583287447f,-1.364923346233295f,-0.0013640729811265507f,0.024764556921161918f,-0.9996923806978828f,0.2534836293496888f,0f,0f,0f,1f],start_interpolation:0}
execute if entity @s[tag=aj.animal_alpha.bone.bone2] run data modify entity @s {} merge value {transformation:[-0.9975686541448161f,0.06316310963751576f,-0.029448291098455058f,-0.125f,0.06967841406145289f,0.9118773539732719f,-0.40450538924047114f,-0.795f,0.001303411516331993f,-0.4055738069595021f,-0.9140613700549847f,-1.5308084989341915e-17f,0f,0f,0f,1f],start_interpolation:0}
execute if entity @s[tag=aj.animal_alpha.bone.head] run data modify entity @s {} merge value {transformation:[-0.997172090286723f,-0.03870900549035142f,0.06441611015231871f,-0.046448667305614144f,-0.020202118653096533f,0.963663615661391f,0.2663537314406187f,0.05337833859070956f,-0.0723857496689364f,0.26429916523584207f,-0.9617204658841899f,0.2277215755790119f,0f,0f,0f,1f],start_interpolation:0}
execute if entity @s[tag=aj.animal_alpha.bone.bone6] run data modify entity @s {} merge value {transformation:[-0.870922968797998f,0.16845371914168283f,0.4616454558721622f,0.3281754816972972f,-0.17712931418504513f,0.768657180006314f,-0.6146473343967878f,-0.8954501550525218f,-0.458386723713086f,-0.6170814242319048f,-0.6396031014555095f,0.5952156312751474f,0f,0f,0f,1f],start_interpolation:0}
execute if entity @s[tag=aj.animal_alpha.bone.left_down_arm] run data modify entity @s {} merge value {transformation:[-0.870922968797998f,0.16845371914168283f,0.4616454558721622f,0.4229306987144938f,-0.17712931418504513f,0.768657180006314f,-0.6146473343967878f,-0.4630804912989701f,-0.458386723713086f,-0.6170814242319048f,-0.6396031014555095f,0.248107330144701f,0f,0f,0f,1f],start_interpolation:0}
execute if entity @s[tag=aj.animal_alpha.bone.left_upper_arm] run data modify entity @s {} merge value {transformation:[-0.870922968797998f,-0.24270218198325424f,0.42730414610748724f,0.2078831229970703f,-0.17712931418504513f,0.9661193627086807f,0.1877194264206778f,-0.06254443438705293f,-0.458386723713086f,0.0878010698109085f,-0.8844052146293818f,0.2292219577228377f,0f,0f,0f,1f],start_interpolation:0}
execute if entity @s[tag=aj.animal_alpha.bone.bone7] run data modify entity @s {} merge value {transformation:[-0.9770206288637384f,0.16292873961867976f,-0.13742240203465314f,-0.599430478405346f,0.17648007267454066f,0.9799083964874821f,-0.09292103336769666f,-0.9632471211780151f,0.11952185876857092f,-0.11503808195376092f,-0.9861443935737331f,0.010306120784568051f,0f,0f,0f,1f],start_interpolation:0}
execute if entity @s[tag=aj.animal_alpha.bone.left_down_arm2] run data modify entity @s {} merge value {transformation:[-0.9626088223852026f,0.1742858980943968f,-0.20738534372419654f,-0.5143562447100101f,0.17643279158041314f,0.9842781508764552f,0.008245711756342644f,-0.4090753043252377f,0.2055619739186119f,-0.02865218024262267f,-0.9782245792485631f,-0.0669497668049424f,0f,0f,0f,1f],start_interpolation:0}
execute if entity @s[tag=aj.animal_alpha.bone.left_upper_arm2] run data modify entity @s {} merge value {transformation:[-0.9626088223852026f,0.2552000570661046f,-0.09086905930860387f,-0.282380116945439f,0.17643279158041314f,0.845158395760705f,0.5045579809400841f,-0.06137260512748094f,0.2055619739186119f,0.46965968205568664f,-0.8585825865518327f,0.11283109735459403f,0f,0f,0f,1f],start_interpolation:0}
execute if entity @s[tag=aj.animal_alpha.bone.upperbody] run data modify entity @s {} merge value {transformation:[-0.9934753517853728f,-0.047703618850729365f,0.10359097520283395f,-0.2083620027461709f,-0.024494632439742856f,0.9763714487015862f,0.21470632767109543f,-0.30393455277539355f,-0.11138553935126283f,0.2107680215519191f,-0.9711694510817965f,0.06710068817606818f,0f,0f,0f,1f],start_interpolation:0}
execute if entity @s[tag=aj.animal_alpha.bone.downbody] run data modify entity @s {} merge value {transformation:[-0.9934753517853728f,-0.05655064056464327f,0.09903913593453016f,0f,-0.024494632439742856f,0.9539431711038805f,0.2989856840818881f,-0.795f,-0.11138553935126283f,0.294608980440178f,-0.9491042146505446f,0f,0f,0f,0f,1f],start_interpolation:0}