execute if entity @s[tag=aj.animal_alpha.bone.bone4] run data modify entity @s {} merge value {transformation:[-0.9998287867247841f,-0.01775786192429718f,0.005201497507797925f,0.16713005828126923f,-0.01636823556746051f,0.9798688515473131f,0.19897013502472596f,-1.4135405057368384f,-0.008630069574120009f,0.19885092935972717f,-0.9799917498591091f,0.16613358676926876f,0f,0f,0f,1f],start_interpolation:0}
execute if entity @s[tag=aj.animal_alpha.bone.bone] run data modify entity @s {} merge value {transformation:[-0.9975684415275079f,-0.06740809325003078f,0.01770179179558108f,0.125f,-0.06968840098170709f,0.9616648091789417f,-0.2652250394578957f,-0.8125f,0.0008551239627980881f,-0.26581373883083f,-0.9640240271963058f,1.5308084989341915e-17f,0f,0f,0f,1f],start_interpolation:0}
execute if entity @s[tag=aj.animal_alpha.bone.bone5] run data modify entity @s {} merge value {transformation:[-0.9980539150727032f,0.06100491596911551f,0.01291444290901874f,-0.16840946704152876f,0.062338973704198365f,0.9711688555690579f,0.2300976017480273f,-1.4339882288057657f,0.0014949801190697457f,0.23045488539036801f,-0.9730818623498004f,0.04992994719647476f,0f,0f,0f,1f],start_interpolation:0}
execute if entity @s[tag=aj.animal_alpha.bone.bone2] run data modify entity @s {} merge value {transformation:[-0.9975679153984877f,0.069455147266446f,-0.0058512123284085605f,-0.125f,0.06970059672668154f,0.994381166089225f,-0.07967385608201523f,-0.8125f,0.00028457593069656205f,-0.07988791551435964f,-0.9968038121773563f,-1.5308084989341915e-17f,0f,0f,0f,1f],start_interpolation:0}
execute if entity @s[tag=aj.animal_alpha.bone.head] run data modify entity @s {} merge value {transformation:[-0.998994032495311f,-0.03045501807903692f,0.032915268684348235f,-0.03076395952629249f,-0.020679291211692236f,0.9641702394263701f,0.264477061991164f,0.036265052917631546f,-0.03979057619260281f,0.26353034223463045f,-0.9638301036842329f,0.22893637502280556f,0f,0f,0f,1f],start_interpolation:0}
execute if entity @s[tag=aj.animal_alpha.bone.bone6] run data modify entity @s {} merge value {transformation:[-0.9156513665787731f,-0.046959981311033294f,0.39922091007071836f,0.4837955969346588f,-0.15152400277799688f,0.960213509956125f,-0.23458578788978723f,-1.000318324065407f,-0.37232116709174456f,-0.2752903475478319f,-0.886336376937354f,0.2824043409419573f,0f,0f,0f,1f],start_interpolation:0}
execute if entity @s[tag=aj.animal_alpha.bone.left_down_arm] run data modify entity @s {} merge value {transformation:[-0.9156513665787731f,-0.046959981311033294f,0.39922091007071836f,0.45738060744720255f,-0.15152400277799688f,0.960213509956125f,-0.23458578788978723f,-0.46019822471508676f,-0.37232116709174456f,-0.2752903475478319f,-0.886336376937354f,0.12755352044630192f,0f,0f,0f,1f],start_interpolation:0}
execute if entity @s[tag=aj.animal_alpha.bone.left_upper_arm] run data modify entity @s {} merge value {transformation:[-0.9156513665787731f,-0.27393379949809044f,0.29418165880109726f,0.22307814934444134f,-0.15152400277799688f,0.9130718437970616f,0.3786030700445624f,-0.07966979340112193f,-0.37232116709174456f,0.30209283599180925f,-0.8775630273535155f,0.2131789903062504f,0f,0f,0f,1f],start_interpolation:0}
execute if entity @s[tag=aj.animal_alpha.bone.bone7] run data modify entity @s {} merge value {transformation:[-0.9706561932508613f,-0.09497473586992258f,-0.22092160159247762f,-0.40110551166980857f,0.048247776692149164f,0.8231030758186687f,-0.5658387390609726f,-0.9476240835255622f,0.23558163457284073f,-0.5598938525508967f,-0.7943677783795762f,0.4024078357300466f,0f,0f,0f,1f],start_interpolation:0}
execute if entity @s[tag=aj.animal_alpha.bone.left_down_arm2] run data modify entity @s {} merge value {transformation:[-0.9470597968020599f,-0.07535874205048618f,-0.31208781020381016f,-0.4630002922109452f,0.09094021966895507f,0.8692870156918232f,-0.4858703127339291f,-0.48901703174478217f,0.30790845673317147f,-0.4885295736658858f,-0.8164136438877199f,0.07658409780000335f,0f,0f,0f,1f],start_interpolation:0}
execute if entity @s[tag=aj.animal_alpha.bone.left_upper_arm2] run data modify entity @s {} merge value {transformation:[-0.9470597968020599f,0.16137635582300533f,-0.2775525410846168f,-0.2740156619381229f,0.09094021966895507f,0.9639272774947725f,0.25014811641920875f,-0.07866637529943862f,0.30790845673317147f,0.21166453525048212f,-0.9275723728040816f,0.13069877488044285f,0f,0f,0f,1f],start_interpolation:0}
execute if entity @s[tag=aj.animal_alpha.bone.upperbody] run data modify entity @s {} merge value {transformation:[-0.9987751276265636f,-0.03318661571274344f,0.03670004049148075f,-0.20329556253327682f,-0.02462530106781672f,0.9767293726856614f,0.2130570981694667f,-0.3213096371541154f,-0.042916651568604705f,0.21189238086965057f,-0.9763502342640831f,0.080407970386068f,0f,0f,0f,1f],start_interpolation:0}
execute if entity @s[tag=aj.animal_alpha.bone.downbody] run data modify entity @s {} merge value {transformation:[-0.9987751276265636f,-0.03625894990854736f,0.03366798161564024f,0f,-0.02462530106781672f,0.9544434729013118f,0.2973739255271083f,-0.8125f,-0.042916651568604705f,0.2961805962375189f,-0.9541672890172492f,0f,0f,0f,0f,1f],start_interpolation:0}