execute if entity @s[tag=aj.animal_alpha.bone.bone4] run data modify entity @s {} merge value {transformation:[-0.9995814110862775f,-0.027852971627518132f,0.007823974839107108f,0.1642740817624888f,-0.02671377065829434f,0.9924119852104191f,0.12002010693184323f,-1.4331684360153187f,-0.011107523035418983f,0.11976085997616953f,-0.9927406304517741f,0.17403371194601194f,0f,0f,0f,1f],start_interpolation:0}
execute if entity @s[tag=aj.animal_alpha.bone.bone] run data modify entity @s {} merge value {transformation:[-0.9975683886747196f,-0.06283853081998211f,0.03014347294705041f,0.125f,-0.06962812055855497f,0.91744029916781f,-0.3917336113870785f,-0.8597682490354375f,-0.003038872226128898f,-0.3928799008695475f,-0.9195847697457412f,-0.07151622609745525f,0f,0f,0f,1f],start_interpolation:0}
execute if entity @s[tag=aj.animal_alpha.bone.bone5] run data modify entity @s {} merge value {transformation:[-0.9992249622151935f,0.016249147922890672f,0.03585303442981087f,-0.16499204855968655f,0.033637766080572916f,0.8255422737494514f,0.5633368929385811f,-1.4158783257131438f,-0.0204444510602228f,0.564106301546407f,-0.8254490323311793f,-0.3539471356479425f,0f,0f,0f,1f],start_interpolation:0}
execute if entity @s[tag=aj.animal_alpha.bone.bone2] run data modify entity @s {} merge value {transformation:[-0.9975651406853099f,0.06398727769549849f,0.02773839185347889f,-0.12499999999999999f,0.06961544299730422f,0.8897761226843298f,0.4510566944377719f,-0.8597682490354375f,0.004180931210516277f,0.45188945528077956f,-0.8920641456869866f,-0.07151622609745528f,0f,0f,0f,1f],start_interpolation:0}
execute if entity @s[tag=aj.animal_alpha.bone.head] run data modify entity @s {} merge value {transformation:[-0.9794559956746796f,0.030985644437407887f,-0.19926324893396763f,0.08180540152933205f,-0.03746745501992221f,0.9429575381248283f,0.33079793093048976f,-0.02633272170070633f,0.19814676972197132f,0.3314679036232038f,-0.9224244611437765f,0.19765564859507503f,0f,0f,0f,1f],start_interpolation:0}
execute if entity @s[tag=aj.animal_alpha.bone.bone6] run data modify entity @s {} merge value {transformation:[-0.949125942145647f,-0.2212875376819742f,-0.22403520172684144f,0.5924712745244259f,-0.2875225886357022f,0.8991335361775744f,0.3299843104528386f,-0.9130043858800795f,0.1284161476231184f,0.3776118506978553f,-0.9170161303064293f,-0.4786075661724765f,0f,0f,0f,1f],start_interpolation:0}
execute if entity @s[tag=aj.animal_alpha.bone.left_down_arm] run data modify entity @s {} merge value {transformation:[-0.949125942145647f,-0.2212875376819742f,-0.22403520172684144f,0.4679970345783155f,-0.2875225886357022f,0.8991335361775744f,0.3299843104528386f,-0.40724177178019383f,0.1284161476231184f,0.3776118506978553f,-0.9170161303064293f,-0.2662009001549329f,0f,0f,0f,1f],start_interpolation:0}
execute if entity @s[tag=aj.animal_alpha.bone.left_upper_arm] run data modify entity @s {} merge value {transformation:[-0.949125942145647f,-0.12124916843142736f,-0.2906175925521802f,0.29630978062136015f,-0.2875225886357022f,0.7100477994239529f,0.6427774759257102f,-0.13253618311167722f,0.1284161476231184f,0.6936358999416693f,-0.708786661374033f,0.053316824522437176f,0f,0f,0f,1f],start_interpolation:0}
execute if entity @s[tag=aj.animal_alpha.bone.bone7] run data modify entity @s {} merge value {transformation:[-0.7104116680922352f,-0.5122274151596432f,-0.48263685830785663f,-0.0494808699998005f,0.035127859011065105f,0.6591097389052364f,-0.7512259218115215f,-0.9231329610445179f,0.7029091657957707f,-0.550633659740432f,-0.45024579665017644f,0.6050566616922336f,0f,0f,0f,1f],start_interpolation:0}
execute if entity @s[tag=aj.animal_alpha.bone.left_down_arm2] run data modify entity @s {} merge value {transformation:[-0.66191288905346f,-0.4682136613360584f,-0.5853608243153828f,-0.3494361060210448f,0.095212014098749f,0.7220752805448085f,-0.6852313197726706f,-0.559792573223855f,0.7435092465303719f,-0.5092968255982153f,-0.4333713693351462f,0.29149148670979086f,0f,0f,0f,1f],start_interpolation:0}
execute if entity @s[tag=aj.animal_alpha.bone.left_upper_arm2] run data modify entity @s {} merge value {transformation:[-0.66191288905346f,0.20236895950398123f,-0.7217465840128221f,-0.17816057510637054f,0.095212014098749f,0.9777665111899517f,0.1868350126895107f,-0.14392122634059476f,0.7435092465303719f,0.05494955709290114f,-0.6664642124669056f,0.2225932621216386f,0f,0f,0f,1f],start_interpolation:0}
execute if entity @s[tag=aj.animal_alpha.bone.upperbody] run data modify entity @s {} merge value {transformation:[-0.8935185729933035f,0.07100211325038236f,-0.44337710769726285f,-0.14006619260688466f,-0.056178210529365f,0.9619841123464976f,0.2672649925722399f,-0.38090611626913384f,0.4454981126533857f,0.26371436727433145f,-0.8555618996398626f,0.12882103826221913f,0f,0f,0f,1f],start_interpolation:0}
execute if entity @s[tag=aj.animal_alpha.bone.downbody] run data modify entity @s {} merge value {transformation:[-0.8935185729933035f,0.10937478991200396f,-0.4355016820262757f,8.7582117377347e-18f,-0.056178210529365f,0.935029793429994f,0.3500904084090008f,-0.8597682490354375f,0.4454981126533857f,0.3372779873190179f,-0.8293220067575101f,-0.07151622609745527f,0f,0f,0f,1f],start_interpolation:0}