execute if entity @s[tag=aj.animal_alpha.bone.bone4] run data modify entity @s {} merge value {transformation:[-0.9994217217517127f,-0.02599037879611289f,0.021925380290351147f,0.16048536475458394f,-0.02868621897228945f,0.9906653418366531f,-0.1332639535836344f,-1.2923465670610481f,-0.01825713372673307f,-0.13381584619805603f,-0.9908380273154551f,0.3768450359508858f,0f,0f,0f,1f],start_interpolation:0}
execute if entity @s[tag=aj.animal_alpha.bone.bone] run data modify entity @s {} merge value {transformation:[-0.997568561691011f,-0.05677658360733432f,0.04041514913503223f,0.125f,-0.06966333207223788f,0.7957545072976772f,-0.601599355285579f,-0.7949999999999999f,0.0019962190061803857f,-0.6029520575214173f,-0.7977749253018478f,1.5308084989341915e-17f,0f,0f,0f,1f],start_interpolation:0}
execute if entity @s[tag=aj.animal_alpha.bone.bone5] run data modify entity @s {} merge value {transformation:[-0.9992080981478568f,0.02564882799481641f,0.030418977928838555f,-0.1664985289828605f,0.036563195210533334f,0.8934337317620537f,0.4477044780943421f,-1.3909780631663995f,-0.015694245816198944f,0.44846215511704335f,-0.89366402304f,-0.18361105717435908f,0f,0f,0f,1f],start_interpolation:0}
execute if entity @s[tag=aj.animal_alpha.bone.bone2] run data modify entity @s {} merge value {transformation:[-0.9975658580711094f,0.06639764637257681f,0.021300501567646977f,-0.125f,0.06972535538779333f,0.9535649010662393f,0.29300572395531665f,-0.7949999999999999f,-0.0008565202256885931f,0.2937776914789745f,-0.9558733882488766f,-1.5308084989341915e-17f,0f,0f,0f,1f],start_interpolation:0}
execute if entity @s[tag=aj.animal_alpha.bone.head] run data modify entity @s {} merge value {transformation:[-0.9921341094068247f,0.010537531931123204f,-0.12473519700680749f,0.04687533363918234f,-0.02235788483903548f,0.965511532404641f,0.2593985462163704f,0.05567928858090415f,0.12316669167047936f,0.2601469608018563f,-0.9576813273988933f,0.2188786219444243f,0f,0f,0f,1f],start_interpolation:0}
execute if entity @s[tag=aj.animal_alpha.bone.bone6] run data modify entity @s {} merge value {transformation:[-0.9555632910208878f,-0.2804060105673246f,-0.09094650125786924f,0.6578545968664236f,-0.29475471379878604f,0.9043571678964863f,0.30863857757519947f,-0.8524190197861893f,-0.004295991937374594f,0.3217306048730273f,-0.946821505005727f,-0.34220291362281724f,0f,0f,0f,1f],start_interpolation:0}
execute if entity @s[tag=aj.animal_alpha.bone.left_down_arm] run data modify entity @s {} merge value {transformation:[-0.9555632910208878f,-0.2804060105673246f,-0.09094650125786924f,0.5001262159223034f,-0.29475471379878604f,0.9043571678964863f,0.30863857757519947f,-0.34371811284441567f,-0.004295991937374594f,0.3217306048730273f,-0.946821505005727f,-0.1612294483817394f,0f,0f,0f,1f],start_interpolation:0}
execute if entity @s[tag=aj.animal_alpha.bone.left_upper_arm] run data modify entity @s {} merge value {transformation:[-0.9555632910208878f,-0.22837813693827375f,-0.1863926592490521f,0.28076536963419774f,-0.29475471379878604f,0.7310056365268028f,0.615427020904542f,-0.06074748608878769f,-0.004295991937374594f,0.6430195844098738f,-0.7658376841855115f,0.1195546208054086f,0f,0f,0f,1f],start_interpolation:0}
execute if entity @s[tag=aj.animal_alpha.bone.bone7] run data modify entity @s {} merge value {transformation:[-0.8030286585411177f,-0.46297702825029574f,-0.3752295895504213f,-0.12260440625537539f,0.10767281799576506f,0.5065630452472598f,-0.8554533566797631f,-0.7425989589010078f,0.5861326964318777f,-0.7273555887613344f,-0.35693460139239624f,0.7201358463385847f,0f,0f,0f,1f],start_interpolation:0}
execute if entity @s[tag=aj.animal_alpha.bone.left_down_arm2] run data modify entity @s {} merge value {transformation:[-0.7638770941568915f,-0.4285118473030511f,-0.48256541706109646f,-0.39380265892966015f,0.17768913320008617f,0.5791930926119313f,-0.7955890480727027f,-0.4665271598113404f,0.6204178889788925f,-0.6934788808547478f,-0.3662904378268986f,0.30716082349360785f,0f,0f,0f,1f],start_interpolation:0}
execute if entity @s[tag=aj.animal_alpha.bone.left_upper_arm2] run data modify entity @s {} merge value {transformation:[-0.7638770941568915f,0.19025041623598493f,-0.6166818986677474f,-0.21508346505680534f,0.17768913320008617f,0.9806284091331032f,0.0824287276602116f,-0.05971337246561856f,0.6204178889788925f,-0.04661225507432318f,-0.782885011168218f,0.20921572577622993f,0f,0f,0f,1f],start_interpolation:0}
execute if entity @s[tag=aj.animal_alpha.bone.upperbody] run data modify entity @s {} merge value {transformation:[-0.9548964141041013f,0.038672540248079604f,-0.2944100422232387f,-0.1650705742373189f,-0.02354344940664567f,0.9785010961708263f,0.20489341322387172f,-0.30286718092040976f,0.2960042978086048f,0.20258341349491615f,-0.9334567029356972f,0.1400696037894631f,0f,0f,0f,1f],start_interpolation:0}
execute if entity @s[tag=aj.animal_alpha.bone.downbody] run data modify entity @s {} merge value {transformation:[-0.9548964141041013f,0.06418490545921231f,-0.28991918915849724f,0f,-0.02354344940664567f,0.9569199664687089f,0.2893957217437082f,-0.7949999999999999f,0.2960042978086048f,0.2831686347121041f,-0.9122483104912377f,0f,0f,0f,0f,1f],start_interpolation:0}