execute if entity @s[tag=aj.animal_alpha.bone.bone4] run data modify entity @s {} merge value {transformation:[-1f,0f,1.2246467991473532e-16f,0.12499999999999997f,0f,1f,0f,-1.4499659110266256f,-1.2246467991473532e-16f,0f,-1f,0.25421040192237504f,0f,0f,0f,1f],start_interpolation:0}
execute if entity @s[tag=aj.animal_alpha.bone.bone] run data modify entity @s {} merge value {transformation:[-1f,4.98108728038718e-17f,1.1187705205776151e-16f,0.125f,0f,0.913545457642601f,-0.4067366430758001f,-0.879f,-1.2246467991473532e-16f,-0.4067366430758001f,-0.913545457642601f,1.5308084989341915e-17f,0f,0f,0f,1f],start_interpolation:0}
execute if entity @s[tag=aj.animal_alpha.bone.bone5] run data modify entity @s {} merge value {transformation:[-1f,-6.848137993413648e-17f,1.0152782096024235e-16f,-0.12499999999999999f,0f,0.8290375725550418f,0.5591929034707467f,-1.4979175429634815f,-1.2246467991473532e-16f,0.5591929034707467f,-0.8290375725550418f,-0.0869831881000409f,0f,0f,0f,1f],start_interpolation:0}
execute if entity @s[tag=aj.animal_alpha.bone.bone2] run data modify entity @s {} merge value {transformation:[-1f,-1.7043789261815554e-17f,1.2127286206821952e-16f,-0.125f,0f,0.9902680687415704f,0.1391731009600654f,-0.879f,-1.2246467991473532e-16f,0.1391731009600654f,-0.9902680687415704f,-1.5308084989341915e-17f,0f,0f,0f,1f],start_interpolation:0}
execute if entity @s[tag=aj.animal_alpha.bone.head] run data modify entity @s {} merge value {transformation:[-0.9999999999999999f,0f,1.1102230246251565e-16f,0f,0f,1f,0f,-0.0040000000000000036f,-1.1102230246251565e-16f,0f,-0.9999999999999999f,0f,0f,0f,0f,1f],start_interpolation:0}
execute if entity @s[tag=aj.animal_alpha.bone.bone6] run data modify entity @s {} merge value {transformation:[-0.9346749796999212f,-0.217903157602493f,-0.28089303343054794f,0.5416890473386934f,-0.23214480803042709f,0.9725140132012365f,0.018035582378771176f,-1.0523584647516429f,0.26924240087227713f,0.08206526691657312f,-0.9595696022376093f,-0.2780276385883038f,0f,0f,0f,1f],start_interpolation:0}
execute if entity @s[tag=aj.animal_alpha.bone.left_down_arm] run data modify entity @s {} merge value {transformation:[-0.9346749796999212f,-0.217903157602493f,-0.28089303343054794f,0.4191185211872911f,-0.23214480803042709f,0.9725140132012365f,0.018035582378771176f,-0.5053193323259473f,0.26924240087227713f,0.08206526691657312f,-0.9595696022376093f,-0.23186592594773142f,0f,0f,0f,1f],start_interpolation:0}
execute if entity @s[tag=aj.animal_alpha.bone.left_upper_arm] run data modify entity @s {} merge value {transformation:[-0.9346749796999212f,-0.12818790964971183f,-0.33158791012729816f,0.246201938253052f,-0.23214480803042709f,0.9264855618965727f,0.2961980616103154f,-0.129f,0.26924240087227713f,0.3538253289644897f,-0.8957210314354033f,-0.04341204441673255f,0f,0f,0f,1f],start_interpolation:0}
execute if entity @s[tag=aj.animal_alpha.bone.bone7] run data modify entity @s {} merge value {transformation:[-0.958937019751342f,0.07845132900563388f,-0.2725530794683195f,-0.5280785879171331f,0.2723366185635431f,0.5230485358334415f,-0.8076218145591837f,-0.7392178505513485f,0.07919948446669058f,-0.8486846399810373f,-0.5229357738006337f,0.376940719448682f,0f,0f,0f,1f],start_interpolation:0}
execute if entity @s[tag=aj.animal_alpha.bone.left_down_arm2] run data modify entity @s {} merge value {transformation:[-0.958937019751342f,0.07845132900563388f,-0.2725530794683195f,-0.500984282818234f,0.2723366185635431f,0.5230485358334415f,-0.8076218145591837f,-0.4954794125549867f,0.07919948446669058f,-0.8486846399810373f,-0.5229357738006337f,-0.13312787640319113f,0f,0f,0f,1f],start_interpolation:0}
execute if entity @s[tag=aj.animal_alpha.bone.left_upper_arm2] run data modify entity @s {} merge value {transformation:[-0.958937019751342f,0.2835707565533285f,0.005236237025500551f,-0.2570549493572351f,0.2723366185635431f,0.915477691143839f,0.29619818231603134f,-0.129f,0.07919948446669058f,0.2854614212914217f,-0.9551121497575517f,-0.01813844014653046f,0f,0f,0f,1f],start_interpolation:0}
execute if entity @s[tag=aj.animal_alpha.bone.upperbody] run data modify entity @s {} merge value {transformation:[-0.984807753012208f,0f,-0.17364817766693016f,-0.19550446479397213f,0f,1f,0f,-0.379f,0.17364817766693016f,0f,-0.984807753012208f,-0.028991451250713597f,0f,0f,0f,1f],start_interpolation:0}
execute if entity @s[tag=aj.animal_alpha.bone.downbody] run data modify entity @s {} merge value {transformation:[-0.984807753012208f,0f,-0.17364817766693016f,0f,0f,1f,0f,-0.879f,0.17364817766693016f,0f,-0.984807753012208f,0f,0f,0f,0f,1f],start_interpolation:0}