execute if entity @s[tag=aj.animal_alpha.bone.bone4] run data modify entity @s {} merge value {transformation:[-0.9996472251309665f,-0.022820081542374797f,0.013589303380161965f,0.1644501583338111f,-0.02235677399792518f,0.999194603608903f,0.03332144617589422f,-1.3466628706537271f,-0.014338756723105812f,0.033005878222624074f,-0.999352296269133f,0.2764155731678668f,0f,0f,0f,1f],start_interpolation:0}
execute if entity @s[tag=aj.animal_alpha.bone.bone] run data modify entity @s {} merge value {transformation:[-0.9975686640548564f,-0.06312025333409774f,0.029539704041311815f,0.125f,-0.06967587786289917f,0.8946605930459636f,-0.44127961123836107f,-0.7875f,0.0014256717165352453f,-0.4422649170685869f,-0.8968833316493693f,1.5308084989341915e-17f,0f,0f,0f,1f],start_interpolation:0}
execute if entity @s[tag=aj.animal_alpha.bone.bone5] run data modify entity @s {} merge value {transformation:[-0.9988218888634236f,0.0438479602784184f,0.02078919687541965f,-0.16829214726867942f,0.04831262841368773f,0.9387305995883984f,0.3412488114736326f,-1.4072737693781514f,-0.0045523909172706135f,0.34185116319215314f,-0.9397430808264078f,-0.06805339650351548f,0f,0f,0f,1f],start_interpolation:0}
execute if entity @s[tag=aj.animal_alpha.bone.bone2] run data modify entity @s {} merge value {transformation:[-0.9975670491781973f,0.06926743562988709f,0.007874309821415116f,-0.125f,0.0697129874113025f,0.9916380310050426f,0.1086007129379625f,-0.7875f,-0.00028597219404158803f,0.10888543440562475f,-0.9940542643106576f,-1.5308084989341915e-17f,0f,0f,0f,1f],start_interpolation:0}
execute if entity @s[tag=aj.animal_alpha.bone.head] run data modify entity @s {} merge value {transformation:[-0.9988889551483002f,-0.010048164611582462f,-0.046042259617394526f,0.00848839474446303f,-0.021740420910947748f,0.9650826396143383f,0.2610418602707928f,0.06223283937406343f,0.04181159386284915f,0.26175280915963406f,-0.9642288408441683f,0.2272497500824639f,0f,0f,0f,1f],start_interpolation:0}
execute if entity @s[tag=aj.animal_alpha.bone.bone6] run data modify entity @s {} merge value {transformation:[-0.9561316943912614f,-0.22828173020529782f,0.1835746023690941f,0.6300662653409461f,-0.2237406889151622f,0.9735923967432378f,0.045364624185883606f,-0.937430116051305f,-0.1890827520009798f,0.002301446986883615f,-0.9819584595274398f,-0.016327888375371996f,0f,0f,0f,1f],start_interpolation:0}
execute if entity @s[tag=aj.animal_alpha.bone.left_down_arm] run data modify entity @s {} merge value {transformation:[-0.9561316943912614f,-0.22828173020529782f,0.1835746023690941f,0.5016577921004661f,-0.2237406889151622f,0.9735923967432378f,0.045364624185883606f,-0.3897843928832338f,-0.1890827520009798f,0.002301446986883615f,-0.9819584595274398f,-0.015033324445249963f,0f,0f,0f,1f],start_interpolation:0}
execute if entity @s[tag=aj.animal_alpha.bone.left_upper_arm] run data modify entity @s {} merge value {transformation:[-0.9561316943912614f,-0.288438022708564f,0.05114381718711768f,0.2559496953665617f,-0.2237406889151622f,0.8317546286385369f,0.5080593881251859f,-0.05385932896826917f,-0.1890827520009798f,0.4743287307283248f,-0.85980228430808f,0.1688501512482697f,0f,0f,0f,1f],start_interpolation:0}
execute if entity @s[tag=aj.animal_alpha.bone.bone7] run data modify entity @s {} merge value {transformation:[-0.9052362863597588f,-0.25932078437136347f,-0.33660064861882466f,-0.28659342030599055f,0.07633506863283618f,0.6800333046517513f,-0.7291965865671881f,-0.8393511757573089f,0.4179954822177063f,-0.685789643664469f,-0.595795553430997f,0.5883772596993849f,0f,0f,0f,1f],start_interpolation:0}
execute if entity @s[tag=aj.animal_alpha.bone.left_down_arm2] run data modify entity @s {} merge value {transformation:[-0.8705967116721511f,-0.22899731095602788f,-0.4354556202422303f,-0.44262038398389564f,0.13419080289757315f,0.7409992427312035f,-0.6579612075871095f,-0.4636616771952012f,0.4733436320933682f,-0.6312530030397409f,-0.6143821710547656f,0.19489855979860782f,0f,0f,0f,1f],start_interpolation:0}
execute if entity @s[tag=aj.animal_alpha.bone.left_upper_arm2] run data modify entity @s {} merge value {transformation:[-0.8705967116721511f,0.19627028930809243f,-0.4511533432886815f,-0.2479275434525863f,0.13419080289757315f,0.9769425551703146f,0.16606044777430168f,-0.05302315967038518f,0.4733436320933682f,0.08403105040527939f,-0.876860643731057f,0.1724941903392465f,0f,0f,0f,1f],start_interpolation:0}
execute if entity @s[tag=aj.animal_alpha.bone.upperbody] run data modify entity @s {} merge value {transformation:[-0.9914169302239879f,0.003143455471186411f,-0.1307003793144643f,-0.18674984918138365f,-0.024443881025063507f,0.9776251087887875f,0.20892975696665128f,-0.2959016943035156f,0.12843273393366944f,0.2103313228062147f,-0.9691572460137268f,0.11188431376683848f,0f,0f,0f,1f],start_interpolation:0}
execute if entity @s[tag=aj.animal_alpha.bone.downbody] run data modify entity @s {} merge value {transformation:[-0.9914169302239879f,0.014522782310636187f,-0.12992905471526395f,0f,-0.024443881025063507f,0.9556955219462399f,0.2933403586490218f,-0.7875f,0.12843273393366944f,0.29399856823777576f,-0.9471377274337989f,0f,0f,0f,0f,1f],start_interpolation:0}