execute if entity @s[tag=aj.animal_alpha.bone.bone4] run data modify entity @s {} merge value {transformation:[-0.9995640996815857f,-0.026534991177418754f,0.012942367285602021f,0.16381458369951593f,-0.02776393392114302f,0.9939284169633684f,-0.10646814512291808f,-1.3987661475512465f,-0.010038655336424137f,-0.10678106665465853f,-0.9942318789915809f,0.3016871362261627f,0f,0f,0f,1f],start_interpolation:0}
execute if entity @s[tag=aj.animal_alpha.bone.bone] run data modify entity @s {} merge value {transformation:[-0.9975683930956082f,-0.062103333919225484f,0.03163031793648905f,0.125f,-0.06965698736658495f,0.8735813916375499f,-0.4816673710099253f,-0.8527777777777777f,0.002281492418928592f,-0.48269941796186033f,-0.8757831162403301f,1.5308084989341915e-17f,0f,0f,0f,1f],start_interpolation:0}
execute if entity @s[tag=aj.animal_alpha.bone.bone5] run data modify entity @s {} merge value {transformation:[-0.9994392830041222f,0.02115791453444269f,0.025951151048836663f,-0.16722889438248523f,0.029016351824349192f,0.9340517261905501f,0.3559570537680904f,-1.4592691762978047f,-0.016708408512240307f,0.35651047032731986f,-0.9341419130046469f,-0.1449479354818646f,0f,0f,0f,1f],start_interpolation:0}
execute if entity @s[tag=aj.animal_alpha.bone.bone2] run data modify entity @s {} merge value {transformation:[-0.9975651406853099f,0.06756623101197635f,0.017279887625046397f,-0.125f,0.06973153085670995f,0.9703862376320431f,0.23127486551440843f,-0.8527777777777777f,-0.0011417941485629922f,0.23191669677098334f,-0.9727349803851808f,-1.5308084989341915e-17f,0f,0f,0f,1f],start_interpolation:0}
execute if entity @s[tag=aj.animal_alpha.bone.head] run data modify entity @s {} merge value {transformation:[-0.984567413496531f,-0.00019575257112949135f,-0.17500562837143774f,0.0471321560339108f,-0.03293662337780443f,0.9823367806643781f,0.1841999679544327f,0.01257340966556264f,0.17187840795521567f,0.1871213804857057f,-0.9671832307499464f,0.1506860389239291f,0f,0f,0f,1f],start_interpolation:0}
execute if entity @s[tag=aj.animal_alpha.bone.bone6] run data modify entity @s {} merge value {transformation:[-0.9712428016058188f,-0.20754548584880816f,-0.11667172593504514f,0.5868564162287998f,-0.22543089354343598f,0.959284066713993f,0.17016166308799227f,-1.0056182761488157f,0.076605042687072f,0.19156970181227914f,-0.9784849088169251f,-0.2677732686909116f,0f,0f,0f,1f],start_interpolation:0}
execute if entity @s[tag=aj.animal_alpha.bone.left_down_arm] run data modify entity @s {} merge value {transformation:[-0.9712428016058188f,-0.20754548584880816f,-0.11667172593504514f,0.47011208043884517f,-0.22543089354343598f,0.959284066713993f,0.17016166308799227f,-0.4660209886221946f,0.076605042687072f,0.19156970181227914f,-0.9784849088169251f,-0.1600153114215046f,0f,0f,0f,1f],start_interpolation:0}
execute if entity @s[tag=aj.animal_alpha.bone.left_upper_arm] run data modify entity @s {} merge value {transformation:[-0.9712428016058188f,-0.1709354420753585f,-0.1657362210604003f,0.2739224743301485f,-0.22543089354343598f,0.8841860475960945f,0.4091404960066956f,-0.10736845449183274f,0.076605042687072f,0.4347368259980958f,-0.897293463453297f,0.039757680288546315f,0f,0f,0f,1f],start_interpolation:0}
execute if entity @s[tag=aj.animal_alpha.bone.bone7] run data modify entity @s {} merge value {transformation:[-0.7747446095921519f,-0.3867480460484837f,-0.5001967000946571f,-0.15808503795683637f,0.10577230559978927f,0.70068173677839f,-0.7055900531564517f,-0.9039586976372164f,0.623364266922647f,-0.5995590484872187f,-0.5019421660919627f,0.6102962571748769f,0f,0f,0f,1f],start_interpolation:0}
execute if entity @s[tag=aj.animal_alpha.bone.left_down_arm2] run data modify entity @s {} merge value {transformation:[-0.7254295638088291f,-0.34168133805416423f,-0.5974996327845299f,-0.3876245176613369f,0.16130955849622894f,0.7595116563865582f,-0.6301755867618951f,-0.5161193650923959f,0.6691271734804108f,-0.5535304029937858f,-0.49585574381230396f,0.26794442150260334f,0f,0f,0f,1f],start_interpolation:0}
execute if entity @s[tag=aj.animal_alpha.bone.left_upper_arm2] run data modify entity @s {} merge value {transformation:[-0.7254295638088291f,0.19402572140814528f,-0.6603831973817784f,-0.21205956906916965f,0.16130955849622894f,0.9806502883381655f,0.11092447124068106f,-0.10724855875647707f,0.6691271734804108f,-0.026058231220130415f,-0.7426909143754179f,0.1729030486587449f,0f,0f,0f,1f],start_interpolation:0}
execute if entity @s[tag=aj.animal_alpha.bone.upperbody] run data modify entity @s {} merge value {transformation:[-0.9245206805096506f,0.03471881464939953f,-0.3795472503118856f,-0.16295673019966636f,-0.01595451579951949f,0.9914439448582019f,0.12955445816184674f,-0.3541123877335576f,0.3807978003292238f,0.12583126842461476f,-0.9160565087106128f,0.11764536903201472f,0f,0f,0f,1f],start_interpolation:0}
execute if entity @s[tag=aj.animal_alpha.bone.downbody] run data modify entity @s {} merge value {transformation:[-0.9245206805096506f,0.06766642158652557f,-0.37507701435791435f,0f,-0.01595451579951949f,0.9763797862955395f,0.21547149774176544f,-0.8527777777777777f,0.3807978003292238f,0.20519202787426055f,-0.9016037194695201f,0f,0f,0f,0f,1f],start_interpolation:0}