execute if entity @s[tag=aj.animal_alpha.bone.bone4] run data modify entity @s {} merge value {transformation:[-0.9996042301277398f,-0.0264268827184988f,0.009643805292069367f,0.1649214444789271f,-0.0271068300625674f,0.9965092180965447f,-0.07895947069587017f,-1.4045902556110725f,-0.007523488199480861f,-0.07918963390744777f,-0.9968311787895263f,0.26860437688292693f,0f,0f,0f,1f],start_interpolation:0}
execute if entity @s[tag=aj.animal_alpha.bone.bone] run data modify entity @s {} merge value {transformation:[-0.9975683942008297f,-0.06387431116628337f,0.027881378456076328f,0.125f,-0.06965697153853675f,0.9006777423110495f,-0.4288677078325555f,-0.8416666666666666f,0.0022814924189285954f,-0.42976700301268306f,-0.9029369401646157f,1.5308084989341915e-17f,0f,0f,0f,1f],start_interpolation:0}
execute if entity @s[tag=aj.animal_alpha.bone.bone5] run data modify entity @s {} merge value {transformation:[-0.9994819515990137f,0.022135189627418887f,0.023363685667834238f,-0.16762396036278057f,0.028432602386663133f,0.9474218384036704f,0.3187215826349563f,-1.4534131622046162f,-0.01508030335732918f,0.31922075981359294f,-0.9475603890806555f,-0.12072457579146552f,0f,0f,0f,1f],start_interpolation:0}
execute if entity @s[tag=aj.animal_alpha.bone.bone2] run data modify entity @s {} merge value {transformation:[-0.9975651406853099f,0.06819833658044892f,0.014586876881559912f,-0.125f,0.06973153085670995f,0.9787943928607197f,0.19261113703209096f,-0.8416666666666666f,-0.0011417941485629948f,0.1931593212663448f,-0.9811667406277321f,-1.5308084989341915e-17f,0f,0f,0f,1f],start_interpolation:0}
execute if entity @s[tag=aj.animal_alpha.bone.head] run data modify entity @s {} merge value {transformation:[-0.9884405843624163f,-0.009057114999749368f,-0.15133796567010646f,0.03338001698290288f,-0.0332511002955916f,0.9868608730379372f,0.15811382480963806f,0.027238276856489774f,0.14791746183063553f,0.16131827526564288f,-0.9757544970692683f,0.13285470882068745f,0f,0f,0f,1f],start_interpolation:0}
execute if entity @s[tag=aj.animal_alpha.bone.bone6] run data modify entity @s {} merge value {transformation:[-0.9793727968376668f,-0.19883316095599926f,-0.03597636611182175f,0.581571149267073f,-0.20139508749857457f,0.9749955506194536f,0.09393452508907468f,-1.0205379514179227f,0.016399498340121332f,0.09924238195707627f,-0.9949281411628068f,-0.16831306460530351f,0f,0f,0f,1f],start_interpolation:0}
execute if entity @s[tag=aj.animal_alpha.bone.left_down_arm] run data modify entity @s {} merge value {transformation:[-0.9793727968376668f,-0.19883316095599926f,-0.03597636611182175f,0.46972749622932336f,-0.20139508749857457f,0.9749955506194536f,0.09393452508907468f,-0.4721029541944801f,0.016399498340121332f,0.09924238195707627f,-0.9949281411628068f,-0.11248922475444811f,0f,0f,0f,1f],start_interpolation:0}
execute if entity @s[tag=aj.animal_alpha.bone.left_upper_arm] run data modify entity @s {} merge value {transformation:[-0.9793727968376668f,-0.18409155520530615f,-0.0833020054768063f,0.2667658412222936f,-0.20139508749857457f,0.9227891697116226f,0.3284816083045986f,-0.09355707838296703f,0.016399498340121332f,0.33848256611681793f,-0.9408297449003014f,0.03764683521417489f,0f,0f,0f,1f],start_interpolation:0}
execute if entity @s[tag=aj.animal_alpha.bone.bone7] run data modify entity @s {} merge value {transformation:[-0.8154741985673682f,-0.30641089124863297f,-0.49103380453399215f,-0.22379626631472943f,0.10339348028729486f,0.7576101051148625f,-0.6444662263159552f,-0.9245519735428902f,0.5694836430530636f,-0.5763152733982203f,-0.586130604850954f,0.5510856634337526f,0f,0f,0f,1f],start_interpolation:0}
execute if entity @s[tag=aj.animal_alpha.bone.left_down_arm2] run data modify entity @s {} merge value {transformation:[-0.7674099754085345f,-0.26244848935108606f,-0.5849809570240772f,-0.40798485138872015f,0.1532003298446051f,0.8108961025665034f,-0.5647806386358858f,-0.5037217057639749f,0.6225846035511773f,-0.5230375715756828f,-0.582082562993632f,0.22049686923532907f,0f,0f,0f,1f],start_interpolation:0}
execute if entity @s[tag=aj.animal_alpha.bone.left_upper_arm2] run data modify entity @s {} merge value {transformation:[-0.7674099754085345f,0.19687556407249118f,-0.6101818924833895f,-0.22592554518093844f,0.1532003298446051f,0.9804274594287768f,0.12365943447039636f,-0.09393473349446058f,0.6225846035511773f,0.0014174163722995362f,-0.7825512138843378f,0.14329391345431297f,0f,0f,0f,1f],start_interpolation:0}
execute if entity @s[tag=aj.animal_alpha.bone.upperbody] run data modify entity @s {} merge value {transformation:[-0.94435614116546f,0.02162568841579438f,-0.32821305312803256f,-0.1723097084620458f,-0.01396833301648653f,0.9942995079486272f,0.10570418234799585f,-0.34163658966808697f,0.3286280029392235f,0.10440698297365365f,-0.9386707716715785f,0.0966529175271981f,0f,0f,0f,1f],start_interpolation:0}
execute if entity @s[tag=aj.animal_alpha.bone.downbody] run data modify entity @s {} merge value {transformation:[-0.94435614116546f,0.050149048567248715f,-0.32507930043434247f,0f,-0.01396833301648653f,0.9813031716095804f,0.1919608581500902f,-0.8416666666666666f,0.3286280029392235f,0.1858202311826628f,-0.9259991778438031f,0f,0f,0f,0f,1f],start_interpolation:0}