execute if entity @s[tag=aj.animal_alpha.bone.bone4] run data modify entity @s {} merge value {transformation:[-1f,-5.749368466564468e-17f,1.0812989434095451e-16f,0.125f,0f,0.8829475928589269f,0.4694715627858908f,-1.4695048456326298f,-1.2246467991473532e-16f,0.4694715627858908f,-0.8829475928589269f,-0.10853011104183145f,0f,0f,0f,1f],start_interpolation:0}
execute if entity @s[tag=aj.animal_alpha.bone.bone] run data modify entity @s {} merge value {transformation:[-1f,-2.1265768495757716e-17f,1.2060416625018976e-16f,0.125f,0f,0.984807753012208f,0.17364817766693036f,-0.854f,-1.2246467991473532e-16f,0.17364817766693036f,-0.984807753012208f,1.5308084989341915e-17f,0f,0f,0f,1f],start_interpolation:0}
execute if entity @s[tag=aj.animal_alpha.bone.bone5] run data modify entity @s {} merge value {transformation:[-1f,-1.8101432222373293e-17f,1.2111951113721278e-16f,-0.12500000000000003f,0f,0.9890158633619169f,0.1478094111296106f,-1.4334899091042421f,-1.2246467991473532e-16f,0.1478094111296106f,-0.9890158633619169f,0.23412912088494497f,0f,0f,0f,1f],start_interpolation:0}
execute if entity @s[tag=aj.animal_alpha.bone.bone2] run data modify entity @s {} merge value {transformation:[-1f,4.587607655662906e-17f,1.1354727397163214e-16f,-0.125f,0f,0.9271838545667874f,-0.374606593415912f,-0.854f,-1.2246467991473532e-16f,-0.374606593415912f,-0.9271838545667874f,-1.5308084989341915e-17f,0f,0f,0f,1f],start_interpolation:0}
execute if entity @s[tag=aj.animal_alpha.bone.head] run data modify entity @s {} merge value {transformation:[-0.9999999999999999f,0f,1.1102230246251565e-16f,0f,0f,1f,0f,0.02100000000000002f,-1.1102230246251565e-16f,0f,-0.9999999999999999f,0f,0f,0f,0f,1f],start_interpolation:0}
execute if entity @s[tag=aj.animal_alpha.bone.bone6] run data modify entity @s {} merge value {transformation:[-0.9719221339399705f,-0.1573081411714861f,0.17499004051301295f,0.559263213568303f,-0.23214480803042709f,0.7624737157791612f,-0.6039392526160519f,-0.9092107974517254f,-0.038420745204775286f,-0.627604956534834f,-0.7775833491470989f,0.2647622965951916f,0f,0f,0f,1f],start_interpolation:0}
execute if entity @s[tag=aj.animal_alpha.bone.left_down_arm] run data modify entity @s {} merge value {transformation:[-0.9719221339399705f,-0.1573081411714861f,0.17499004051301295f,0.4707773841593421f,-0.23214480803042709f,0.7624737157791612f,-0.6039392526160519f,-0.4803193323259472f,-0.038420745204775286f,-0.627604956534834f,-0.7775833491470989f,-0.0882654914556525f,0f,0f,0f,1f],start_interpolation:0}
execute if entity @s[tag=aj.animal_alpha.bone.left_upper_arm] run data modify entity @s {} merge value {transformation:[-0.9719221339399705f,-0.23297533204939358f,-0.03301303097337327f,0.24736040964523606f,-0.23214480803042709f,0.9264855618965727f,0.2961980616103154f,-0.10399999999999998f,-0.038420745204775286f,0.29554525584699687f,-0.954555838117521f,0.03623296482681172f,0f,0f,0f,1f],start_interpolation:0}
execute if entity @s[tag=aj.animal_alpha.bone.bone7] run data modify entity @s {} merge value {transformation:[-0.9351756941777192f,0.32067009037407934f,0.15038987385692149f,-0.6234572625421744f,0.2723366185635431f,0.9225032971304036f,-0.2735332392469141f,-0.9722916897379066f,-0.2264490830376582f,-0.2148449671810213f,-0.9500328693621025f,-0.10372528803062589f,0f,0f,0f,1f],start_interpolation:0}
execute if entity @s[tag=aj.animal_alpha.bone.left_down_arm2] run data modify entity @s {} merge value {transformation:[-0.9351756941777192f,0.32067009037407934f,0.15038987385692149f,-0.43368096959069713f,0.2723366185635431f,0.9225032971304036f,-0.2735332392469141f,-0.47047941255498665f,-0.2264490830376582f,-0.2148449671810213f,-0.9500328693621025f,-0.2839526364050818f,0f,0f,0f,1f],start_interpolation:0}
execute if entity @s[tag=aj.animal_alpha.bone.left_upper_arm2] run data modify entity @s {} merge value {transformation:[-0.9351756941777192f,0.17938706143988348f,0.30539597771939375f,-0.2383021684385332f,0.2723366185635431f,0.915477691143839f,0.29619818231603134f,-0.10399999999999998f,-0.2264490830376582f,0.36016784865658f,-0.9049861510462438f,-0.09807306723812075f,0f,0f,0f,1f],start_interpolation:0}
execute if entity @s[tag=aj.animal_alpha.bone.upperbody] run data modify entity @s {} merge value {transformation:[-0.9894416385809445f,0f,0.1449318593072469f,-0.17646206602722417f,0f,1f,0f,-0.354f,-0.1449318593072469f,0f,-0.9894416385809445f,-0.08901482603141782f,0f,0f,0f,1f],start_interpolation:0}
execute if entity @s[tag=aj.animal_alpha.bone.downbody] run data modify entity @s {} merge value {transformation:[-0.9894416385809445f,0f,0.1449318593072469f,0f,0f,1f,0f,-0.854f,-0.1449318593072469f,0f,-0.9894416385809445f,0f,0f,0f,0f,1f],start_interpolation:0}