execute if entity @s[tag=aj.animal_alpha.bone.bone4] run data modify entity @s {} merge value {transformation:[-0.9996337822334712f,-0.02630881469992933f,0.006336220221071016f,0.16588701521025462f,-0.02660008366740331f,0.9983244138454099f,-0.05138871733275646f,-1.4084220706577382f,-0.004973627096221612f,-0.051538441859485695f,-0.9986586263805085f,0.2345709758492197f,0f,0f,0f,1f],start_interpolation:0}
execute if entity @s[tag=aj.animal_alpha.bone.bone] run data modify entity @s {} merge value {transformation:[-0.9975683953060509f,-0.06541922433640741f,0.02403376320373899f,0.125f,-0.06965695571048858f,0.9245864241634923f,-0.3745502006056245f,-0.8305555555555555f,0.0022814924189285954f,-0.3753135613587515f,-0.9268950994867504f,1.5308084989341915e-17f,0f,0f,0f,1f],start_interpolation:0}
execute if entity @s[tag=aj.animal_alpha.bone.bone5] run data modify entity @s {} merge value {transformation:[-0.9995201108860544f,0.023009184668217924f,0.0207394637161505f,-0.16795196901633497f,0.027913721281001554f,0.9593062226248182f,0.28098468890234785f,-1.446594729690315f,-0.013430268000908926f,0.2814287630186483f,-0.9594881339793719f,-0.09631128848158658f,0f,0f,0f,1f],start_interpolation:0}
execute if entity @s[tag=aj.animal_alpha.bone.bone2] run data modify entity @s {} merge value {transformation:[-0.9975651406853099f,0.06872315042613594f,0.011870917614265434f,-0.125f,0.06973153085670995f,0.9856626786156151f,0.15364438677892045f,-0.8305555555555555f,-0.0011417941485629922f,0.1540980615705385f,-0.9880548991459558f,-1.5308084989341915e-17f,0f,0f,0f,1f],start_interpolation:0}
execute if entity @s[tag=aj.animal_alpha.bone.head] run data modify entity @s {} merge value {transformation:[-0.9917890551543463f,-0.015003780026103015f,-0.1270014041693133f,0.021832333583739177f,-0.0318656577817755f,0.9907639967870919f,0.1318001613223676f,0.04142806770067836f,0.12385091816447596f,0.13476494075016568f,-0.9831069935741586f,0.11370272666830221f,0f,0f,0f,1f],start_interpolation:0}
execute if entity @s[tag=aj.animal_alpha.bone.bone6] run data modify entity @s {} merge value {transformation:[-0.9829977709370901f,-0.17832643234134296f,0.04376146548186539f,0.5642692109198411f,-0.17780218614147492f,0.9839422027384772f,0.015624476742145926f,-1.0285813423701102f,-0.04584500993591764f,0.007577941578157499f,-0.9989198215399541f,-0.0684669577785735f,0f,0f,0f,1f],start_interpolation:0}
execute if entity @s[tag=aj.animal_alpha.bone.left_down_arm] run data modify entity @s {} merge value {transformation:[-0.9829977709370901f,-0.17832643234134296f,0.04376146548186539f,0.46396059272783563f,-0.17780218614147492f,0.9839422027384772f,0.015624476742145926f,-0.4751138533297168f,-0.04584500993591764f,0.007577941578157499f,-0.9989198215399541f,-0.06420436564085992f,0f,0f,0f,1f],start_interpolation:0}
execute if entity @s[tag=aj.animal_alpha.bone.left_upper_arm] run data modify entity @s {} merge value {transformation:[-0.9829977709370901f,-0.18361347466998673f,0.0012141879287039803f,0.2607549761925802f,-0.17780218614147492f,0.9534956969316202f,0.2433769474214771f,-0.08018475918981732f,-0.04584500993591764f,0.2390231115446752f,-0.9699310218832458f,0.03463761941794577f,0f,0f,0f,1f],start_interpolation:0}
execute if entity @s[tag=aj.animal_alpha.bone.bone7] run data modify entity @s {} merge value {transformation:[-0.8517869396821373f,-0.23001189866141f,-0.47069473744786244f,-0.28307803007392746f,0.10130940601807478f,0.8091852172430456f,-0.5787535645225782f,-0.9424858699209826f,0.513999429609804f,-0.540660531821492f,-0.6659510310010022f,0.483361588790817f,0f,0f,0f,1f],start_interpolation:0}
execute if entity @s[tag=aj.animal_alpha.bone.left_down_arm2] run data modify entity @s {} merge value {transformation:[-0.8059307927302233f,-0.1881128844948301f,-0.5613279790071651f,-0.4239745262902172f,0.14502697320120983f,0.8565477199755593f,-0.49527081526046585f,-0.49163220338850955f,0.5739710222418284f,-0.4805616985275727f,-0.6630367407127339f,0.1716058370745115f,0f,0f,0f,1f],start_interpolation:0}
execute if entity @s[tag=aj.animal_alpha.bone.left_upper_arm2] run data modify entity @s {} merge value {transformation:[-0.8059307927302233f,0.1969101787043924f,-0.5583027304714154f,-0.2370849740157676f,0.14502697320120983f,0.9799964045019558f,0.1362872855674167f,-0.0810121480690551f,0.5739710222418284f,0.02886916496615822f,-0.8183665663630373f,0.11248971896697717f,0f,0f,0f,1f],start_interpolation:0}
execute if entity @s[tag=aj.animal_alpha.bone.upperbody] run data modify entity @s {} merge value {transformation:[-0.9612466996655494f,0.01111225846037106f,-0.2754656060091693f,-0.17978511990176355f,-0.011848209099612348f,0.9965990333231906f,0.08154745072909471f,-0.32942139333112697f,0.2754349330118111f,0.08165099197922936f,-0.9578458713099864f,0.07486228765893163f,0f,0f,0f,1f],start_interpolation:0}
execute if entity @s[tag=aj.animal_alpha.bone.downbody] run data modify entity @s {} merge value {transformation:[-0.9612466996655494f,0.035078382455209715f,-0.27344887907324655f,0f,-0.011848209099612348f,0.9856993444824489f,0.1680964670301028f,-0.8305555555555555f,0.2754349330118111f,0.1648220536554396f,-0.947084625736044f,0f,0f,0f,0f,1f],start_interpolation:0}