execute if entity @s[tag=aj.animal_alpha.bone.bone4] run data modify entity @s {} merge value {transformation:[-0.9996571213184239f,-0.025699086505158758f,-0.005019636457194495f,0.167954559128359f,-0.026062926153613015f,0.9950216418909017f,0.09619072745876123f,-1.4134364189366564f,0.0025226330833762424f,0.0962885721232522f,-0.9953502635759895f,0.09001076119124811f,0f,0f,0f,1f],start_interpolation:0}
execute if entity @s[tag=aj.animal_alpha.bone.bone] run data modify entity @s {} merge value {transformation:[-0.9975683973586039f,-0.06872729460537441f,0.011569423823705962f,0.125f,-0.06969012034820819f,0.9818552296787866f,-0.17636211350023445f,-0.7997769003874149f,0.0007613916460810551f,-0.17673954545783863f,-0.9842573613410863f,-0.020451454719901035f,0f,0f,0f,1f],start_interpolation:0}
execute if entity @s[tag=aj.animal_alpha.bone.bone5] run data modify entity @s {} merge value {transformation:[-0.999578815137787f,0.024353740101282956f,0.01578251154972091f,-0.1683815382122969f,0.027343494324215543f,0.9725572387248206f,0.23105140277023653f,-1.4199612050199841f,-0.009722430039835965f,0.2313856364319783f,-0.9728135286924667f,-0.08459559264186228f,0f,0f,0f,1f],start_interpolation:0}
execute if entity @s[tag=aj.animal_alpha.bone.bone2] run data modify entity @s {} merge value {transformation:[-0.9975651406853099f,0.06941046113967501f,0.006780706001269208f,-0.125f,0.0697398447487736f,0.9922948874121108f,0.10240708212913474f,-0.7997769003874149f,0.00037966289644776174f,0.10263062067513795f,-0.9947194637463977f,-0.020451454719901063f,0f,0f,0f,1f],start_interpolation:0}
execute if entity @s[tag=aj.animal_alpha.bone.head] run data modify entity @s {} merge value {transformation:[-0.9961857420960132f,-0.018307218412612368f,-0.08531595981179704f,0.007745869368978309f,-0.027622187351291298f,0.9936232434395977f,0.10931543743911096f,0.07429387375050422f,0.08277065911629208f,0.11125509359380777f,-0.9903389935465976f,0.07804059254405618f,0f,0f,0f,1f],start_interpolation:0}
execute if entity @s[tag=aj.animal_alpha.bone.bone6] run data modify entity @s {} merge value {transformation:[-0.9675685820788735f,-0.24142943637963998f,-0.074315989015066f,0.6058307328237748f,-0.24555048599772242f,0.9679690326047349f,0.052353708030439094f,-0.9686981423072072f,0.05929584977180437f,0.06890413026563416f,-0.9958595398107989f,-0.14959506093349267f,0f,0f,0f,1f],start_interpolation:0}
execute if entity @s[tag=aj.animal_alpha.bone.left_down_arm] run data modify entity @s {} merge value {transformation:[-0.9675685820788735f,-0.24142943637963998f,-0.074315989015066f,0.47002667486022726f,-0.24555048599772242f,0.9679690326047349f,0.052353708030439094f,-0.4242155614670438f,0.05929584977180437f,0.06890413026563416f,-0.9958595398107989f,-0.11083648765907347f,0f,0f,0f,1f],start_interpolation:0}
execute if entity @s[tag=aj.animal_alpha.bone.left_upper_arm] run data modify entity @s {} merge value {transformation:[-0.9675685820788735f,-0.21852415548274645f,-0.12672108129443377f,0.2534762840766665f,-0.24555048599772242f,0.9313830271889189f,0.2687575403420123f,-0.0474292978216071f,0.05929584977180437f,0.29115777532973164f,-0.9548356675705413f,0.02395702026915967f,0f,0f,0f,1f],start_interpolation:0}
execute if entity @s[tag=aj.animal_alpha.bone.bone7] run data modify entity @s {} merge value {transformation:[-0.9193336136719762f,-0.08850208182981964f,-0.38339677657045257f,-0.3894995815189927f,0.17461938553398243f,0.7814075223471801f,-0.5990912736928954f,-0.8841024181072805f,0.3526099501837123f,-0.6177132551038785f,-0.7029200221222974f,0.49895411589081506f,0f,0f,0f,1f],start_interpolation:0}
execute if entity @s[tag=aj.animal_alpha.bone.left_down_arm2] run data modify entity @s {} merge value {transformation:[-0.8818749231870844f,-0.05475007385989239f,-0.4682937638556704f,-0.4495648583061616f,0.22003479198064904f,0.8306482757436128f,-0.5114764240140453f,-0.44883003950237615f,0.41699077948056185f,-0.5540991530552085f,-0.7204809632541962f,0.14224328209387307f,0f,0f,0f,1f],start_interpolation:0}
execute if entity @s[tag=aj.animal_alpha.bone.left_upper_arm2] run data modify entity @s {} merge value {transformation:[-0.8818749231870844f,0.2054383119598548f,-0.42437214780527177f,-0.2494512314253396f,0.22003479198064904f,0.9753777325427667f,0.014932152482597494f,-0.04960663051249686f,0.41699077948056185f,-0.08020834644110572f,-0.9053647392014874f,0.055028283090819086f,0f,0f,0f,1f],start_interpolation:0}
execute if entity @s[tag=aj.animal_alpha.bone.upperbody] run data modify entity @s {} merge value {transformation:[-0.9827134455746965f,-0.00041642651211229453f,-0.18513268343452488f,-0.18792753444889299f,-0.012107869828461041f,0.9980011122338124f,0.06202563557345224f,-0.29835016670667114f,0.1847367948594027f,0.06319498848036664f,-0.9807541537286709f,0.027683486292014753f,0f,0f,0f,1f],start_interpolation:0}
execute if entity @s[tag=aj.animal_alpha.bone.downbody] run data modify entity @s {} merge value {transformation:[-0.9827134455746965f,0.01572053464809198f,-0.18446449164293416f,2.504580856063385e-18f,-0.012107869828461041f,0.9887975263591892f,0.14877113750377077f,-0.7997769003874149f,0.1847367948594027f,0.14843286919118343f,-0.9715142819170226f,-0.02045145471990105f,0f,0f,0f,1f],start_interpolation:0}