execute if entity @s[tag=aj.animal_alpha.bone.bone4] run data modify entity @s {} merge value {transformation:[-0.9998114818769719f,0.008142898760098332f,-0.017626511474373115f,0.16681258280134048f,-0.0051486146515889114f,0.7641285598197551f,0.6450434371691232f,-1.450956112144842f,0.018721444232293133f,0.6450125869063099f,-0.7639425830900431f,-0.183611057174359f,0f,0f,0f,1f],start_interpolation:0}
execute if entity @s[tag=aj.animal_alpha.bone.bone] run data modify entity @s {} merge value {transformation:[-0.9975658246052264f,-0.06690013248214477f,-0.01966717706144283f,0.125f,-0.06972583418502536f,0.953529779431747f,0.2931198863674151f,-0.855f,-0.0008565202256885879f,0.2937776914789744f,-0.9558733882488766f,1.5308084989341915e-17f,0f,0f,0f,1f],start_interpolation:0}
execute if entity @s[tag=aj.animal_alpha.bone.bone5] run data modify entity @s {} merge value {transformation:[-0.9946178763908767f,0.10360809839621624f,0.0008011931243191994f,-0.15898446479500206f,0.10280706466030409f,0.9878306201585134f,-0.11671063933154918f,-1.3524513795656543f,-0.012883610504611426f,-0.11600011993082981f,-0.9931656381270944f,0.37684503595088575f,0f,0f,0f,1f],start_interpolation:0}
execute if entity @s[tag=aj.animal_alpha.bone.bone2] run data modify entity @s {} merge value {transformation:[-0.9975685647306464f,0.05437514367200329f,-0.043592458199638404f,-0.125f,0.06966328854509801f,0.7959222073050471f,-0.6013774739277685f,-0.855f,0.0019962190061803787f,-0.6029520575214172f,-0.7977749253018478f,-1.5308084989341915e-17f,0f,0f,0f,1f],start_interpolation:0}
execute if entity @s[tag=aj.animal_alpha.bone.head] run data modify entity @s {} merge value {transformation:[-0.9595476663400851f,-0.096764033850257f,0.2643955328183943f,-0.14224376141033757f,-0.018026093417927387f,0.9582717748556118f,0.2852897920907155f,-0.008983537439137435f,-0.2809685675967766f,0.268983135657427f,-0.9212517227959542f,0.1943791590794436f,0f,0f,0f,1f],start_interpolation:0}
execute if entity @s[tag=aj.animal_alpha.bone.bone6] run data modify entity @s {} merge value {transformation:[-0.571154448193296f,0.5623933134336965f,0.5979099909803144f,-0.06215651984288989f,-0.21060516195461076f,0.6036244743591593f,-0.7689492569166714f,-0.8633488241000091f,-0.7933650244793273f,-0.5651117190075753f,-0.2263198687106801f,0.7649378394114508f,0f,0f,0f,1f],start_interpolation:0}
execute if entity @s[tag=aj.animal_alpha.bone.left_down_arm] run data modify entity @s {} merge value {transformation:[-0.571154448193296f,0.5623933134336965f,0.5979099909803144f,0.2541897189635644f,-0.21060516195461076f,0.6036244743591593f,-0.7689492569166714f,-0.523810057272982f,-0.7933650244793273f,-0.5651117190075753f,-0.2263198687106801f,0.4470624974696896f,0f,0f,0f,1f],start_interpolation:0}
execute if entity @s[tag=aj.animal_alpha.bone.left_upper_arm] run data modify entity @s {} merge value {transformation:[-0.571154448193296f,-0.2194057373053351f,0.7909764337491438f,0.08680540286831828f,-0.21060516195461076f,0.9705280829519369f,0.1171354171875894f,-0.12552966622583592f,-0.7933650244793273f,-0.0996813053643498f,-0.6005294125134717f,0.3042812983128707f,0f,0f,0f,1f],start_interpolation:0}
execute if entity @s[tag=aj.animal_alpha.bone.bone7] run data modify entity @s {} merge value {transformation:[-0.9073403137135905f,0.17889310755830634f,0.38043502885283215f,-0.5330534080276076f,0.27488694833370547f,0.9371456812805264f,0.2149305415548029f,-0.9479519950068287f,-0.3180734518093356f,0.29959176912156693f,-0.8994854368630454f,-0.4939966117335001f,0f,0f,0f,1f],start_interpolation:0}
execute if entity @s[tag=aj.animal_alpha.bone.left_down_arm2] run data modify entity @s {} merge value {transformation:[-0.9382774287640798f,0.14505526776784577f,0.313997509487998f,-0.43183497556519446f,0.24806109774489982f,0.9148471280428719f,0.3186226986536026f,-0.4134365668168631f,-0.24104181889759738f,0.37684705333133184f,-0.8943629799684409f,-0.3379178304826535f,0f,0f,0f,1f],start_interpolation:0}
execute if entity @s[tag=aj.animal_alpha.bone.left_upper_arm2] run data modify entity @s {} merge value {transformation:[-0.9382774287640798f,0.02138800967575774f,0.3452216964705094f,-0.30519304273654047f,0.24806109774489982f,0.7371637366740538f,0.6285342608946164f,-0.12193506924007708f,-0.24104181889759738f,0.6753755831941631f,-0.6969696285833994f,-0.012310785473007443f,0f,0f,0f,1f],start_interpolation:0}
execute if entity @s[tag=aj.animal_alpha.bone.upperbody] run data modify entity @s {} merge value {transformation:[-0.8480132062813347f,-0.13636690166657747f,0.5121305205729377f,-0.21810049192731268f,-0.020908190378936126f,0.9741854110514601f,0.22477907480363044f,-0.3641746601042586f,-0.5295625076867965f,0.17990790150617594f,-0.8289732790796791f,-0.02419010411912665f,0f,0f,0f,1f],start_interpolation:0}
execute if entity @s[tag=aj.animal_alpha.bone.downbody] run data modify entity @s {} merge value {transformation:[-0.8480132062813347f,-0.18048310033972212f,0.49829655072477874f,0f,-0.020908190378936126f,0.9508875542291504f,0.3088295756354672f,-0.855f,-0.5295625076867965f,0.2514730794814156f,-0.8101387786969619f,0f,0f,0f,0f,1f],start_interpolation:0}