execute if entity @s[tag=aj.animal_alpha.bone.bone4] run data modify entity @s {} merge value {transformation:[-0.9993818425541647f,-0.026798089140082054f,0.02275511352384161f,0.15968784971202427f,-0.03061152520564675f,0.9816137937675466f,-0.1884072567866435f,-1.3338622821962567f,-0.017287778851742562f,-0.18898736016920387f,-0.9818273322731695f,0.3940799981605083f,0f,0f,0f,1f],start_interpolation:0}
execute if entity @s[tag=aj.animal_alpha.bone.bone] run data modify entity @s {} merge value {transformation:[-0.9975683897799422f,-0.05550055953923882f,0.04215442565952901f,0.125f,-0.06965703485072934f,0.7741796515140105f,-0.6291214228409724f,-0.8500000000000001f,0.002281492418928599f,-0.6305279970568133f,-0.7761631527712879f,1.5308084989341915e-17f,0f,0f,0f,1f],start_interpolation:0}
execute if entity @s[tag=aj.animal_alpha.bone.bone5] run data modify entity @s {} merge value {transformation:[-0.9992849274740879f,0.017622581387207834f,0.03345262842226817f,-0.1656480892327496f,0.031147124966543323f,0.8852488491103672f,0.4640736275151701f,-1.435041761873744f,-0.0214357255399868f,0.46478373441206133f,-0.8851647247244734f,-0.2160992126440811f,0f,0f,0f,1f],start_interpolation:0}
execute if entity @s[tag=aj.animal_alpha.bone.bone2] run data modify entity @s {} merge value {transformation:[-0.9975651406853099f,0.06503694277239933f,0.02517908187995822f,-0.125f,0.06973153085670995f,0.9360668189979905f,0.3448426075405459f,-0.8500000000000001f,-0.001141794148562994f,0.3457587402305297f,-0.9383227535663405f,-1.5308084989341915e-17f,0f,0f,0f,1f],start_interpolation:0}
execute if entity @s[tag=aj.animal_alpha.bone.head] run data modify entity @s {} merge value {transformation:[-0.9696263249844623f,0.0430332705464708f,-0.2407756788448539f,0.10037825187861023f,-0.021768691574656385f,0.9653113689917474f,0.26019239989362913f,0.0019984298302296866f,0.24362043010440132f,0.2575307719891993f,-0.9350545371872132f,0.1943792226170414f,0f,0f,0f,1f],start_interpolation:0}
execute if entity @s[tag=aj.animal_alpha.bone.bone6] run data modify entity @s {} merge value {transformation:[-0.9230939862200199f,-0.16401988465425127f,-0.3478433124877345f,0.5336634366072204f,-0.29900493035437564f,0.8749201902617664f,0.3809339999213638f,-0.8881918139628557f,0.24185438641506707f,0.4556447498987788f,-0.8566763202408894f,-0.5462916993098764f,0f,0f,0f,1f],start_interpolation:0}
execute if entity @s[tag=aj.animal_alpha.bone.left_down_arm] run data modify entity @s {} merge value {transformation:[-0.9230939862200199f,-0.16401988465425127f,-0.3478433124877345f,0.44140225148920403f,-0.29900493035437564f,0.8749201902617664f,0.3809339999213638f,-0.39604920694061213f,0.24185438641506707f,0.4556447498987788f,-0.8566763202408894f,-0.28999152749181334f,0f,0f,0f,1f],start_interpolation:0}
execute if entity @s[tag=aj.animal_alpha.bone.left_upper_arm] run data modify entity @s {} merge value {transformation:[-0.9230939862200199f,-0.05636093842346532f,-0.38042205144347235f,0.30135759265143547f,-0.29900493035437564f,0.7272801113587571f,0.617786120955925f,-0.11523977451545286f,0.24185438641506707f,0.6840227220217323f,-0.6882000955607107f,0.03950021169457796f,0f,0f,0f,1f],start_interpolation:0}
execute if entity @s[tag=aj.animal_alpha.bone.bone7] run data modify entity @s {} merge value {transformation:[-0.6264588482438722f,-0.6329272954787386f,-0.45492015793425844f,0.0659917920146863f,0.1149651362018331f,0.502226509069769f,-0.8570598293268021f,-0.7925074662438056f,0.7709295226640728f,-0.5892126714740297f,-0.24185966769881706f,0.7301874756401233f,0f,0f,0f,1f],start_interpolation:0}
execute if entity @s[tag=aj.animal_alpha.bone.left_down_arm2] run data modify entity @s {} merge value {transformation:[-0.5797691610894747f,-0.5908699117778248f,-0.5610173501820351f,-0.3014361177467173f,0.18512612332192407f,0.5750130715805883f,-0.7969242661478272f,-0.5188703801139639f,0.793470880570549f,-0.5658910803919096f,-0.2239893899707638f,0.3978744060465014f,0f,0f,0f,1f],start_interpolation:0}
execute if entity @s[tag=aj.animal_alpha.bone.left_upper_arm2] run data modify entity @s {} merge value {transformation:[-0.5797691610894747f,0.1683525722581653f,-0.7971983010918086f,-0.15531072224758563f,0.18512612332192407f,0.9800491428075331f,0.07233253863936522f,-0.11323964555090868f,0.793470880570549f,-0.10564605575353375f,-0.5993687284054106f,0.2524703965830118f,0f,0f,0f,1f],start_interpolation:0}
execute if entity @s[tag=aj.animal_alpha.bone.upperbody] run data modify entity @s {} merge value {transformation:[-0.8480134834752598f,0.08819224076791746f,-0.5225851705822592f,-0.12435793972236127f,-0.02090819721329122f,0.9797220291920429f,0.19926764113903705f,-0.3568633905230887f,0.5295620635331098f,0.1799079603134881f,-0.8289735500499368f,0.1743957775338204f,0f,0f,0f,1f],start_interpolation:0}
execute if entity @s[tag=aj.animal_alpha.bone.downbody] run data modify entity @s {} merge value {transformation:[-0.8480134834752598f,0.13340294135683853f,-0.5129101159867089f,0f,-0.02090819721329122f,0.9586265718157528f,0.2838977687444327f,-0.8500000000000001f,0.5295620635331098f,0.25147316168156225f,-0.810139043510701f,0f,0f,0f,0f,1f],start_interpolation:0}