execute if entity @s[tag=aj.animal_alpha.bone.bone4] run data modify entity @s {} merge value {transformation:[-0.9996205346254163f,-0.025573823608766356f,-0.010235541081175727f,0.16849404170247695f,-0.02636555620663801f,0.9958906326422629f,0.08664124457386317f,-1.396102294544372f,0.007977731576792003f,0.08687823295521767f,-0.9961869947140785f,0.0544537239139736f,0f,0f,0f,1f],start_interpolation:0}
execute if entity @s[tag=aj.animal_alpha.bone.bone] run data modify entity @s {} merge value {transformation:[-0.9975684008321533f,-0.06959046672396314f,0.003801657838534157f,0.125f,-0.06965687657024741f,0.9937636712709953f,-0.08707287297700955f,-0.775f,0.002281492418928594f,-0.08712595826235774f,-0.9961946909059535f,1.5308084989341915e-17f,0f,0f,0f,1f],start_interpolation:0}
execute if entity @s[tag=aj.animal_alpha.bone.bone5] run data modify entity @s {} merge value {transformation:[-0.9996414198033883f,0.02578763501245064f,0.00721316116074619f,-0.16857182437206653f,0.026317272721018855f,0.9958711844723119f,0.08687914073149042f,-1.3978834441413819f,-0.004942971777562973f,0.08703781832157349f,-0.9961927450106365f,0.027252727119681824f,0f,0f,0f,1f],start_interpolation:0}
execute if entity @s[tag=aj.animal_alpha.bone.bone2] run data modify entity @s {} merge value {transformation:[-0.9975651406853099f,0.06971491899530646f,-0.001902671536509114f,-0.125f,0.06973153085670994f,0.996613510626211f,-0.04357779298770242f,-0.775f,-0.001141794148562993f,-0.043604363391490944f,-0.9990482249618109f,-1.5308084989341915e-17f,0f,0f,0f,1f],start_interpolation:0}
execute if entity @s[tag=aj.animal_alpha.bone.head] run data modify entity @s {} merge value {transformation:[-1f,1.5407439555097887e-33f,1.2246467991473535e-16f,0f,0f,1.0000000000000002f,-1.3877787807814457e-17f,0.10461961730479258f,-1.2246467991473532e-16f,-1.3877787807814457e-17f,-1.0000000000000002f,0.005452423420666999f,0f,0f,0f,1f],start_interpolation:0}
execute if entity @s[tag=aj.animal_alpha.bone.bone6] run data modify entity @s {} merge value {transformation:[-0.9868556790044624f,-0.14823338615427253f,0.0643640586498393f,0.5254949037137364f,-0.15860919314766628f,0.9647521336391565f,-0.20999153432398515f,-0.9747283487606491f,-0.030967606715532787f,-0.21744006960064532f,-0.9755822996889492f,0.15665458964188322f,0f,0f,0f,1f],start_interpolation:0}
execute if entity @s[tag=aj.animal_alpha.bone.left_down_arm] run data modify entity @s {} merge value {transformation:[-0.9868556790044624f,-0.14823338615427253f,0.0643640586498393f,0.4421136240019581f,-0.15860919314766628f,0.9647521336391565f,-0.20999153432398515f,-0.43205527358862367f,-0.030967606715532787f,-0.21744006960064532f,-0.9755822996889492f,0.03434455049152023f,0f,0f,0f,1f],start_interpolation:0}
execute if entity @s[tag=aj.animal_alpha.bone.left_upper_arm] run data modify entity @s {} merge value {transformation:[-0.9868556790044624f,-0.1571580894317721f,0.0376457665986064f,0.25f,-0.15860919314766628f,0.9865600282037539f,-0.039273841162467425f,-0.020261410392939605f,-0.030967606715532787f,-0.04472857785313052f,-0.9985190842730792f,0.010904846841334026f,0f,0f,0f,1f],start_interpolation:0}
execute if entity @s[tag=aj.animal_alpha.bone.bone7] run data modify entity @s {} merge value {transformation:[-0.9775606582796827f,0.1412966933468434f,-0.15623829182707244f,-0.5371630139058243f,0.19370259417463723f,0.894433166808192f,-0.4030739573868362f,-0.9238432724436321f,0.08279169278260438f,-0.4242930055547903f,-0.9017322113817792f,0.24223799413378805f,0f,0f,0f,1f],start_interpolation:0}
execute if entity @s[tag=aj.animal_alpha.bone.left_down_arm2] run data modify entity @s {} merge value {transformation:[-0.9613488046444557f,0.15437608113983448f,-0.22798355506611281f,-0.46457544045629945f,0.22116780161389016f,0.9261597887100183f,-0.30547151963136165f,-0.4219703612712069f,0.1639917050888702f,-0.34408730192862635f,-0.9245056242736025f,-0.009092714718164419f,0f,0f,0f,1f],start_interpolation:0}
execute if entity @s[tag=aj.animal_alpha.bone.left_upper_arm2] run data modify entity @s {} merge value {transformation:[-0.9613488046444557f,0.21578706257312572f,-0.17100999805490313f,-0.25f,0.22116780161389016f,0.9751513471306745f,-0.012831746510494721f,-0.022987622103273125f,0.1639917050888702f,-0.05015768949316332f,-0.9851857321575219f,-0.05153566700753215f,0f,0f,0f,1f],start_interpolation:0}
execute if entity @s[tag=aj.animal_alpha.bone.upperbody] run data modify entity @s {} merge value {transformation:[-1f,5.341834311772725e-18f,1.223481206754078e-16f,-0.1875f,0f,0.9990482215818578f,-0.043619387365336014f,-0.2727496774987376f,-1.2246467991473532e-16f,-0.043619387365336014f,-0.9990482215818578f,-0.04063082016619814f,0f,0f,0f,1f],start_interpolation:0}
execute if entity @s[tag=aj.animal_alpha.bone.downbody] run data modify entity @s {} merge value {transformation:[-1f,-5.341834311772723e-18f,1.223481206754078e-16f,0f,0f,0.9990482215818578f,0.043619387365336f,-0.775f,-1.2246467991473532e-16f,0.043619387365336f,-0.9990482215818578f,0f,0f,0f,0f,1f],start_interpolation:0}