execute if entity @s[tag=aj.animal_alpha.bone.bone4] run data modify entity @s {} merge value {transformation:[-0.9998392991382357f,-0.01732473091349846f,0.00460755873936204f,0.1672697460149099f,-0.015965767887966546f,0.9774325185438765f,0.21064369430087868f,-1.4382247592180764f,-0.008152923065341443f,0.21053628046431644f,-0.9775520469283163f,0.1579815129631588f,0f,0f,0f,1f],start_interpolation:0}
execute if entity @s[tag=aj.animal_alpha.bone.bone] run data modify entity @s {} merge value {transformation:[-0.9975684132006526f,-0.06763159362385583f,0.016829394767181774f,0.125f,-0.0696892946223255f,0.9651596147489223f,-0.25221086470006515f,-0.835f,0.0008143705389653994f,-0.25277042074105405f,-0.9675259434242659f,1.5308084989341915e-17f,0f,0f,0f,1f],start_interpolation:0}
execute if entity @s[tag=aj.animal_alpha.bone.bone5] run data modify entity @s {} merge value {transformation:[-0.9979874460703633f,0.06218319071286641f,0.012422088339769844f,-0.16835319813696517f,0.06338849723165826f,0.9729801588205431f,0.22201691142852809f,-1.4557592617403416f,0.0017192744591296542f,0.22235750793332373f,-0.9749636827908084f,0.05833900217592917f,0f,0f,0f,1f],start_interpolation:0}
execute if entity @s[tag=aj.animal_alpha.bone.bone2] run data modify entity @s {} merge value {transformation:[-0.9975679648394498f,0.06936511701914427f,-0.006829060477016314f,-0.125f,0.06969971080916622f,0.9932148187845466f,-0.09309282496464932f,-0.835f,0.00032532936683285377f,-0.09334240348148669f,-0.9956340140197614f,-1.5308084989341915e-17f,0f,0f,0f,1f],start_interpolation:0}
execute if entity @s[tag=aj.animal_alpha.bone.head] run data modify entity @s {} merge value {transformation:[-0.9973750009107638f,-0.0032367912867439647f,-0.07233692515181829f,0.02143680641119977f,-0.02201120298737844f,0.965277908304357f,0.2602961134604474f,0.015052088949692344f,0.06898271161169389f,0.2612050591426815f,-0.9628153003442383f,0.22519393746666713f,0f,0f,0f,1f],start_interpolation:0}
execute if entity @s[tag=aj.animal_alpha.bone.bone6] run data modify entity @s {} merge value {transformation:[-0.9793610128552043f,-0.05501342348247637f,0.19448786526661782f,0.4887519110021541f,-0.11759588999050345f,0.9377062954742901f,-0.32692217741417484f,-1.0280999711463763f,-0.16438738746196369f,-0.343045808405556f,-0.9248223397922481f,0.24432105526537623f,0f,0f,0f,1f],start_interpolation:0}
execute if entity @s[tag=aj.animal_alpha.bone.left_down_arm] run data modify entity @s {} merge value {transformation:[-0.9793610128552043f,-0.05501342348247637f,0.19448786526661782f,0.4578068602932611f,-0.11759588999050345f,0.9377062954742901f,-0.32692217741417484f,-0.5006401799420882f,-0.16438738746196369f,-0.343045808405556f,-0.9248223397922481f,0.051357788037250995f,0f,0f,0f,1f],start_interpolation:0}
execute if entity @s[tag=aj.animal_alpha.bone.left_upper_arm] run data modify entity @s {} merge value {transformation:[-0.9793610128552043f,-0.1605231773097828f,0.12281822358917424f,0.2651578436133306f,-0.11759588999050345f,0.9467596999545309f,0.29969530726948046f,-0.10113229746079391f,-0.16438738746196369f,0.27906698136536845f,-0.9460964045778057f,0.15290116895185424f,0f,0f,0f,1f],start_interpolation:0}
execute if entity @s[tag=aj.animal_alpha.bone.bone7] run data modify entity @s {} merge value {transformation:[-0.8960800531089859f,-0.2084720511094007f,-0.3918927689131763f,-0.30689016287393145f,0.03310641188118357f,0.8490091989712503f,-0.5273398766967561f,-0.9830713133590551f,0.4426561915443523f,-0.48551290813781234f,-0.7538784465144325f,0.4392778263903952f,0f,0f,0f,1f],start_interpolation:0}
execute if entity @s[tag=aj.animal_alpha.bone.left_down_arm2] run data modify entity @s {} merge value {transformation:[-0.8570608859463784f,-0.1735230466634321f,-0.48511482151903895f,-0.43481655296705196f,0.07231705756578506f,0.8917391612802437f,-0.4467342738409883f,-0.5093889272539798f,0.5101145763118671f,-0.41796054899457724f,-0.7517260794453762f,0.15719213761560952f,0f,0f,0f,1f],start_interpolation:0}
execute if entity @s[tag=aj.animal_alpha.bone.left_upper_arm2] run data modify entity @s {} merge value {transformation:[-0.8570608859463784f,0.2057088728954024f,-0.47236690971416684f,-0.2376863103320161f,0.07231705756578506f,0.9557894914556315f,0.285020510153239f,-0.1002706569378641f,0.5101145763118671f,0.21011974594285238f,-0.8340460487281716f,0.18535520442662407f,0f,0f,0f,1f],start_interpolation:0}
execute if entity @s[tag=aj.animal_alpha.bone.upperbody] run data modify entity @s {} merge value {transformation:[-0.9824480867734261f,0.015127875929804632f,-0.18592176893813964f,-0.1800652738911281f,-0.024222749697208917f,0.9779205906783077f,0.2075682459445479f,-0.3432368827513655f,0.18495679277155763f,0.20842856257538792f,-0.9603897745761439f,0.12168826423455473f,0f,0f,0f,1f],start_interpolation:0}
execute if entity @s[tag=aj.animal_alpha.bone.downbody] run data modify entity @s {} merge value {transformation:[-0.9824480867734261f,0.03127445965942315f,-0.18389579921315674f,0f,-0.024222749697208917f,0.9561085429423525f,0.2920097815309586f,-0.835f,0.18495679277155763f,0.2913389130989249f,-0.9385694553531966f,0f,0f,0f,0f,1f],start_interpolation:0}