execute if entity @s[tag=aj.animal_alpha.bone.bone4] run data modify entity @s {} merge value {transformation:[-0.999538184019634f,-0.024642649608900218f,0.017780846632976313f,0.1626212697199635f,-0.025507026427957043f,0.998416162201168f,-0.05014537524333135f,-1.3056251494751219f,-0.01651696974435554f,-0.05057575383268126f,-0.998583638377237f,0.3280953989454324f,0f,0f,0f,1f],start_interpolation:0}
execute if entity @s[tag=aj.animal_alpha.bone.bone] run data modify entity @s {} merge value {transformation:[-0.9975686534843689f,-0.060194031551941564f,0.035120651345144006f,0.125f,-0.06966960780078728f,0.849000239160195f,-0.5237792852479147f,-0.775f,0.0017109454309772933f,-0.5249526383126918f,-0.8511297199571147f,1.5308084989341915e-17f,0f,0f,0f,1f],start_interpolation:0}
execute if entity @s[tag=aj.animal_alpha.bone.bone5] run data modify entity @s {} merge value {transformation:[-0.9990695470396876f,0.034860807708764534f,0.025392208722473657f,-0.16760208739817611f,0.04206303018785832f,0.9176516881116873f,0.3951532371083224f,-1.3856013022246745f,-0.009525842184733194f,0.3958536388511078f,-0.918264207588975f,-0.126396645014217f,0f,0f,0f,1f],start_interpolation:0}
execute if entity @s[tag=aj.animal_alpha.bone.bone2] run data modify entity @s {} merge value {transformation:[-0.9975664942354461f,0.06816333983708175f,0.014657717457241747f,-0.125f,0.06971917423882029f,0.9769620835594791f,0.20170355482880922f,-0.775f,-0.0005712462331094701f,0.20223463202274714f,-0.9793369324641878f,-1.5308084989341915e-17f,0f,0f,0f,1f],start_interpolation:0}
execute if entity @s[tag=aj.animal_alpha.bone.head] run data modify entity @s {} merge value {transformation:[-0.9963411418576674f,0.0001836452966647046f,-0.0854651701932698f,0.027861604519579974f,-0.022124419205126745f,0.9653557266525639f,0.2599977520940059f,0.07521049556529819f,0.08255203883972453f,0.2609373244545619f,-0.9618195639463252f,0.22388891060700705f,0f,0f,0f,1f],start_interpolation:0}
execute if entity @s[tag=aj.animal_alpha.bone.bone6] run data modify entity @s {} merge value {transformation:[-0.9609492602490819f,-0.27223549425764454f,0.04964226921725064f,0.6597897365439671f,-0.2594337041698329f,0.9487085211592625f,0.1806828575723904f,-0.8850112858783452f,-0.09628433085119109f,0.16074818053745143f,-0.9822878142817599f,-0.17900856371711504f,0f,0f,0f,1f],start_interpolation:0}
execute if entity @s[tag=aj.animal_alpha.bone.left_down_arm] run data modify entity @s {} merge value {transformation:[-0.9609492602490819f,-0.27223549425764454f,0.04964226921725064f,0.5066572710240421f,-0.2594337041698329f,0.9487085211592625f,0.1806828575723904f,-0.35136274272626f,-0.09628433085119109f,0.16074818053745143f,-0.9822878142817599f,-0.0885877121647986f,0f,0f,0f,1f],start_interpolation:0}
execute if entity @s[tag=aj.animal_alpha.bone.left_upper_arm] run data modify entity @s {} merge value {transformation:[-0.9609492602490819f,-0.26770887787893277f,-0.0700605162095218f,0.2694159794208738f,-0.2594337041698329f,0.7834620451610782f,0.5646958269128083f,-0.04102731098951737f,-0.09628433085119109f,0.5608200963738936f,-0.822319978558052f,0.14473553864238098f,0f,0f,0f,1f],start_interpolation:0}
execute if entity @s[tag=aj.animal_alpha.bone.bone7] run data modify entity @s {} merge value {transformation:[-0.858602914235113f,-0.35829504799805995f,-0.3666410973241254f,-0.20954560922852258f,0.09156927504116f,0.596507692512569f,-0.7973666914549207f,-0.777001019017897f,0.5043967719319855f,-0.7181944244794708f,-0.4793544253589346f,0.6620587319540832f,0f,0f,0f,1f],start_interpolation:0}
execute if entity @s[tag=aj.animal_alpha.bone.left_down_arm2] run data modify entity @s {} merge value {transformation:[-0.8207807382912276f,-0.3249767500090942f,-0.46979686206235316f,-0.42170733498753515f,0.15592031665845224f,0.6637328868879588f,-0.7315377705330763f,-0.44937238080173736f,0.5495523946842877f,-0.6736829868839664f,-0.49410869116001416f,0.2522302586343511f,0f,0f,0f,1f],start_interpolation:0}
execute if entity @s[tag=aj.animal_alpha.bone.left_upper_arm2] run data modify entity @s {} merge value {transformation:[-0.8207807382912276f,0.19843605379176915f,-0.5356697790669707f,-0.23229396916723272f,0.15592031665845224f,0.9799422041569683f,0.12410532367755464f,-0.04013770606537029f,0.5495523946842877f,0.018341457617449847f,-0.8352578981543557f,0.19156059700644945f,0f,0f,0f,1f],start_interpolation:0}
execute if entity @s[tag=aj.animal_alpha.bone.upperbody] run data modify entity @s {} merge value {transformation:[-0.976754677990382f,0.021074356770413326f,-0.2133217534866485f,-0.17651539098543717f,-0.024082375851779088f,0.9780672041420829f,0.20689268560058555f,-0.28314935861015483f,0.21300314128490866f,0.20722069314719127f,-0.9548241964541738f,0.12644272738934484f,0f,0f,0f,1f],start_interpolation:0}
execute if entity @s[tag=aj.animal_alpha.bone.downbody] run data modify entity @s {} merge value {transformation:[-0.976754677990382f,0.039586378349741325f,-0.21067324859377906f,0f,-0.024082375851779088f,0.9563134774611832f,0.2913495701033944f,-0.775f,0.21300314128490866f,0.2896505678835279f,-0.9331303286934313f,0f,0f,0f,0f,1f],start_interpolation:0}