execute if entity @s[tag=aj.animal_alpha.bone.bone4] run data modify entity @s {} merge value {transformation:[-0.9999321489077246f,-0.011399537230924683f,-0.002397526162643263f,0.16839125033510455f,-0.011521481478805159f,0.9374569058434864f,0.34791062810855666f,-1.43575660304138f,-0.00171844270004752f,0.34791464504570313f,-0.9375246379255369f,0.05833900217592934f,0f,0f,0f,1f],start_interpolation:0}
execute if entity @s[tag=aj.animal_alpha.bone.bone] run data modify entity @s {} merge value {transformation:[-0.9975679439853004f,-0.06942600053616728f,0.006182845824752209f,0.125f,-0.0697000092808002f,0.9932105648662077f,-0.09313797584446941f,-0.8150000000000001f,0.00032532936683285464f,-0.09334240348148692f,-0.9956340140197614f,1.5308084989341915e-17f,0f,0f,0f,1f],start_interpolation:0}
execute if entity @s[tag=aj.animal_alpha.bone.bone5] run data modify entity @s {} merge value {transformation:[-0.997099264760071f,0.07576429366961865f,0.007268288634163813f,-0.16701292517159672f,0.0760803096704265f,0.9893665262600545f,0.12395831233348034f,-1.4182427004783373f,0.002200612500586027f,0.12415171573867378f,-0.9922608068364718f,0.15798151296315857f,0f,0f,0f,1f],start_interpolation:0}
execute if entity @s[tag=aj.animal_alpha.bone.bone2] run data modify entity @s {} merge value {transformation:[-0.9975684288388686f,0.06722068027455474f,-0.018401356672190408f,-0.125f,0.06968907076849529f,0.9651883207653399f,-0.25210104893396795f,-0.8150000000000001f,0.0008143705389654011f,-0.25277042074105377f,-0.967525943424266f,-1.5308084989341915e-17f,0f,0f,0f,1f],start_interpolation:0}
execute if entity @s[tag=aj.animal_alpha.bone.head] run data modify entity @s {} merge value {transformation:[-0.9997735896151961f,-0.020914142906690747f,-0.0039202212212841245f,-0.012411742741109982f,-0.021209444044455246f,0.9646580056852266f,0.2626501314500456f,0.034217536015274164f,-0.0017114295984385006f,0.26267381044535f,-0.9648831744386726f,0.22898891945869954f,0f,0f,0f,1f],start_interpolation:0}
execute if entity @s[tag=aj.animal_alpha.bone.bone6] run data modify entity @s {} merge value {transformation:[-0.9372197533914032f,0.03199597630758841f,0.34726847157938434f,0.4323481020498535f,-0.14778204412555318f,0.8655157104329861f,-0.47858439425848f,-0.9694859620065533f,-0.315879092829884f,-0.4998587925542646f,-0.8064499899058604f,0.4316447653281418f,0f,0f,0f,1f],start_interpolation:0}
execute if entity @s[tag=aj.animal_alpha.bone.left_down_arm] run data modify entity @s {} merge value {transformation:[-0.9372197533914032f,0.03199597630758841f,0.34726847157938434f,0.450345838722872f,-0.14778204412555318f,0.8655157104329861f,-0.47858439425848f,-0.4826333748879986f,-0.315879092829884f,-0.4998587925542646f,-0.8064499899058604f,0.15047419451636793f,0f,0f,0f,1f],start_interpolation:0}
execute if entity @s[tag=aj.animal_alpha.bone.left_upper_arm] run data modify entity @s {} merge value {transformation:[-0.9372197533914032f,-0.21446613671917486f,0.27499710917336867f,0.23936443473430757f,-0.14778204412555318f,0.9584865909184385f,0.24385225539991f,-0.08176824687687592f,-0.315879092829884f,0.18790351574758285f,-0.9300068104496156f,0.19319709605219992f,0f,0f,0f,1f],start_interpolation:0}
execute if entity @s[tag=aj.animal_alpha.bone.bone7] run data modify entity @s {} merge value {transformation:[-0.9537262516149617f,0.00419990050783927f,-0.30064696541990704f,-0.48200691072502916f,0.10400954317339627f,0.942781232963754f,-0.3167736758321387f,-0.9925476889229599f,0.28211389882339355f,-0.33338552399147114f,-0.8995920411406473f,0.24861794757572003f,0f,0f,0f,1f],start_interpolation:0}
execute if entity @s[tag=aj.animal_alpha.bone.left_down_arm2] run data modify entity @s {} merge value {transformation:[-0.9240255394195288f,0.03038702819442382f,-0.3811212812451699f,-0.4887342874434889f,0.12395585855751459f,0.9668023107389465f,-0.22344627336141165f,-0.46268678121739054f,0.36167906717104603f,-0.253712278905347f,-0.8971166768614532f,0.049834998387621524f,0f,0f,0f,1f],start_interpolation:0}
execute if entity @s[tag=aj.animal_alpha.bone.left_upper_arm2] run data modify entity @s {} merge value {transformation:[-0.9240255394195288f,0.25256092843362904f,-0.2870361996842766f,-0.2627356888263351f,0.12395585855751459f,0.9080982894284816f,0.39999055222134305f,-0.08088826191211917f,0.36167906717104603f,0.3340216672100911f,-0.8704124184571777f,0.15075959439565562f,0f,0f,0f,1f],start_interpolation:0}
execute if entity @s[tag=aj.animal_alpha.bone.upperbody] run data modify entity @s {} merge value {transformation:[-0.999004361952742f,-0.016200695897856346f,-0.041567081348346094f,-0.1962477422298246f,-0.02463095295495435f,0.97714816904711f,0.21112738307574253f,-0.32363586961421204f,0.03719678690324834f,0.2119410134455002f,-0.9765743217306958f,0.09544954185282754f,0f,0f,0f,1f],start_interpolation:0}
execute if entity @s[tag=aj.animal_alpha.bone.downbody] run data modify entity @s {} merge value {transformation:[-0.999004361952742f,-0.012516237510073748f,-0.04282088973837728f,0f,-0.02463095295495435f,0.955028861368452f,0.29548805408985473f,-0.8150000000000001f,0.03719678690324834f,0.29624857426132795f,-0.9543862851551277f,0f,0f,0f,0f,1f],start_interpolation:0}