execute if entity @s[tag=aj.animal_alpha.bone.bone4] run data modify entity @s {} merge value {transformation:[-0.9995135329156052f,-0.026632995195680693f,0.016229019855561952f,0.16257035019938715f,-0.02856906968392918f,0.9905838703680923f,-0.1338932560809744f,-1.3910096834262564f,-0.012510226854864527f,-0.13429176941822396f,-0.9908628638164628f,0.33370216773672545f,0f,0f,0f,1f],start_interpolation:0}
execute if entity @s[tag=aj.animal_alpha.bone.bone] run data modify entity @s {} merge value {transformation:[-0.9975683919903864f,-0.06011256031901944f,0.035267313387994326f,0.125f,-0.0696570031946331f,0.8433932712597882f,-0.5327623221471806f,-0.8638888888888888f,0.002281492418928599f,-0.5339234683787607f,-0.8455297302323181f,1.5308084989341915e-17f,0f,0f,0f,1f],start_interpolation:0}
execute if entity @s[tag=aj.animal_alpha.bone.bone5] run data modify entity @s {} merge value {transformation:[-0.9993921722289273f,0.02007889686855374f,0.028497789178957948f,-0.1667673926054123f,0.029664051221471997f,0.9192169202576276f,0.39263252231216433f,-1.4641710394503011f,-0.0183120220804868f,0.39323922923918f,-0.9192538161110343f,-0.1689432586175344f,0f,0f,0f,1f],start_interpolation:0}
execute if entity @s[tag=aj.animal_alpha.bone.bone2] run data modify entity @s {} merge value {transformation:[-0.9975651406853099f,0.06682782816865966f,0.019945713117311293f,-0.125f,0.06973153085670995f,0.96045144089826f,0.26957474525785247f,-0.8638888888888888f,-0.001141794148562994f,0.270309213788055f,-0.962772883523111f,-1.5308084989341915e-17f,0f,0f,0f,1f],start_interpolation:0}
execute if entity @s[tag=aj.animal_alpha.bone.head] run data modify entity @s {} merge value {transformation:[-0.9801591381298129f,0.011506509454189212f,-0.19787790220437157f,0.06297295920219309f,-0.030917100870099523f,0.9772192686413034f,0.2099681734690857f,-0.0025500523375568407f,0.19578609964553217f,0.21192003500456635f,-0.9574746482018482f,0.16700363806308113f,0f,0f,0f,1f],start_interpolation:0}
execute if entity @s[tag=aj.animal_alpha.bone.bone6] run data modify entity @s {} merge value {transformation:[-0.9589223844331174f,-0.20445574181797102f,-0.19663598417066913f,0.5803020314156726f,-0.24978883194917326f,0.9371209218860674f,0.24374149666578032f,-0.9842668861310959f,0.13443734624936704f,0.2828466499732144f,-0.9496969898511618f,-0.36504883677990113f,0f,0f,0f,1f],start_interpolation:0}
execute if entity @s[tag=aj.animal_alpha.bone.left_down_arm] run data modify entity @s {} merge value {transformation:[-0.9589223844331174f,-0.20445574181797102f,-0.19663598417066913f,0.46529567664306387f,-0.24978883194917326f,0.9371209218860674f,0.24374149666578032f,-0.4571363675701829f,0.13443734624936704f,0.2828466499732144f,-0.9496969898511618f,-0.20594759616996802f,0f,0f,0f,1f],start_interpolation:0}
execute if entity @s[tag=aj.animal_alpha.bone.left_upper_arm] run data modify entity @s {} merge value {transformation:[-0.9589223844331174f,-0.14466472291315585f,-0.24400815268667625f,0.2821395623144185f,-0.24978883194917326f,0.8382859260113028f,0.48464651622067845f,-0.12160987893388459f,0.13443734624936704f,0.5256889043872168f,-0.8399867711682103f,0.040845967780610226f,0f,0f,0f,1f],start_interpolation:0}
execute if entity @s[tag=aj.animal_alpha.bone.bone7] run data modify entity @s {} merge value {transformation:[-0.729613996204366f,-0.46923948755759115f,-0.49747132566549473f,-0.08705741066969647f,0.10847672175024822f,0.6388239290957205f,-0.7616671113111195f,-0.8809330430949487f,0.6752008718751884f,-0.6096870434340844f,-0.41519331845248925f,0.6602428134793433f,0f,0f,0f,1f],start_interpolation:0}
execute if entity @s[tag=aj.animal_alpha.bone.left_down_arm2] run data modify entity @s {} merge value {transformation:[-0.6800806990049378f,-0.4240964067561216f,-0.5980238127512161f,-0.3629881277669659f,0.16934240255170935f,0.7027766739920779f,-0.6909617190486372f,-0.5288062714149446f,0.7133115683479204f,-0.571180518110675f,-0.40612734725926886f,0.3135708128383843f,0f,0f,0f,1f],start_interpolation:0}
execute if entity @s[tag=aj.animal_alpha.bone.left_upper_arm2] run data modify entity @s {} merge value {transformation:[-0.6800806990049378f,0.18832090298573456f,-0.7085375645225824f,-0.19558764533508977f,0.16934240255170935f,0.9806620819315227f,0.09810724621426506f,-0.12093441088886711f,0.7133115683479204f,-0.05326460889154397f,-0.698820068329939f,0.2011036004048437f,0f,0f,0f,1f],start_interpolation:0}
execute if entity @s[tag=aj.animal_alpha.bone.upperbody] run data modify entity @s {} merge value {transformation:[-0.9018026714202283f,0.050272517942653645f,-0.42921395103030524f,-0.1517931078569889f,-0.017786219989321332f,0.9880510527492647f,0.15309724863485025f,-0.3668355353268507f,0.43178188034913084f,0.14569760156150566f,-0.8901329208053107f,0.13769283249264663f,0f,0f,0f,1f],start_interpolation:0}
execute if entity @s[tag=aj.animal_alpha.bone.downbody] run data modify entity @s {} merge value {transformation:[-0.9018026714202283f,0.08748967653389694f,-0.4231991237223132f,0f,-0.017786219989321332f,0.9709479157753919f,0.2386289907574393f,-0.8638888888888888f,0.43178188034913084f,0.22272337405718481f,-0.8740473136225247f,0f,0f,0f,0f,1f],start_interpolation:0}