execute if entity @s[tag=aj.animal_alpha.bone.bone4] run data modify entity @s {} merge value {transformation:[-0.9998747626396172f,0.004281252715348845f,-0.01523581017067039f,0.16751494126578712f,-0.005687514874102369f,0.8011879993285264f,0.5983856966092271f,-1.3819616054850417f,0.014768588657222801f,0.5983974102610576f,-0.8010633109698216f,-0.14288138169890247f,0f,0f,0f,1f],start_interpolation:0}
execute if entity @s[tag=aj.animal_alpha.bone.bone] run data modify entity @s {} merge value {transformation:[-0.9975662894713331f,-0.06802390602525937f,-0.01530510762664303f,0.125f,-0.06972138856760429f,0.9711385687760664f,0.22809824245657478f,-0.775f,-0.0006527530938910995f,0.228610210718244f,-0.9735178198003149f,1.5308084989341915e-17f,0f,0f,0f,1f],start_interpolation:0}
execute if entity @s[tag=aj.animal_alpha.bone.bone5] run data modify entity @s {} merge value {transformation:[-0.9950499194148027f,0.09936790894924954f,0.0012948141365595398f,-0.160817302532705f,0.09898931318285198f,0.9922392663719701f,-0.07524861556999857f,-1.2966740183609402f,-0.008762063009464582f,-0.07474795609692503f,-0.9971639631029344f,0.3423424300410774f,0f,0f,0f,1f],start_interpolation:0}
execute if entity @s[tag=aj.animal_alpha.bone.bone2] run data modify entity @s {} merge value {transformation:[-0.9975686407568837f,0.05730768405232796f,-0.039656479004346594f,-0.125f,0.06966774069566894f,0.8346784293775045f,-0.5463133948918544f,-0.775f,0.0017924521819729325f,-0.5477478880657238f,-0.8366415231356346f,-1.5308084989341915e-17f,0f,0f,0f,1f],start_interpolation:0}
execute if entity @s[tag=aj.animal_alpha.bone.head] run data modify entity @s {} merge value {transformation:[-0.9895788088727699f,-0.05703168022620517f,0.1322163699415687f,-0.0799215029088226f,-0.019197913213216924f,0.9622774437311822f,0.27139189636840494f,0.07255304906204324f,-0.1427067663364554f,0.26602539115046353f,-0.953344255820024f,0.22141992337415492f,0f,0f,0f,1f],start_interpolation:0}
execute if entity @s[tag=aj.animal_alpha.bone.bone6] run data modify entity @s {} merge value {transformation:[-0.7823174533724702f,0.3396234527893913f,0.5221449151952219f,0.18477029326528938f,-0.20564626357453591f,0.6504416197564709f,-0.7311876049047953f,-0.8078730421464685f,-0.5879532434017571f,-0.6793979758609756f,-0.43900953744692567f,0.72237587274728f,0f,0f,0f,1f],start_interpolation:0}
execute if entity @s[tag=aj.animal_alpha.bone.left_down_arm] run data modify entity @s {} merge value {transformation:[-0.7823174533724702f,0.3396234527893913f,0.5221449151952219f,0.375808485459322f,-0.20564626357453591f,0.6504416197564709f,-0.7311876049047953f,-0.44199963103345363f,-0.5879532434017571f,-0.6793979758609756f,-0.43900953744692567f,0.3402145113254812f,0f,0f,0f,1f],start_interpolation:0}
execute if entity @s[tag=aj.animal_alpha.bone.left_upper_arm] run data modify entity @s {} merge value {transformation:[-0.7823174533724702f,-0.24367755131983965f,0.573236995606163f,0.1714098750853334f,-0.20564626357453591f,0.9697410591911972f,0.13157466472147042f,-0.04344370058412181f,-0.5879532434017571f,-0.014950889655862859f,-0.8087567338030965f,0.2601793416758216f,0f,0f,0f,1f],start_interpolation:0}
execute if entity @s[tag=aj.animal_alpha.bone.bone7] run data modify entity @s {} merge value {transformation:[-0.96777948273809f,0.24138822989132774f,0.07165609018867038f,-0.642233645268505f,0.24897938313815798f,0.9598451768924834f,0.12925363889801933f,-0.8956005038689501f,-0.03757844546196229f,0.1429299089280081f,-0.9890191613768128f,-0.2534355565083628f,0f,0f,0f,1f],start_interpolation:0}
execute if entity @s[tag=aj.animal_alpha.bone.left_down_arm2] run data modify entity @s {} merge value {transformation:[-0.9721518791698845f,0.23422443503670537f,0.007722555159962355f,-0.5099997408628606f,0.22951850949196034f,0.9449274793082311f,0.23330947826606052f,-0.34949695436644135f,0.04734952615445451f,0.22858471707427985f,-0.9723718679049802f,-0.18562989489814163f,0f,0f,0f,1f],start_interpolation:0}
execute if entity @s[tag=aj.animal_alpha.bone.left_upper_arm2] run data modify entity @s {} merge value {transformation:[-0.9721518791698845f,0.21096102049974808f,0.10205964754087357f,-0.29618530949798527f,0.22951850949196034f,0.769082946258096f,0.5965171209408455f,-0.041712979065019334f,0.04734952615445451f,0.6033298182625082f,-0.7960848904283246f,0.07240820982239893f,0f,0f,0f,1f],start_interpolation:0}
execute if entity @s[tag=aj.animal_alpha.bone.upperbody] run data modify entity @s {} merge value {transformation:[-0.9659832877368472f,-0.07868444847955405f,0.2463433485616774f,-0.21614024189454384f,-0.02381680182958395f,0.9756076008284883f,0.21822595894231117f,-0.2841263291577924f,-0.2575054324936117f,0.20493551857389028f,-0.9442946497058685f,0.037268419709777095f,0f,0f,0f,1f],start_interpolation:0}
execute if entity @s[tag=aj.animal_alpha.bone.downbody] run data modify entity @s {} merge value {transformation:[-0.9659832877368472f,-0.0998552679124431f,0.23854813619738446f,0f,-0.02381680182958395f,0.952875473824911f,0.302425348364785f,-0.775f,-0.2575054324936117f,0.2864563786217466f,-0.9228400161367043f,0f,0f,0f,0f,1f],start_interpolation:0}