execute if entity @s[tag=aj.animal_alpha.bone.bone4] run data modify entity @s {} merge value {transformation:[-0.9994527087865868f,-0.02672074558983432f,0.019500888550977126f,0.161193147495957f,-0.029519387878824056f,0.9864780009984474f,-0.16121339673044144f,-1.3813876391575444f,-0.014929455395754259f,-0.1617008203480445f,-0.9867268903097531f,0.36453616416315204f,0f,0f,0f,1f],start_interpolation:0}
execute if entity @s[tag=aj.animal_alpha.bone.bone] run data modify entity @s {} merge value {transformation:[-0.9975683908851645f,-0.0579090359935312f,0.03877949273886535f,0.125f,-0.06965701902268122f,0.8102202226520709f,-0.5819717265525038f,-0.875f,0.002281492418928599f,-0.5832578626610433f,-0.8122838545954326f,1.5308084989341915e-17f,0f,0f,0f,1f],start_interpolation:0}
execute if entity @s[tag=aj.animal_alpha.bone.bone5] run data modify entity @s {} merge value {transformation:[-0.9993406933895508f,0.018899834173564636f,0.030999593608686458f,-0.16624018108036612f,0.03037468159739878f,0.9029407591783274f,0.428690289290908f,-1.468128520242164f,-0.019888621207831362f,0.4293492537348558f,-0.9029195208122227f,-0.19267279501735493f,0f,0f,0f,1f],start_interpolation:0}
execute if entity @s[tag=aj.animal_alpha.bone.bone2] run data modify entity @s {} merge value {transformation:[-0.9975651406853099f,0.06598428972858579f,0.02258015939961531f,-0.125f,0.06973153085670997f,0.9490056323874622f,0.307450521712442f,-0.875f,-0.0011417941485629922f,0.30827647202776787f,-0.9512961227190171f,-1.5308084989341915e-17f,0f,0f,0f,1f],start_interpolation:0}
execute if entity @s[tag=aj.animal_alpha.bone.head] run data modify entity @s {} merge value {transformation:[-0.9751913120306024f,0.025954641688873497f,-0.21983689752822308f,0.08077062264189125f,-0.027192682469874434f,0.9715353748954616f,0.23532864965156192f,-0.018116761726073294f,0.2196871934367701f,0.23546840956174386f,-0.9467270805983835f,0.1816249502458792f,0f,0f,0f,1f],start_interpolation:0}
execute if entity @s[tag=aj.animal_alpha.bone.bone6] run data modify entity @s {} merge value {transformation:[-0.9427522318971213f,-0.1897946064617842f,-0.27421932209640665f,0.5623448366517289f,-0.2743513869610224f,0.9088661525321214f,0.3141554284968223f,-0.9569811939045292f,0.18960365430434015f,0.3714031827266363f,-0.9089060073159191f,-0.4584219422805148f,0f,0f,0f,1f],start_interpolation:0}
execute if entity @s[tag=aj.animal_alpha.bone.left_down_arm] run data modify entity @s {} merge value {transformation:[-0.9427522318971213f,-0.1897946064617842f,-0.27421932209640665f,0.45558537051697523f,-0.2743513869610224f,0.9088661525321214f,0.3141554284968223f,-0.44574398310521096f,0.18960365430434015f,0.3714031827266363f,-0.9089060073159191f,-0.24950765199678185f,0f,0f,0f,1f],start_interpolation:0}
execute if entity @s[tag=aj.animal_alpha.bone.left_upper_arm] run data modify entity @s {} merge value {transformation:[-0.9427522318971213f,-0.10610502804588648f,-0.3161644386650371f,0.2913203917597597f,-0.2743513869610224f,0.7857480654966735f,0.5543746874098767f,-0.13627312782054413f,0.18960365430434015f,0.6093781261184363f,-0.7698758040637618f,0.040795734968076564f,0f,0f,0f,1f],start_interpolation:0}
execute if entity @s[tag=aj.animal_alpha.bone.bone7] run data modify entity @s {} merge value {transformation:[-0.6801467851488525f,-0.5519678280951952f,-0.48242291342716465f,-0.011932196758458025f,0.11153359544111456f,0.5725036244053082f,-0.8122806517028236f,-0.8557276548796318f,0.7245416535573773f,-0.6062764359519996f,-0.3278235431900564f,0.7003404640660749f,0f,0f,0f,1f],start_interpolation:0}
execute if entity @s[tag=aj.animal_alpha.bone.left_down_arm2] run data modify entity @s {} merge value {transformation:[-0.6314798756118646f,-0.5078214965274157f,-0.5859611713773191f,-0.33420436176621177f,0.1772858956670132f,0.6411199987895876f,-0.7466825686659522f,-0.5417653161021108f,0.7548528849350509f,-0.5753976666764433f,-0.3148247882371016f,0.35700272729575666f,0f,0f,0f,1f],start_interpolation:0}
execute if entity @s[tag=aj.animal_alpha.bone.left_upper_arm2] run data modify entity @s {} merge value {transformation:[-0.6314798756118646f,0.1797540066076054f,-0.7542689598583101f,-0.1766269994239013f,0.1772858956670132f,0.9804615563657131f,0.08523407585272867f,-0.13497412215048793f,0.7548528849350509f,-0.07989764450493368f,-0.6510095917171992f,0.2276908972079668f,0f,0f,0f,1f],start_interpolation:0}
execute if entity @s[tag=aj.animal_alpha.bone.upperbody] run data modify entity @s {} merge value {transformation:[-0.8762735249839267f,0.06814889702490594f,-0.4769700590671623f,-0.13889712836863238f,-0.019443717938030278f,0.984138364631827f,0.17633383422514104f,-0.3797934809373178f,0.481421490219319f,0.16379074178378322f,-0.861049325916308f,0.15665436862331356f,0f,0f,0f,1f],start_interpolation:0}
execute if entity @s[tag=aj.animal_alpha.bone.downbody] run data modify entity @s {} merge value {transformation:[-0.8762735249839267f,0.10946024966340455f,-0.4692154762535744f,0f,-0.019443717938030278f,0.9650249147414725f,0.2614361408852268f,-0.875f,0.481421490219319f,0.2382128621041252f,-0.8434974695179419f,0f,0f,0f,0f,1f],start_interpolation:0}