execute if entity @s[tag=aj.animal_alpha.bone.bone4] run data modify entity @s {} merge value {transformation:[-0.9994046762252545f,-0.026144207952679268f,0.02251163098536469f,0.16015615406626518f,-0.02913963392683542f,0.9889913677722123f,-0.14507569130167408f,-1.3472223020556235f,-0.018470919676729446f,-0.14564530497951422f,-0.9891644303470075f,0.3835443262392646f,0f,0f,0f,1f],start_interpolation:0}
execute if entity @s[tag=aj.animal_alpha.bone.bone] run data modify entity @s {} merge value {transformation:[-0.997568541947232f,-0.056249846506024305f,0.04114558160145809f,0.125f,-0.06966243507711062f,0.7875556832889978f,-0.6122933862604814f,-0.855f,0.0020369723613463944f,-0.6136709219828234f,-0.7895592759611849f,1.5308084989341915e-17f,0f,0f,0f,1f],start_interpolation:0}
execute if entity @s[tag=aj.animal_alpha.bone.bone5] run data modify entity @s {} merge value {transformation:[-0.9992182378460169f,0.024316629652567028f,0.031170734323091732f,-0.16630769037859355f,0.03584861200013974f,0.889722996308925f,0.45509105336924827f,-1.4484510801642747f,-0.016667038536114f,0.4558527079676158f,-0.8898991619644482f,-0.19166243807131805f,0f,0f,0f,1f],start_interpolation:0}
execute if entity @s[tag=aj.animal_alpha.bone.bone2] run data modify entity @s {} merge value {transformation:[-0.9975657605601636f,0.06609230460574969f,0.022234222044482138f,-0.125f,0.06972623794543235f,0.9495217282628395f,0.3058541144054257f,-0.855f,-0.0008972736480511956f,0.30665990091410883f,-0.951818732780223f,-1.5308084989341915e-17f,0f,0f,0f,1f],start_interpolation:0}
execute if entity @s[tag=aj.animal_alpha.bone.head] run data modify entity @s {} merge value {transformation:[-0.9696263249844623f,0.0430332705464708f,-0.2407756788448539f,0.10037825187861023f,-0.021768691574656385f,0.9653113689917474f,0.26019239989362913f,-0.003001570169770207f,0.24362043010440132f,0.2575307719891993f,-0.9350545371872132f,0.1943792226170414f,0f,0f,0f,1f],start_interpolation:0}
execute if entity @s[tag=aj.animal_alpha.bone.bone6] run data modify entity @s {} merge value {transformation:[-0.9249127639553191f,-0.18687646333315677f,-0.33107939610405157f,0.5473293111801213f,-0.29399900970083703f,0.9037166660764971f,0.31122462908726933f,-0.9134866587609658f,0.24104141006777102f,0.3851926464870176f,-0.8908005746096419f,-0.5027776331806982f,0f,0f,0f,1f],start_interpolation:0}
execute if entity @s[tag=aj.animal_alpha.bone.left_down_arm] run data modify entity @s {} merge value {transformation:[-0.9249127639553191f,-0.18687646333315677f,-0.33107939610405157f,0.4422113005552206f,-0.29399900970083703f,0.9037166660764971f,0.31122462908726933f,-0.40514603409293615f,0.24104141006777102f,0.3851926464870176f,-0.8908005746096419f,-0.28610676953175085f,0f,0f,0f,1f],start_interpolation:0}
execute if entity @s[tag=aj.animal_alpha.bone.left_upper_arm] run data modify entity @s {} merge value {transformation:[-0.9249127639553191f,-0.05769054264998924f,-0.3757767693209387f,0.30135759265143547f,-0.29399900970083703f,0.7352140246630583f,0.6107576608063753f,-0.12023977451545276f,0.24104141006777102f,0.6753755542122456f,-0.696969798058024f,0.03950021169457796f,0f,0f,0f,1f],start_interpolation:0}
execute if entity @s[tag=aj.animal_alpha.bone.bone7] run data modify entity @s {} merge value {transformation:[-0.6268909027051077f,-0.6380550934391725f,-0.4470945021378635f,0.06736574513123128f,0.11153797863813426f,0.4944454351705106f,-0.8620226162696449f,-0.7934364999481655f,0.7710817566425069f,-0.5902621530941766f,-0.23879596981049006f,0.7281176343995359f,0f,0f,0f,1f],start_interpolation:0}
execute if entity @s[tag=aj.animal_alpha.bone.left_down_arm2] run data modify entity @s {} merge value {transformation:[-0.5808400755005315f,-0.596660247762317f,-0.5537340114466036f,-0.30286401995048473f,0.18220200258008312f,0.567694142398789f,-0.8028236362626047f,-0.5242850221152594f,0.7933645044671107f,-0.5672035872826563f,-0.22102681652989942f,0.395251440519923f,0f,0f,0f,1f],start_interpolation:0}
execute if entity @s[tag=aj.animal_alpha.bone.left_upper_arm2] run data modify entity @s {} merge value {transformation:[-0.5808400755005315f,0.1713103731779032f,-0.7957873853826689f,-0.15531072224758563f,0.18220200258008312f,0.9801614328842543f,0.07801279216957341f,-0.11823964555090857f,0.7933645044671107f,-0.09968109915090835f,-0.6005301337349547f,0.2524703965830118f,0f,0f,0f,1f],start_interpolation:0}
execute if entity @s[tag=aj.animal_alpha.bone.upperbody] run data modify entity @s {} merge value {transformation:[-0.8480134834752598f,0.08819224076791746f,-0.5225851705822592f,-0.12435793972236127f,-0.02090819721329122f,0.9797220291920429f,0.19926764113903705f,-0.3618633905230886f,0.5295620635331098f,0.1799079603134881f,-0.8289735500499368f,0.1743957775338204f,0f,0f,0f,1f],start_interpolation:0}
execute if entity @s[tag=aj.animal_alpha.bone.downbody] run data modify entity @s {} merge value {transformation:[-0.8480134834752598f,0.13340294135683853f,-0.5129101159867089f,0f,-0.02090819721329122f,0.9586265718157528f,0.2838977687444327f,-0.855f,0.5295620635331098f,0.25147316168156225f,-0.810139043510701f,0f,0f,0f,0f,1f],start_interpolation:0}