execute if entity @s[tag=aj.animal_alpha.bone.bone4] run data modify entity @s {} merge value {transformation:[-0.9996402658335036f,-0.026679428493771154f,0.0027471839341208573f,0.1661364794170281f,-0.02621270819405964f,0.9935307698346115f,0.11049662131023391f,-1.4292520598336176f,-0.00567739847599406f,0.11038486076944581f,-0.9938727029451281f,0.14153336744053271f,0f,0f,0f,1f],start_interpolation:0}
execute if entity @s[tag=aj.animal_alpha.bone.bone] run data modify entity @s {} merge value {transformation:[-0.9975683921482752f,-0.06581836706724498f,0.02291823604264366f,0.125f,-0.06967779392831112f,0.9490338273241433f,-0.30737566531489097f,-0.8361059177560279f,-0.0015192168998341108f,-0.30822514036186177f,-0.951312227835279f,-0.05110734528563091f,0f,0f,0f,1f],start_interpolation:0}
execute if entity @s[tag=aj.animal_alpha.bone.bone5] run data modify entity @s {} merge value {transformation:[-0.9993991715758068f,0.020239208765453317f,0.028136635942124278f,-0.1668373625356947f,0.030509546400958536f,0.8989016181058997f,0.4370870034043598f,-1.427415303052849f,-0.016445772465864893f,0.43768282510871215f,-0.8989790215421367f,-0.24916755319209732f,0f,0f,0f,1f],start_interpolation:0}
execute if entity @s[tag=aj.animal_alpha.bone.bone2] run data modify entity @s {} merge value {transformation:[-0.9975651406853099f,0.06693978005711153f,0.01956670476609489f,-0.125f,0.06969008294074557f,0.9460950164749133f,0.3163028803868933f,-0.8361059177560279f,0.002661283376491179f,0.3168963326503462f,-0.9484564470356829f,-0.05110734528563094f,0f,0f,0f,1f],start_interpolation:0}
execute if entity @s[tag=aj.animal_alpha.bone.head] run data modify entity @s {} merge value {transformation:[-0.978566964942808f,0.016022744977387395f,-0.205304570738234f,0.06869503771682875f,-0.04092791984617715f,0.9619469889780579f,0.2701534670758702f,0.013136995143077201f,0.2018207137527906f,0.2727659473604394f,-0.9406737678179806f,0.16758848629859108f,0f,0f,0f,1f],start_interpolation:0}
execute if entity @s[tag=aj.animal_alpha.bone.bone6] run data modify entity @s {} merge value {transformation:[-0.9256400941448238f,-0.22699537163203615f,-0.3027598344714754f,0.5833711220744563f,-0.34595162582067546f,0.8318292113366051f,0.43402492527405945f,-0.8129414312095593f,0.15332282512265663f,0.5064911296604862f,-0.848503887363901f,-0.5968328724476717f,0f,0f,0f,1f],start_interpolation:0}
execute if entity @s[tag=aj.animal_alpha.bone.left_down_arm] run data modify entity @s {} merge value {transformation:[-0.9256400941448238f,-0.22699537163203615f,-0.3027598344714754f,0.45568622553143595f,-0.34595162582067546f,0.8318292113366051f,0.43402492527405945f,-0.3450374998327189f,0.15332282512265663f,0.5064911296604862f,-0.848503887363901f,-0.31193161201364816f,0f,0f,0f,1f],start_interpolation:0}
execute if entity @s[tag=aj.animal_alpha.bone.left_upper_arm] run data modify entity @s {} merge value {transformation:[-0.9256400941448238f,-0.1254476955843397f,-0.3570060108515545f,0.28509784694518436f,-0.34595162582067546f,0.662815806819931f,0.6640727963270858f,-0.09829953757658352f,0.15332282512265663f,0.7381992155930692f,-0.6569277200683378f,0.030195897948651657f,0f,0f,0f,1f],start_interpolation:0}
execute if entity @s[tag=aj.animal_alpha.bone.bone7] run data modify entity @s {} merge value {transformation:[-0.6872904955501773f,-0.6283268433198033f,-0.3644683150702719f,0.028661791426640604f,0.10401622400613254f,0.41145430873010413f,-0.9054755529394145f,-0.7359314135637578f,0.7188966545129403f,-0.6602353593917881f,-0.2174324500595501f,0.7115285604446018f,0f,0f,0f,1f],start_interpolation:0}
execute if entity @s[tag=aj.animal_alpha.bone.left_down_arm2] run data modify entity @s {} merge value {transformation:[-0.6482576700549033f,-0.5941703632759738f,-0.47615498802331707f,-0.33531872466755197f,0.17911204297416583f,0.4888059952202151f,-0.8538076921054271f,-0.5143410220089759f,0.7400546393859095f,-0.6387724778364142f,-0.21044916792926288f,0.3390659686660399f,0f,0f,0f,1f],start_interpolation:0}
execute if entity @s[tag=aj.animal_alpha.bone.left_upper_arm2] run data modify entity @s {} merge value {transformation:[-0.6482576700549033f,0.1479972913804914f,-0.7468994543839391f,-0.18953770093172406f,0.17911204297416583f,0.9830421627823144f,0.039331695283707085f,-0.10664908116348407f,0.7400546393859095f,-0.10828161402707172f,-0.6637727192247989f,0.19918593260595735f,0f,0f,0f,1f],start_interpolation:0}
execute if entity @s[tag=aj.animal_alpha.bone.upperbody] run data modify entity @s {} merge value {transformation:[-0.8936015213432997f,0.05598056885975456f,-0.4453565952841367f,-0.14768274806270645f,-0.04278068908745259f,0.9770536399321906f,0.20865281530921137f,-0.34823869807856594f,0.4468177857853722f,0.20550513522877095f,-0.8707017317660863f,0.11988353718717884f,0f,0f,0f,1f],start_interpolation:0}
execute if entity @s[tag=aj.animal_alpha.bone.downbody] run data modify entity @s {} merge value {transformation:[-0.8936015213432997f,0.0945829307438045f,-0.4387828509238399f,6.258844681696648e-18f,-0.04278068908745259f,0.9551503647570254f,0.2930146640455456f,-0.8361059177560279f,0.4468177857853722f,0.2806097822892743f,-0.849477496105355f,-0.05110734528563093f,0f,0f,0f,1f],start_interpolation:0}