execute if entity @s[tag=aj.animal_alpha.bone.bone4] run data modify entity @s {} merge value {transformation:[-0.9993011850189917f,-0.02686486888474646f,0.025988852214831378f,0.15805978432553314f,-0.031841616439493785f,0.9759947950509658f,-0.21545364117587634f,-1.2846244451559525f,-0.019576850670093054f,-0.21613060600763728f,-0.9761681761175235f,0.4222291085127033f,0f,0f,0f,1f],start_interpolation:0}
execute if entity @s[tag=aj.animal_alpha.bone.bone] run data modify entity @s {} merge value {transformation:[-0.9975683886747196f,-0.05289565492085303f,0.04538016755607493f,0.125f,-0.06965705067877745f,0.7353991122495238f,-0.6740445393246254f,-0.8250000000000002f,0.002281492418928599f,-0.6755665736203252f,-0.7372954627550857f,1.5308084989341915e-17f,0f,0f,0f,1f],start_interpolation:0}
execute if entity @s[tag=aj.animal_alpha.bone.bone5] run data modify entity @s {} merge value {transformation:[-0.9992249622151935f,0.016249147922890686f,0.03585303442981088f,-0.16499204855968658f,0.0319801660972155f,0.8661690235113606f,0.4987268708278815f,-1.401034597793392f,-0.02295090112478584f,0.49948692465484607f,-0.8660173602396226f,-0.23918565633625488f,0f,0f,0f,1f],start_interpolation:0}
execute if entity @s[tag=aj.animal_alpha.bone.bone2] run data modify entity @s {} merge value {transformation:[-0.9975651406853099f,0.0639872776954985f,0.027738391853478893f,-0.125f,0.06973153085670995f,0.9216553564694269f,0.3816921763615196f,-0.8250000000000002f,-0.001141794148562994f,0.38269705013800775f,-0.9238731861688537f,-1.5308084989341915e-17f,0f,0f,0f,1f],start_interpolation:0}
execute if entity @s[tag=aj.animal_alpha.bone.head] run data modify entity @s {} merge value {transformation:[-0.978169037447309f,0.032682150896290604f,-0.20522478211024406f,0.08451688090066892f,-0.02219505755618461f,0.9654768323324023f,0.25954164530854734f,0.026607359783653195f,0.2066221517637515f,0.258430577219845f,-0.9436741615400597f,0.2034261577912858f,0f,0f,0f,1f],start_interpolation:0}
execute if entity @s[tag=aj.animal_alpha.bone.bone6] run data modify entity @s {} merge value {transformation:[-0.928330310328596f,-0.2071424844776901f,-0.30869860066029253f,0.5755758626015874f,-0.32934409955341615f,0.8434235441202653f,0.42446341339738614f,-0.8196776154970546f,0.17243926181285502f,0.495710314950194f,-0.8511967954811721f,-0.5543995933596095f,0f,0f,0f,1f],start_interpolation:0}
execute if entity @s[tag=aj.animal_alpha.bone.left_down_arm] run data modify entity @s {} merge value {transformation:[-0.928330310328596f,-0.2071424844776901f,-0.30869860066029253f,0.45905821508288674f,-0.32934409955341615f,0.8434235441202653f,0.42446341339738614f,-0.34525187192940543f,0.17243926181285502f,0.495710314950194f,-0.8511967954811721f,-0.27556254120012535f,0f,0f,0f,1f],start_interpolation:0}
execute if entity @s[tag=aj.animal_alpha.bone.left_upper_arm] run data modify entity @s {} merge value {transformation:[-0.928330310328596f,-0.10472783914907094f,-0.3567000345281441f,0.2971984966640937f,-0.32934409955341615f,0.6767487206016682f,0.6584403034849511f,-0.09034231911035259f,0.17243926181285502f,0.7287271429493833f,-0.6627378456933526f,0.06481049156683674f,0f,0f,0f,1f],start_interpolation:0}
execute if entity @s[tag=aj.animal_alpha.bone.bone7] run data modify entity @s {} merge value {transformation:[-0.675039229254755f,-0.6317659550253417f,-0.3810430645452878f,0.04134180930347736f,0.1262594229969717f,0.409930051388506f,-0.9033359901349487f,-0.7126760082140273f,0.7268979275466524f,-0.6578975080052626f,-0.1969524609870289f,0.7603578959672237f,0f,0f,0f,1f],start_interpolation:0}
execute if entity @s[tag=aj.animal_alpha.bone.left_down_arm2] run data modify entity @s {} merge value {transformation:[-0.6345878120884577f,-0.5961518035218252f,-0.49183466318109337f,-0.3247332466263676f,0.20109641273344303f,0.48710106295260924f,-0.8498781014099485f,-0.4917990416413064f,0.7462295501616946f,-0.6382284713393106f,-0.18922440867224705f,0.3895278552968461f,0f,0f,0f,1f],start_interpolation:0}
execute if entity @s[tag=aj.animal_alpha.bone.left_upper_arm2] run data modify entity @s {} merge value {transformation:[-0.6345878120884577f,0.1609904058204245f,-0.7558970816073836f,-0.17497646756887464f,0.20109641273344303f,0.9787693231552419f,0.039633884946724124f,-0.08872451435256848f,0.7462295501616946f,-0.12685701117401607f,-0.653489676415374f,0.24074921913800224f,0f,0f,0f,1f],start_interpolation:0}
execute if entity @s[tag=aj.animal_alpha.bone.upperbody] run data modify entity @s {} merge value {transformation:[-0.887482326433855f,0.07351172676031184f,-0.45494081625665295f,-0.13788675385683666f,-0.02188132130676302f,0.9793600737655729f,0.20093544657865045f,-0.332196950212289f,0.4603219830134366f,0.1882813637687192f,-0.867556222968845f,0.16490875425748264f,0f,0f,0f,1f],start_interpolation:0}
execute if entity @s[tag=aj.animal_alpha.bone.downbody] run data modify entity @s {} merge value {transformation:[-0.887482326433855f,0.11288269719326621f,-0.4468026599539508f,0f,-0.02188132130676302f,0.9581206349171099f,0.28552768118678856f,-0.8250000000000002f,0.4603219830134366f,0.26317740332408396f,-0.8478451075132589f,0f,0f,0f,0f,1f],start_interpolation:0}