execute if entity @s[tag=aj.animal_alpha.bone.bone4] run data modify entity @s {} merge value {transformation:[-0.9994125530755799f,-0.0260744099861817f,0.02224126567495492f,0.16030882908740102f,-0.028930436065129156f,0.989781514677333f,-0.13962658440328046f,-1.2695985649585793f,-0.01837331282139653f,-0.14018801071032233f,-0.9899544146217287f,0.3804609653162736f,0f,0f,0f,1f],start_interpolation:0}
execute if entity @s[tag=aj.animal_alpha.bone.bone] run data modify entity @s {} merge value {transformation:[-0.9975685512657207f,-0.0564941265398416f,0.04080930276433835f,0.125f,-0.06966284908922718f,0.791357703933727f,-0.6073714447366715f,-0.775f,0.0020181631209168277f,-0.6087375445060378f,-0.7933691000577078f,1.5308084989341915e-17f,0f,0f,0f,1f],start_interpolation:0}
execute if entity @s[tag=aj.animal_alpha.bone.bone5] run data modify entity @s {} merge value {transformation:[-0.9992138690456654f,0.02493195962478433f,0.030822739918114978f,-0.16639678997488905f,0.03617606199337589f,0.8914433539873516f,0.45168577481522776f,-1.3696308526545695f,-0.016215315150901556f,0.4524457359960965f,-0.891644502889749f,-0.18795067132382048f,0f,0f,0f,1f],start_interpolation:0}
execute if entity @s[tag=aj.animal_alpha.bone.bone2] run data modify entity @s {} merge value {transformation:[-0.997565805771187f,0.06623486395982246f,0.021803805913329144f,-0.125f,0.06972583062554191f,0.9514093642473109f,0.29993087564654936f,-0.775f,-0.0008784643763726116f,0.3007210741181127f,-0.95371172996959f,-1.5308084989341915e-17f,0f,0f,0f,1f],start_interpolation:0}
execute if entity @s[tag=aj.animal_alpha.bone.head] run data modify entity @s {} merge value {transformation:[-0.9910172601999625f,0.012779206773839636f,-0.1331220562491109f,0.05088942095818891f,-0.02238457163516952f,0.9655300100455925f,0.2593274583496088f,0.07577825791444953f,0.1318473395198779f,0.25997786747257834f,-0.9565708481267556f,0.2175937103024407f,0f,0f,0f,1f],start_interpolation:0}
execute if entity @s[tag=aj.animal_alpha.bone.bone6] run data modify entity @s {} merge value {transformation:[-0.9539014407607834f,-0.2769564319099861f,-0.11561650460981153f,0.6529935746315036f,-0.299764503577832f,0.8979813910037929f,0.3221345430183316f,-0.8247878803219076f,0.014604236003203958f,0.34194232881376735f,-0.9396074499790752f,-0.36688941776793965f,0f,0f,0f,1f],start_interpolation:0}
execute if entity @s[tag=aj.animal_alpha.bone.left_down_arm] run data modify entity @s {} merge value {transformation:[-0.9539014407607834f,-0.2769564319099861f,-0.11561650460981153f,0.49720558168213647f,-0.299764503577832f,0.8979813910037929f,0.3221345430183316f,-0.3196733478822741f,0.014604236003203958f,0.34194232881376735f,-0.9396074499790752f,-0.17454685781019552f,0f,0f,0f,1f],start_interpolation:0}
execute if entity @s[tag=aj.animal_alpha.bone.left_upper_arm] run data modify entity @s {} merge value {transformation:[-0.9539014407607834f,-0.21726688754586485f,-0.20704381393954724f,0.28291363828572264f,-0.299764503577832f,0.7233128945837881f,0.6220608482484313f,-0.0406945194490958f,0.014604236003203958f,0.6554491254895032f,-0.7550981129534151f,0.11403766409186263f,0f,0f,0f,1f],start_interpolation:0}
execute if entity @s[tag=aj.animal_alpha.bone.bone7] run data modify entity @s {} merge value {transformation:[-0.7908742233757028f,-0.4806563716525888f,-0.3787973273264313f,-0.10614125758366255f,0.11035107424348875f,0.4968181644269596f,-0.8608102879895979f,-0.7164911796092228f,0.601947342558456f,-0.7225933599786226f,-0.33987973299627305f,0.7270642654563524f,0f,0f,0f,1f],start_interpolation:0}
execute if entity @s[tag=aj.animal_alpha.bone.left_down_arm2] run data modify entity @s {} merge value {transformation:[-0.7513248502294316f,-0.4458129666303616f,-0.4865817179179241f,-0.3873224086831112f,0.18089633187226378f,0.5699521813323691f,-0.8015179524562341f,-0.4459879496382798f,0.6346554077157792f,-0.690221203512838f,-0.34757330691295574f,0.31709150679832127f,0f,0f,0f,1f],start_interpolation:0}
execute if entity @s[tag=aj.animal_alpha.bone.left_upper_arm2] run data modify entity @s {} merge value {transformation:[-0.7513248502294316f,0.18789599231587645f,-0.63261842013915f,-0.21120230576623625f,0.18089633187226378f,0.9805309956185454f,0.07639033804391752f,-0.0396176805391992f,0.6346554077157792f,-0.05704439238817702f,-0.7706869992118602f,0.2128026591640214f,0f,0f,0f,1f],start_interpolation:0}
execute if entity @s[tag=aj.animal_alpha.bone.upperbody] run data modify entity @s {} merge value {transformation:[-0.9492907614895564f,0.042387784358842856f,-0.31152901291489093f,-0.1624685792628497f,-0.023405239233508134f,0.978592697375379f,0.20447133642641002f,-0.2828030274309497f,0.3135271039750795f,0.20139416173446562f,-0.9279769106460956f,0.14285867473196254f,0f,0f,0f,1f],start_interpolation:0}
execute if entity @s[tag=aj.animal_alpha.bone.downbody] run data modify entity @s {} merge value {transformation:[-0.9492907614895564f,0.06937802855017759f,-0.3066492121383468f,0f,-0.023405239233508134f,0.9570480055198025f,0.28898323464690867f,-0.775f,0.3135271039750795f,0.28150631304654383f,-0.9068930205861885f,0f,0f,0f,0f,1f],start_interpolation:0}