execute if entity @s[tag=aj.animal_alpha.bone.bone4] run data modify entity @s {} merge value {transformation:[-0.999520663681088f,-0.02488089112846581f,0.01842238125679531f,0.1623122461978037f,-0.025995607601821572f,0.9976767989625004f,-0.06297009764444578f,-1.310806978190328f,-0.016812830217706014f,-0.06341881478388234f,-0.997845370120781f,0.335797287020057f,0f,0f,0f,1f],start_interpolation:0}
execute if entity @s[tag=aj.animal_alpha.bone.bone] run data modify entity @s {} merge value {transformation:[-0.9975686446490111f,-0.05969959391648596f,0.035954939846169175f,0.125f,-0.06966864267287054f,0.8412911651045247f,-0.5360741140413249f,-0.785f,0.001754833682960303f,-0.5372756592320912f,-0.8434048770047913f,1.5308084989341915e-17f,0f,0f,0f,1f],start_interpolation:0}
execute if entity @s[tag=aj.animal_alpha.bone.bone5] run data modify entity @s {} merge value {transformation:[-0.9990982907945402f,0.033457296500444204f,0.026138374898028408f,-0.16745900417600873f,0.04116377464202517f,0.9141280046006193f,0.4033305528497818f,-1.3937036464386152f,-0.010399470594654401f,0.40404282015124515f,-0.914680955577178f,-0.13528526814370836f,0f,0f,0f,1f],start_interpolation:0}
execute if entity @s[tag=aj.animal_alpha.bone.bone2] run data modify entity @s {} merge value {transformation:[-0.9975664016506187f,0.06793440668161395f,0.015690464832297097f,-0.125f,0.06972012555446343f,0.9739258343017843f,0.2158878722213069f,-0.785f,-0.0006151345432671888f,0.21645642902993334f,-0.9762920853623177f,-1.5308084989341915e-17f,0f,0f,0f,1f],start_interpolation:0}
execute if entity @s[tag=aj.animal_alpha.bone.head] run data modify entity @s {} merge value {transformation:[-0.9953082224540936f,0.0031261636669627276f,-0.09670454702856587f,0.03333696473420117f,-0.022208200933264824f,0.9654120510459767f,0.25978138406457907f,0.06534549331405093f,0.09417185421653587f,0.2607101816115512f,-0.9608131259914654f,0.22262432223677142f,0f,0f,0f,1f],start_interpolation:0}
execute if entity @s[tag=aj.animal_alpha.bone.bone6] run data modify entity @s {} merge value {transformation:[-0.9604439108781935f,-0.2782073931330027f,0.012171296690968683f,0.662451754225718f,-0.2695663700989695f,0.9398009943358592f,0.21001919711539624f,-0.8822639874399418f,-0.06986749006988982f,0.19843068676862735f,-0.9776214995487083f,-0.22113263950353196f,0f,0f,0f,1f],start_interpolation:0}
execute if entity @s[tag=aj.animal_alpha.bone.left_down_arm] run data modify entity @s {} merge value {transformation:[-0.9604439108781935f,-0.2782073931330027f,0.012171296690968683f,0.5059600955884039f,-0.2695663700989695f,0.9398009943358592f,0.21001919711539624f,-0.35362592812602095f,-0.06986749006988982f,0.19843068676862735f,-0.9776214995487083f,-0.10951537819617907f,0f,0f,0f,1f],start_interpolation:0}
execute if entity @s[tag=aj.animal_alpha.bone.left_upper_arm] run data modify entity @s {} merge value {transformation:[-0.9604439108781935f,-0.2583450975907353f,-0.10394856712737385f,0.272878626532683f,-0.2695663700989695f,0.7688680838808915f,0.5798067278852426f,-0.05094193769050209f,-0.06986749006988982f,0.5848928792011062f,-0.808095819622385f,0.13764182019556864f,0f,0f,0f,1f],start_interpolation:0}
execute if entity @s[tag=aj.animal_alpha.bone.bone7] run data modify entity @s {} merge value {transformation:[-0.8438851676428396f,-0.3839795648117298f,-0.37472325473529267f,-0.1877201649632726f,0.09656368324275708f,0.5783233795355831f,-0.81007254228318f,-0.7758686019445487f,0.5277625213209146f,-0.7197928608214564f,-0.45096004102298765f,0.678444855727824f,0f,0f,0f,1f],start_interpolation:0}
execute if entity @s[tag=aj.animal_alpha.bone.left_down_arm2] run data modify entity @s {} merge value {transformation:[-0.8052221684535161f,-0.34985912304974665f,-0.4787649250413814f,-0.4144387294938414f,0.16213702383703157f,0.6467251585780225f,-0.7452906511982434f,-0.4586663659443012f,0.5703760557143744f,-0.6777500743497517f,-0.46403231761011965f,0.2682084190554562f,0f,0f,0f,1f],start_interpolation:0}
execute if entity @s[tag=aj.animal_alpha.bone.left_upper_arm2] run data modify entity @s {} merge value {transformation:[-0.8052221684535161f,0.197151313916138f,-0.5592393216255074f,-0.2275322585988415f,0.16213702383703157f,0.9803730062121386f,0.11216217808086663f,-0.05002030370611946f,0.5703760557143744f,-0.0003579269682553454f,-0.8213836052393536f,0.1967548190425477f,0f,0f,0f,1f],start_interpolation:0}
execute if entity @s[tag=aj.animal_alpha.bone.upperbody] run data modify entity @s {} merge value {transformation:[-0.9712376892167486f,0.02614208404564195f,-0.23667264837040425f,-0.17336542403420518f,-0.023946351730051767f,0.9781921514965276f,0.20631695759053584f,-0.2930716945971231f,0.23690488235519983f,0.20605025161922258f,-0.9494310772899337f,0.13043570099054208f,0f,0f,0f,1f],start_interpolation:0}
execute if entity @s[tag=aj.animal_alpha.bone.downbody] run data modify entity @s {} merge value {transformation:[-0.9712376892167486f,0.046669985980115236f,-0.23349360473795908f,0f,-0.023946351730051767f,0.9564881273555581f,0.29078692279172097f,-0.785f,0.23690488235519983f,0.28801453893245305f,-0.9278597426765509f,0f,0f,0f,0f,1f],start_interpolation:0}