execute if entity @s[tag=aj.animal_alpha.bone.bone4] run data modify entity @s {} merge value {transformation:[-0.9996155584099791f,-0.02721494701616077f,0.0052992493443089934f,0.1652686309538254f,-0.026423371184877965f,0.9929838749771078f,0.11525983468092393f,-1.4318611669095396f,-0.008398859442314636f,0.11507549997438776f,-0.9933212413241311f,0.15800419165513427f,0f,0f,0f,1f],start_interpolation:0}
execute if entity @s[tag=aj.animal_alpha.bone.bone] run data modify entity @s {} merge value {transformation:[-0.9975683904114978f,-0.06442980952612067f,0.02657265692853007f,0.125f,-0.06965710151042168f,0.934189482197358f,-0.3499112738409539f,-0.8479927405361908f,-0.002279179892056637f,-0.3509114004934294f,-0.9364058918774271f,-0.06131543365325911f,0f,0f,0f,1f],start_interpolation:0}
execute if entity @s[tag=aj.animal_alpha.bone.bone5] run data modify entity @s {} merge value {transformation:[-0.9993173136969936f,0.018364349736367774f,0.0320570928841796f,-0.16599431996860559f,0.03197689003301439f,0.8645332630300436f,0.50155729046485f,-1.4232456899911088f,-0.01850364961949547f,0.5022399703064121f,-0.8645302928049272f,-0.3022065083607487f,0f,0f,0f,1f],start_interpolation:0}
execute if entity @s[tag=aj.animal_alpha.bone.bone2] run data modify entity @s {} merge value {transformation:[-0.9975651406853099f,0.06559091194976897f,0.023698572933736645f,-0.12499999999999999f,0.06965690720670872f,0.9204047191278686f,0.38471166902700704f,-0.8479927405361908f,0.003421310844391904f,0.3854257195319833f,-0.9227325231915037f,-0.06131543365325914f,0f,0f,0f,1f],start_interpolation:0}
execute if entity @s[tag=aj.animal_alpha.bone.head] run data modify entity @s {} merge value {transformation:[-0.9696263249844623f,0.0430332705464708f,-0.2407756788448539f,0.10037825187861024f,-0.03765562160822107f,0.946401244890939f,0.32079080072561184f,-0.010531514161293998f,0.2416750795146749f,0.32011376305144235f,-0.9160351164920592f,0.18837097153740412f,0f,0f,0f,1f],start_interpolation:0}
execute if entity @s[tag=aj.animal_alpha.bone.bone6] run data modify entity @s {} merge value {transformation:[-0.9116282960672655f,-0.16708359141866308f,-0.37552220079262355f,0.5296082278296191f,-0.3443466066957494f,0.809314887825013f,0.47585168571931036f,-0.8046705389780276f,0.22440869917767692f,0.5631096570148906f,-0.7953290199093421f,-0.658235128730397f,0f,0f,0f,1f],start_interpolation:0}
execute if entity @s[tag=aj.animal_alpha.bone.left_down_arm] run data modify entity @s {} merge value {transformation:[-0.9116282960672655f,-0.16708359141866308f,-0.37552220079262355f,0.4356237076566211f,-0.3443466066957494f,0.809314887825013f,0.47585168571931036f,-0.3494309145764578f,0.22440869917767692f,0.5631096570148906f,-0.7953290199093421f,-0.3414859466595211f,0f,0f,0f,1f],start_interpolation:0}
execute if entity @s[tag=aj.animal_alpha.bone.left_upper_arm] run data modify entity @s {} merge value {transformation:[-0.9116282960672655f,-0.04642874970691993f,-0.40838489321979876f,0.30135759265143547f,-0.3443466066957494f,0.6287659654119334f,0.6971934991067559f,-0.11738913054570557f,0.22440869917767692f,0.77620727382591f,-0.589188428088274f,0.02615582303652421f,0f,0f,0f,1f],start_interpolation:0}
execute if entity @s[tag=aj.animal_alpha.bone.bone7] run data modify entity @s {} merge value {transformation:[-0.6293760130311608f,-0.6267027374065417f,-0.4594883166612045f,0.05913050340336862f,0.058018654789602137f,0.5517397590248113f,-0.8319958377345693f,-0.8458116509153263f,0.7749320421284728f,-0.5502971172361258f,-0.3108913199885204f,0.6621812935568211f,0f,0f,0f,1f],start_interpolation:0}
execute if entity @s[tag=aj.animal_alpha.bone.left_down_arm2] run data modify entity @s {} merge value {transformation:[-0.5823258814767291f,-0.5842708987615018f,-0.5652646146918956f,-0.30485091556821964f,0.12584407347031157f,0.6221534378676508f,-0.7727149338027974f,-0.5441450254774476f,0.8031561721948909f,-0.5211071066584008f,-0.28876901920974984f,0.3510104823608613f,0f,0f,0f,1f],start_interpolation:0}
execute if entity @s[tag=aj.animal_alpha.bone.left_upper_arm2] run data modify entity @s {} merge value {transformation:[-0.5823258814767291f,0.1754273328823837f,-0.7938021281403344f,-0.15531072224758563f,0.12584407347031157f,0.9841219065737227f,0.12516925410858507f,-0.12932220053523286f,0.8031561721948909f,-0.027005997102015414f,-0.5951561468940539f,0.23880083710436817f,0f,0f,0f,1f],start_interpolation:0}
execute if entity @s[tag=aj.animal_alpha.bone.upperbody] run data modify entity @s {} merge value {transformation:[-0.8480134834752598f,0.08819224076791746f,-0.5225851705822592f,-0.12435793972236125f,-0.05549844723475236f,0.9658578255447969f,0.25305845804558247f,-0.36731800396926007f,0.5270607689808516f,0.24359965004533585f,-0.8141659267613102f,0.14495962653173097f,0f,0f,0f,1f],start_interpolation:0}
execute if entity @s[tag=aj.animal_alpha.bone.downbody] run data modify entity @s {} merge value {transformation:[-0.8480134834752598f,0.13340294135683853f,-0.5129101159867089f,7.508974956179569e-18f,-0.05549844723475236f,0.940126947048609f,0.3362755503862765f,-0.8479927405361908f,0.5270607689808516f,0.31363191589888567f,-0.7898366711737987f,-0.06131543365325912f,0f,0f,0f,1f],start_interpolation:0}