execute if entity @s[tag=aj.animal_alpha.bone.bone4] run data modify entity @s {} merge value {transformation:[-0.9993011850189917f,-0.02686486888474646f,0.025988852214831378f,0.15805978432553314f,-0.031841616439493785f,0.9759947950509658f,-0.21545364117587634f,-1.2596244451559522f,-0.019576850670093054f,-0.21613060600763728f,-0.9761681761175235f,0.4222291085127033f,0f,0f,0f,1f],start_interpolation:0}
execute if entity @s[tag=aj.animal_alpha.bone.bone] run data modify entity @s {} merge value {transformation:[-0.9975683886747196f,-0.05289565492085303f,0.04538016755607493f,0.125f,-0.06965705067877745f,0.7353991122495238f,-0.6740445393246254f,-0.7999999999999999f,0.002281492418928599f,-0.6755665736203252f,-0.7372954627550857f,1.5308084989341915e-17f,0f,0f,0f,1f],start_interpolation:0}
execute if entity @s[tag=aj.animal_alpha.bone.bone5] run data modify entity @s {} merge value {transformation:[-0.9992249622151935f,0.016249147922890686f,0.03585303442981088f,-0.16499204855968658f,0.0319801660972155f,0.8661690235113606f,0.4987268708278815f,-1.3760345977933919f,-0.02295090112478584f,0.49948692465484607f,-0.8660173602396226f,-0.23918565633625488f,0f,0f,0f,1f],start_interpolation:0}
execute if entity @s[tag=aj.animal_alpha.bone.bone2] run data modify entity @s {} merge value {transformation:[-0.9975651406853099f,0.0639872776954985f,0.027738391853478893f,-0.125f,0.06973153085670995f,0.9216553564694269f,0.3816921763615196f,-0.7999999999999999f,-0.001141794148562994f,0.38269705013800775f,-0.9238731861688537f,-1.5308084989341915e-17f,0f,0f,0f,1f],start_interpolation:0}
execute if entity @s[tag=aj.animal_alpha.bone.head] run data modify entity @s {} merge value {transformation:[-0.9853020037862767f,0.022613450373459344f,-0.16931802383962286f,0.06798559658916103f,-0.022390378600951097f,0.9655506463853253f,0.259250111303711f,0.05119977268827203f,0.16934766688931407f,0.2592307488070957f,-0.9508526629252602f,0.21118074178399385f,0f,0f,0f,1f],start_interpolation:0}
execute if entity @s[tag=aj.animal_alpha.bone.bone6] run data modify entity @s {} merge value {transformation:[-0.9390867391058536f,-0.24601824529970773f,-0.23998149806847002f,0.6178882952275097f,-0.3296093046929193f,0.8424650427639514f,0.42615766798285304f,-0.793634381275953f,0.09733346133465373f,0.47929914948848606f,-0.8722376525948814f,-0.5068020757877387f,0f,0f,0f,1f],start_interpolation:0}
execute if entity @s[tag=aj.animal_alpha.bone.left_down_arm] run data modify entity @s {} merge value {transformation:[-0.9390867391058536f,-0.24601824529970773f,-0.23998149806847002f,0.47950303224642404f,-0.3296093046929193f,0.8424650427639514f,0.42615766798285304f,-0.31974779472123027f,0.09733346133465373f,0.47929914948848606f,-0.8722376525948814f,-0.2371963042004654f,0f,0f,0f,1f],start_interpolation:0}
execute if entity @s[tag=aj.animal_alpha.bone.left_upper_arm] run data modify entity @s {} merge value {transformation:[-0.9390867391058536f,-0.16246794249275415f,-0.30285353571933976f,0.2910374650176124f,-0.3296093046929193f,0.67532510943115f,0.6597679158853175f,-0.0654942224317171f,0.09733346133465373f,0.7194026440276517f,-0.6877398004119283f,0.089709035228464f,0f,0f,0f,1f],start_interpolation:0}
execute if entity @s[tag=aj.animal_alpha.bone.bone7] run data modify entity @s {} merge value {transformation:[-0.7307801357500564f,-0.5774121762589205f,-0.364081820338597f,-0.01933618814400101f,0.12488510302616739f,0.41127017103032915f,-0.9029178021629807f,-0.6891720546352943f,0.6710917256495363f,-0.7053027896787457f,-0.22843789229483408f,0.7614546819353214f,0f,0f,0f,1f],start_interpolation:0}
execute if entity @s[tag=aj.animal_alpha.bone.left_down_arm2] run data modify entity @s {} merge value {transformation:[-0.6920021301955023f,-0.5434831271302232f,-0.47514118147098217f,-0.3547417709966879f,0.19968083396112302f,0.48839963555129695f,-0.8494665152564583f,-0.4675389168412184f,0.6937294979698337f,-0.6827092254526181f,-0.22945042411904243f,0.3630900911107835f,0f,0f,0f,1f],start_interpolation:0}
execute if entity @s[tag=aj.animal_alpha.bone.left_upper_arm2] run data modify entity @s {} merge value {transformation:[-0.6920021301955023f,0.1705027949848403f,-0.7014712030491663f,-0.19364653191638245f,0.19968083396112302f,0.979003855874939f,0.040975782245029346f,-0.06418483414107301f,0.6937294979698337f,-0.1117150262245824f,-0.7115188940303435f,0.22749857989129948f,0f,0f,0f,1f],start_interpolation:0}
execute if entity @s[tag=aj.animal_alpha.bone.upperbody] run data modify entity @s {} merge value {transformation:[-0.9213130604805365f,0.058211173533461884f,-0.38443946709962584f,-0.1506172590197144f,-0.022715435000827948f,0.9789828309615689f,0.20267369265692903f,-0.3075108271939135f,0.38815751132846865f,0.19545862978730144f,-0.9006273760223815f,0.15437407798644484f,0f,0f,0f,1f],start_interpolation:0}
execute if entity @s[tag=aj.animal_alpha.bone.downbody] run data modify entity @s {} merge value {transformation:[-0.9213130604805365f,0.09149576974031506f,-0.3779031207963416f,0f,-0.022715435000827948f,0.9575933295078373f,0.2872264338371693f,-0.7999999999999999f,0.38815751132846865f,0.27320969858649213f,-0.8801648748942256f,0f,0f,0f,0f,1f],start_interpolation:0}