execute if entity @s[tag=aj.animal_alpha.bone.bone4] run data modify entity @s {} merge value {transformation:[-0.9999465582335504f,-0.009311305856933601f,-0.004492244440746672f,0.16852789337516338f,-0.010325332112757647f,0.9212479516537784f,0.38883878290427626f,-1.4678866689147347f,0.0005178741527064319f,0.3888643865886361f,-0.9212948608612802f,0.027249223596753473f,0f,0f,0f,1f],start_interpolation:0}
execute if entity @s[tag=aj.animal_alpha.bone.bone] run data modify entity @s {} merge value {transformation:[-0.9975677515899244f,-0.06964462940026143f,0.0028647135150124503f,0.125f,-0.06970330274458479f,0.9966186702635758f,-0.04350489246692531f,-0.845f,0.00017485513893943542f,-0.04359875775480553f,-0.9990491067749964f,1.5308084989341915e-17f,0f,0f,0f,1f],start_interpolation:0}
execute if entity @s[tag=aj.animal_alpha.bone.bone5] run data modify entity @s {} merge value {transformation:[-0.9967993421122958f,0.0797211156432657f,0.005967854311850231f,-0.16635728126395938f,0.07992955523410568f,0.9924085069802058f,0.09346989608102219f,-1.4396411741900148f,0.0015289750071405261f,0.09364773886171562f,-0.9956042201806476f,0.1879267124290057f,0f,0f,0f,1f],start_interpolation:0}
execute if entity @s[tag=aj.animal_alpha.bone.bone2] run data modify entity @s {} merge value {transformation:[-0.997568523586769f,0.06617165002233501f,-0.02187129356566797f,-0.125f,0.06968579355647533f,0.9514258787040237f,-0.29988779152989986f,-0.845f,0.0009648447120218152f,-0.30068273988640914f,-0.953723733063765f,-1.5308084989341915e-17f,0f,0f,0f,1f],start_interpolation:0}
execute if entity @s[tag=aj.animal_alpha.bone.head] run data modify entity @s {} merge value {transformation:[-0.9909683283186271f,-0.054366738679973714f,0.12258070808528193f,-0.07520248905054422f,-0.01933328076441109f,0.9625000594857448f,0.27059168454485444f,0.0026693987125190333f,-0.13269512622651258f,0.2657779020446227f,-0.954858162378313f,0.2226242938125734f,0f,0f,0f,1f],start_interpolation:0}
execute if entity @s[tag=aj.animal_alpha.bone.bone6] run data modify entity @s {} merge value {transformation:[-0.8184117364616842f,0.1800456681823562f,0.5456975233501977f,0.2917929725815246f,-0.13446958391151537f,0.8632723209554705f,-0.4864964859840395f,-0.9992602582053763f,-0.558677152409542f,-0.47153415278315086f,-0.682301533146923f,0.5247664393648408f,0f,0f,0f,1f],start_interpolation:0}
execute if entity @s[tag=aj.animal_alpha.bone.left_down_arm] run data modify entity @s {} merge value {transformation:[-0.8184117364616842f,0.1800456681823562f,0.5456975233501977f,0.3930686609341f,-0.13446958391151537f,0.8632723209554705f,-0.4864964859840395f,-0.5136695776679242f,-0.558677152409542f,-0.47153415278315086f,-0.682301533146923f,0.2595284784243185f,0f,0f,0f,1f],start_interpolation:0}
execute if entity @s[tag=aj.animal_alpha.bone.left_upper_arm] run data modify entity @s {} merge value {transformation:[-0.8184117364616842f,-0.26027587838995914f,0.5123072288677039f,0.17689649708078234f,-0.13446958391151537f,0.9535310868259245f,0.26962269462943006f,-0.11330842517052164f,-0.558677152409542f,0.15177263780044872f,-0.815380221608704f,0.25609436341082203f,0f,0f,0f,1f],start_interpolation:0}
execute if entity @s[tag=aj.animal_alpha.bone.bone7] run data modify entity @s {} merge value {transformation:[-0.9962596813687583f,0.07493042709567878f,-0.04303578016347674f,-0.5135416256092514f,0.08470580323700108f,0.945291924995664f,-0.3150366699861563f,-1.0336786336242916f,0.01707554324156005f,-0.31750371278656103f,-0.9481032740106715f,0.12533844884916154f,0f,0f,0f,1f],start_interpolation:0}
execute if entity @s[tag=aj.animal_alpha.bone.left_down_arm2] run data modify entity @s {} merge value {transformation:[-0.9893012508798668f,0.07839610958333802f,-0.12303286150345354f,-0.47713336781258964f,0.10455568970293047f,0.9691520587950128f,-0.22318690527029705f,-0.5024797821314904f,0.10174056594237738f,-0.23366287025452986f,-0.9669801033662169f,-0.06653317212940008f,0f,0f,0f,1f],start_interpolation:0}
execute if entity @s[tag=aj.animal_alpha.bone.left_upper_arm2] run data modify entity @s {} merge value {transformation:[-0.9893012508798668f,0.1345989823225767f,-0.05626854330136344f,-0.29458365668647896f,0.10455568970293047f,0.9231445801867164f,0.36996241947343184f,-0.11167348951266814f,0.10174056594237738f,0.36012108801015497f,-0.9273411773517377f,0.07830223313224555f,0f,0f,0f,1f],start_interpolation:0}
execute if entity @s[tag=aj.animal_alpha.bone.upperbody] run data modify entity @s {} merge value {transformation:[-0.9712375652111944f,-0.07431675862822362f,0.22621806141337436f,-0.2153021192037234f,-0.023946348672632713f,0.9757152884095912f,0.2177297599067174f,-0.3541056648230264f,-0.2369053910485778f,0.2060502253111665f,-0.9494309560686012f,0.041596263744990036f,0f,0f,0f,1f],start_interpolation:0}
execute if entity @s[tag=aj.animal_alpha.bone.downbody] run data modify entity @s {} merge value {transformation:[-0.9712375652111944f,-0.09375016409021834f,0.21888010109575515f,0f,-0.023946348672632713f,0.9530259982177539f,0.301940423107444f,-0.845f,-0.2369053910485778f,0.2880145021593718f,-0.9278596242094004f,0f,0f,0f,0f,1f],start_interpolation:0}