execute if entity @s[tag=aj.animal_alpha.bone.bone4] run data modify entity @s {} merge value {transformation:[-0.9993011850189917f,-0.02686486888474647f,0.02598885221483138f,0.15805978432553314f,-0.030014214514882745f,0.991117863692009f,-0.12955511258781982f,-1.3661076564008376f,-0.02227753457395066f,-0.13024461251964897f,-0.9912315836185372f,0.29885498055188253f,0f,0f,0f,1f],start_interpolation:0}
execute if entity @s[tag=aj.animal_alpha.bone.bone] run data modify entity @s {} merge value {transformation:[-0.9975683886747196f,-0.05289565492085304f,0.045380167556074935f,0.125f,-0.069590829737251f,0.791480203103722f,-0.607220062671987f,-0.8714325294610115f,-0.003798201338046935f,-0.6089015830044993f,-0.7932366833935572f,-0.08170850882592953f,0f,0f,0f,1f],start_interpolation:0}
execute if entity @s[tag=aj.animal_alpha.bone.bone5] run data modify entity @s {} merge value {transformation:[-0.9992249622151935f,0.016249147922890672f,0.03585303442981087f,-0.16499204855968655f,0.033858774744398246f,0.8193398349622854f,0.572307450778673f,-1.424428738167627f,-0.020076310887543244f,0.5730778306964553f,-0.819254991870902f,-0.3701887147467326f,0f,0f,0f,1f],start_interpolation:0}
execute if entity @s[tag=aj.animal_alpha.bone.bone2] run data modify entity @s {} merge value {transformation:[-0.9975651406853099f,0.06398727769549849f,0.027738391853478886f,-0.12499999999999999f,0.06956569524635835f,0.8847939339305849f,0.4607605761396372f,-0.8714325294610115f,0.004940054087637167f,0.46156832947328486f,-0.8870909046387819f,-0.08170850882592956f,0f,0f,0f,1f],start_interpolation:0}
execute if entity @s[tag=aj.animal_alpha.bone.head] run data modify entity @s {} merge value {transformation:[-0.987364967031456f,0.019311849126313188f,-0.15728151309767438f,0.0623443408931906f,-0.035996154153033824f,0.9392646893985392f,0.341300630141898f,-0.042215494057945224f,0.1543201178238353f,0.34264981501875663f,-0.926701896783669f,0.2051236571257497f,0f,0f,0f,1f],start_interpolation:0}
execute if entity @s[tag=aj.animal_alpha.bone.bone6] run data modify entity @s {} merge value {transformation:[-0.9733657265124755f,-0.2192559815927561f,-0.06697743639941388f,0.6063188769321183f,-0.2275005475407208f,0.9598683064298876f,0.16400102188733978f,-1.003608952644016f,0.028331313409597186f,0.17487037727189936f,-0.9841837673083575f,-0.2826780423210712f,0f,0f,0f,1f],start_interpolation:0}
execute if entity @s[tag=aj.animal_alpha.bone.left_down_arm] run data modify entity @s {} merge value {transformation:[-0.9733657265124755f,-0.2192559815927561f,-0.06697743639941388f,0.482987387286193f,-0.2275005475407208f,0.9598683064298876f,0.16400102188733978f,-0.46368303027720403f,0.028331313409597186f,0.17487037727189936f,-0.9841837673083575f,-0.1843134551056278f,0f,0f,0f,1f],start_interpolation:0}
execute if entity @s[tag=aj.animal_alpha.bone.left_upper_arm] run data modify entity @s {} merge value {transformation:[-0.9733657265124755f,-0.16633452626501874f,-0.15777194878378198f,0.28854531623118784f,-0.2275005475407208f,0.7858422327229435f,0.5750612890272578f,-0.14831462190350636f,0.028331313409597186f,0.5956381541180946f,-0.8027530915787722f,0.07981965149723823f,0f,0f,0f,1f],start_interpolation:0}
execute if entity @s[tag=aj.animal_alpha.bone.bone7] run data modify entity @s {} merge value {transformation:[-0.7823481385922677f,-0.39870719856150555f,-0.47850178668052035f,-0.1501621040474989f,0.015534366917453336f,0.7555263905320271f,-0.6549340093888248f,-0.9913652505452737f,0.6226476318799326f,-0.5198196254710701f,-0.5848910013749816f,0.5255739171183947f,0f,0f,0f,1f],start_interpolation:0}
execute if entity @s[tag=aj.animal_alpha.bone.left_down_arm2] run data modify entity @s {} merge value {transformation:[-0.7347969569756634f,-0.3554858186737624f,-0.5776705503495484f,-0.38622728644833704f,0.06660023080723293f,0.8097326445553836f,-0.5830072500387696f,-0.5723285911102934f,0.6750095119890746f,-0.4668649452070588f,-0.5713136456107816f,0.22725528258875033f,0f,0f,0f,1f],start_interpolation:0}
execute if entity @s[tag=aj.animal_alpha.bone.left_upper_arm2] run data modify entity @s {} merge value {transformation:[-0.7347969569756634f,0.21657083404488894f,-0.6427834050910199f,-0.19962792693174022f,0.06660023080723293f,0.9661139910781935f,0.24937555112598303f,-0.15797874886448793f,0.6750095119890746f,0.1404308729733803f,-0.7243212882693743f,0.2043176005159699f,0f,0f,0f,1f],start_interpolation:0}
execute if entity @s[tag=aj.animal_alpha.bone.upperbody] run data modify entity @s {} merge value {transformation:[-0.9312988520841566f,0.052989901464335395f,-0.36038107393359614f,-0.15466922404256428f,-0.05455812877661731f,0.9579092803177239f,0.28183899883723385f,-0.3940461858953803f,0.36014699594905153f,0.2821380531299887f,-0.8892087832927056f,0.111273899986657f,0f,0f,0f,1f],start_interpolation:0}
execute if entity @s[tag=aj.animal_alpha.bone.downbody] run data modify entity @s {} merge value {transformation:[-0.9312988520841566f,0.08419753906205622f,-0.35439134092500846f,1.0006406379677787e-17f,-0.05455812877661731f,0.9297002590264808f,0.36425381116810396f,-0.8714325294610115f,0.36014699594905153f,0.3585640846236391f,-0.8612351238348828f,-0.08170850882592955f,0f,0f,0f,1f],start_interpolation:0}