execute if entity @s[tag=aj.animal_alpha.bone.bone4] run data modify entity @s {} merge value {transformation:[-0.9997453156708294f,-0.020523841950703003f,0.009384865785732305f,0.1659571728709926f,-0.019291187093769598f,0.9929970299766977f,0.11655362953580861f,-1.3827047659468907f,-0.011711272123335835f,0.11634289995113539f,-0.9931400584692037f,0.22226710447836198f,0f,0f,0f,1f],start_interpolation:0}
execute if entity @s[tag=aj.animal_alpha.bone.bone] run data modify entity @s {} merge value {transformation:[-0.9975685934025439f,-0.06553147659358818f,0.02371765233605507f,0.125f,-0.06968214225704762f,0.932327625515025f,-0.35483742439599564f,-0.8f,0.0011403978860701936f,-0.3556273671653791f,-0.934627131649666f,1.5308084989341915e-17f,0f,0f,0f,1f],start_interpolation:0}
execute if entity @s[tag=aj.animal_alpha.bone.bone5] run data modify entity @s {} merge value {transformation:[-0.998478616784945f,0.05257426364241752f,0.016625240620230478f,-0.16856211989087333f,0.05513361025587547f,0.9565914121370905f,0.2861698014216738f,-1.423413577464919f,-0.0008583958155838376f,0.2866510370259012f,-0.95803467898015f,-0.00910237018608164f,0f,0f,0f,1f],start_interpolation:0}
execute if entity @s[tag=aj.animal_alpha.bone.bone2] run data modify entity @s {} merge value {transformation:[-0.9975675228992474f,0.0696993918253973f,0.0010158916424123823f,-0.125f,0.06970679490675208f,0.9974617239438706f,0.014528317547111284f,-0.8f,-6.981317009200434e-7f,0.0145637922977306f,-0.9998939423525983f,-1.5308084989341915e-17f,0f,0f,0f,1f],start_interpolation:0}
execute if entity @s[tag=aj.animal_alpha.bone.head] run data modify entity @s {} merge value {transformation:[-0.9997737811756903f,-0.020234719933801958f,-0.0065530590462448066f,-0.011101568094038422f,-0.0212454157854656f,0.9646886570181987f,0.26253462119980797f,0.049249839027477094f,0.0010093471977779614f,0.2626144533905637f,-0.9649003213226793f,0.22893638017197193f,0f,0f,0f,1f],start_interpolation:0}
execute if entity @s[tag=aj.animal_alpha.bone.bone6] run data modify entity @s {} merge value {transformation:[-0.9410161563569049f,-0.1515608568039446f,0.3025192558501546f,0.5703819945939045f,-0.18774611574965286f,0.9776915900041905f,-0.0941836018423366f,-0.9761162708843357f,-0.28149598486691607f,-0.14542510622286658f,-0.9484785442928443f,0.13941141905984322f,0f,0f,0f,1f],start_interpolation:0}
execute if entity @s[tag=aj.animal_alpha.bone.left_down_arm] run data modify entity @s {} merge value {transformation:[-0.9410161563569049f,-0.1515608568039446f,0.3025192558501546f,0.4851290126416856f,-0.18774611574965286f,0.9776915900041905f,-0.0941836018423366f,-0.4261647515069785f,-0.28149598486691607f,-0.14542510622286658f,-0.9484785442928443f,0.05760979680948078f,0f,0f,0f,1f],start_interpolation:0}
execute if entity @s[tag=aj.animal_alpha.bone.left_upper_arm] run data modify entity @s {} merge value {transformation:[-0.9410161563569049f,-0.2903686078341792f,0.17370856357623166f,0.24046572716961911f,-0.18774611574965286f,0.8751815360353139f,0.4458796642635616f,-0.06674109396023523f,-0.28149598486691607f,0.3869668597791149f,-0.8780755434109845f,0.19172079985447904f,0f,0f,0f,1f],start_interpolation:0}
execute if entity @s[tag=aj.animal_alpha.bone.bone7] run data modify entity @s {} merge value {transformation:[-0.9426369941366823f,-0.17031234402581058f,-0.287104863695121f,-0.3511680245306964f,0.06191704243640967f,0.7559336764511444f,-0.6517135541501222f,-0.8964411587521561f,0.32802709818075687f,-0.6321059897513156f,-0.7020258119041078f,0.5010309146897379f,0f,0f,0f,1f],start_interpolation:0}
execute if entity @s[tag=aj.animal_alpha.bone.left_down_arm2] run data modify entity @s {} merge value {transformation:[-0.9128286439963628f,-0.14464141649627643f,-0.3818674211473298f,-0.45639553513156f,0.11252369935665875f,0.8098576994603011f,-0.5757333790114663f,-0.4768795389939534f,0.3925331626536206f,-0.5685150545577656f,-0.7229857183640125f,0.13605458910324394f,0f,0f,0f,1f],start_interpolation:0}
execute if entity @s[tag=aj.animal_alpha.bone.left_upper_arm2] run data modify entity @s {} merge value {transformation:[-0.9128286439963628f,0.18382387067751077f,-0.36462672868139995f,-0.2618690112106037f,0.11252369935665875f,0.9716071037077935f,0.20812989479564248f,-0.06586689354137606f,0.3925331626536206f,0.14895778124586417f,-0.9075953369335124f,0.15215697306660694f,0f,0f,0f,1f],start_interpolation:0}
execute if entity @s[tag=aj.animal_alpha.bone.upperbody] run data modify entity @s {} merge value {transformation:[-0.9987751500907059f,-0.014988061927848802f,-0.04715461335791744f,-0.19569854884797233f,-0.024625301621681403f,0.9771780671450607f,0.21098961967519736f,-0.30862232897628616f,0.0429161284522373f,0.21189238563546872f,-0.9763502562238517f,0.09650161862947493f,0f,0f,0f,1f],start_interpolation:0}
execute if entity @s[tag=aj.animal_alpha.bone.downbody] run data modify entity @s {} merge value {transformation:[-0.9987751500907059f,-0.010821232476005785f,-0.04828147148739311f,0f,-0.024625301621681403f,0.9550706525666115f,0.2953534207115742f,-0.8f,0.0429161284522373f,0.2961806028991216f,-0.9541673104780859f,0f,0f,0f,0f,1f],start_interpolation:0}