execute if entity @s[tag=aj.animal_alpha.bone.bone4] run data modify entity @s {} merge value {transformation:[-0.9999408340534901f,-0.004534023310373416f,-0.009887923191024474f,0.16833121871643958f,-0.007295381264728633f,0.9537804930323996f,0.3004156262964276f,-1.3947710389400938f,0.008068816803773386f,0.3004699880911463f,-0.953757139135479f,-0.06805339650351512f,0f,0f,0f,1f],start_interpolation:0}
execute if entity @s[tag=aj.animal_alpha.bone.bone] run data modify entity @s {} merge value {transformation:[-0.9975670218018942f,-0.06932994994630333f,-0.007307191919077338f,0.125f,-0.06971337915496129f,0.9916336623041503f,0.108640344955523f,-0.775f,-0.0002859721940415876f,0.10888543440562422f,-0.9940542643106576f,1.5308084989341915e-17f,0f,0f,0f,1f],start_interpolation:0}
execute if entity @s[tag=aj.animal_alpha.bone.bone5] run data modify entity @s {} merge value {transformation:[-0.9958355829457918f,0.0911230705436358f,0.002842138933064623f,-0.163663844076312f,0.09112228903317558f,0.995839628455775f,-0.0004035324251731587f,-1.3342177912687707f,-0.0028670856927684694f,-0.00014286974252880613f,-0.999995879695445f,0.2764155731678666f,0f,0f,0f,1f],start_interpolation:0}
execute if entity @s[tag=aj.animal_alpha.bone.bone2] run data modify entity @s {} merge value {transformation:[-0.997568673175399f,0.061862150522099174f,-0.03209075617456158f,-0.125f,0.0696757472814658f,0.8947484660300331f,-0.44110143139381436f,-0.775f,0.00142567171653524f,-0.44226491706858656f,-0.8968833316493695f,-1.5308084989341915e-17f,0f,0f,0f,1f],start_interpolation:0}
execute if entity @s[tag=aj.animal_alpha.bone.head] run data modify entity @s {} merge value {transformation:[-0.9939981230097165f,-0.04777929822000512f,0.09841173768796253f,-0.06330233207258307f,-0.019686590164884495f,0.9630205122375544f,0.26870789191499067f,0.07296280304371522f,-0.10761119654032471f,0.2651577486541215f,-0.9581811930464078f,0.22519391527527072f,0f,0f,0f,1f],start_interpolation:0}
execute if entity @s[tag=aj.animal_alpha.bone.bone6] run data modify entity @s {} merge value {transformation:[-0.8274858181486435f,0.25952952830085174f,0.49790726516371264f,0.2552418930171846f,-0.1965594691666874f,0.6967602945821307f,-0.6898474229673782f,-0.8342696225204359f,-0.5259577890323331f,-0.6687073469267105f,-0.5255462760998881f,0.6764653253825186f,0f,0f,0f,1f],start_interpolation:0}
execute if entity @s[tag=aj.animal_alpha.bone.left_down_arm] run data modify entity @s {} merge value {transformation:[-0.8274858181486435f,0.25952952830085174f,0.49790726516371264f,0.4012272526864137f,-0.1965594691666874f,0.6967602945821307f,-0.6898474229673782f,-0.4423419568179874f,-0.5259577890323331f,-0.6687073469267105f,-0.5255462760998881f,0.3003174427362439f,0f,0f,0f,1f],start_interpolation:0}
execute if entity @s[tag=aj.animal_alpha.bone.left_upper_arm] run data modify entity @s {} merge value {transformation:[-0.8274858181486435f,-0.24587209378483266f,0.5047911788658085f,0.19022248438696895f,-0.1965594691666874f,0.9689874838524628f,0.1497585764428319f,-0.042979866278370804f,-0.5259577890323331f,0.024701611994683292f,-0.8501518890886992f,0.24537967435487618f,0f,0f,0f,1f],start_interpolation:0}
execute if entity @s[tag=aj.animal_alpha.bone.bone7] run data modify entity @s {} merge value {transformation:[-0.9735098749685136f,0.22734277946965933f,-0.024367682733467816f,-0.6412824202991348f,0.22549024817953023f,0.9722526648700428f,0.06228084480026255f,-0.9154984140430361f,0.03785064483893205f,0.05513634260730732f,-0.9977611499798771f,-0.1522137530529793f,0f,0f,0f,1f],start_interpolation:0}
execute if entity @s[tag=aj.animal_alpha.bone.left_down_arm2] run data modify entity @s {} merge value {transformation:[-0.9694165979615721f,0.22860145504479024f,-0.08929072935090439f,-0.5182747724208718f,0.21183936079665633f,0.9631248166615888f,0.16587547361754618f,-0.3633734875697957f,0.12391749196088414f,0.14188714628882332f,-0.982095969294314f,-0.1337832313464108f,0f,0f,0f,1f],start_interpolation:0}
execute if entity @s[tag=aj.animal_alpha.bone.left_upper_arm2] run data modify entity @s {} merge value {transformation:[-0.9694165979615721f,0.2447151687204485f,0.01859961813409472f,-0.29003481136047915f,0.21183936079665633f,0.7960961650669328f,0.5668818053024698f,-0.04156133545259469f,0.12391749196088414f,0.553484762359223f,-0.8235891409084257f,0.09287666569063874f,0f,0f,0f,1f],start_interpolation:0}
execute if entity @s[tag=aj.animal_alpha.bone.upperbody] run data modify entity @s {} merge value {transformation:[-0.982447989959563f,-0.06330255175729017f,0.17546718771733383f,-0.21280617404868393f,-0.02422274731021463f,0.9759868491971176f,0.2164784716941349f,-0.2840441260449857f,-0.18495730733647683f,0.20842854203611005f,-0.9603896799359839f,0.05232936189014102f,0f,0f,0f,1f],start_interpolation:0}
execute if entity @s[tag=aj.animal_alpha.bone.downbody] run data modify entity @s {} merge value {transformation:[-0.982447989959563f,-0.07835463950963777f,0.1692823011768483f,0f,-0.02422274731021463f,0.9534055825880563f,0.3007175645064226f,-0.775f,-0.18495730733647683f,0.2913388843893717f,-0.938569362863287f,0f,0f,0f,0f,1f],start_interpolation:0}