execute if entity @s[tag=aj.animal_alpha.bone.bone4] run data modify entity @s {} merge value {transformation:[-0.9998842972051579f,0.003589556811652788f,-0.014781991897013541f,0.16762530615863014f,-0.005815792068656446f,0.8077226837670342f,0.5895339198814549f,-1.4836920235210644f,0.014055915664289176f,0.5895516781505041f,-0.8076083518790298f,-0.1352852681437082f,0f,0f,0f,1f],start_interpolation:0}
execute if entity @s[tag=aj.animal_alpha.bone.bone] run data modify entity @s {} merge value {transformation:[-0.9975663707613596f,-0.0682004898538082f,-0.01449238109181195f,0.125f,-0.06972056752138053f,0.973907237633703f,0.215971606812531f,-0.875f,-0.0006151345432671879f,0.21645642902993315f,-0.9762920853623178f,1.5308084989341915e-17f,0f,0f,0f,1f],start_interpolation:0}
execute if entity @s[tag=aj.animal_alpha.bone.bone5] run data modify entity @s {} merge value {transformation:[-0.9951303031956248f,0.09855799514765351f,0.0014146569403823209f,-0.16113652887697918f,0.09823763350781226f,0.9928656650097698f,-0.06758060822079354f,-1.400889088411894f,-0.008065173560973816f,-0.06711253859885452f,-0.9977128144602778f,0.33579728702005684f,0f,0f,0f,1f],start_interpolation:0}
execute if entity @s[tag=aj.animal_alpha.bone.bone2] run data modify entity @s {} merge value {transformation:[-0.9975686502610719f,0.05781844620316671f,-0.03890777936293405f,-0.125f,0.0696685623150671f,0.8414225414590304f,-0.5358678924413908f,-0.875f,0.0017548336829603065f,-0.537275659232091f,-0.8434048770047914f,-1.5308084989341915e-17f,0f,0f,0f,1f],start_interpolation:0}
execute if entity @s[tag=aj.animal_alpha.bone.head] run data modify entity @s {} merge value {transformation:[-0.9695168250858222f,-0.0856106844844407f,0.22958209115175487f,-0.1263823951679233f,-0.018165045218217664f,0.9595098066464148f,0.2810888864426691f,-0.028592467509318042f,-0.24435047985982608f,0.2683500356837412f,-0.9318160233333658f,0.2034261025612052f,0f,0f,0f,1f],start_interpolation:0}
execute if entity @s[tag=aj.animal_alpha.bone.bone6] run data modify entity @s {} merge value {transformation:[-0.6406689628164631f,0.46295327782847673f,0.6125500327577712f,0.0369361396924735f,-0.19195340602009103f,0.6758764844731329f,-0.7115791366064109f,-0.925083690160456f,-0.7434360564305202f,-0.5734677325570362f,-0.3441476277920978f,0.7281071989272776f,0f,0f,0f,1f],start_interpolation:0}
execute if entity @s[tag=aj.animal_alpha.bone.left_down_arm] run data modify entity @s {} merge value {transformation:[-0.6406689628164631f,0.46295327782847673f,0.6125500327577712f,0.29734735847099164f,-0.19195340602009103f,0.6758764844731329f,-0.7115791366064109f,-0.5449031676443188f,-0.7434360564305202f,-0.5734677325570362f,-0.3441476277920978f,0.4055315993639448f,0f,0f,0f,1f],start_interpolation:0}
execute if entity @s[tag=aj.animal_alpha.bone.left_upper_arm] run data modify entity @s {} merge value {transformation:[-0.6406689628164631f,-0.24357671522487068f,0.7281577190993306f,0.11069892520805283f,-0.19195340602009103f,0.969044077560636f,0.15526579037876378f,-0.14494055946405188f,-0.7434360564305202f,-0.04029838141809622f,-0.6675918442088087f,0.2949715504397127f,0f,0f,0f,1f],start_interpolation:0}
execute if entity @s[tag=aj.animal_alpha.bone.bone7] run data modify entity @s {} merge value {transformation:[-0.9430394082716171f,0.19677681138210446f,0.2682453372362875f,-0.5678719855076167f,0.22807117210308261f,0.9694134012522703f,0.09067082181181967f,-1.0127936649873748f,-0.242198709538767f,0.14668518662358615f,-0.9590741583021408f,-0.3437018314539404f,0f,0f,0f,1f],start_interpolation:0}
execute if entity @s[tag=aj.animal_alpha.bone.left_down_arm2] run data modify entity @s {} merge value {transformation:[-0.9642357565611218f,0.17264889460082722f,0.2011013798115599f,-0.45818814605642894f,0.2119670970365182f,0.9578220077660479f,0.19402822272269593f,-0.4618920216988043f,-0.15912056920119438f,0.22971582581992295f,-0.9601621133042892f,-0.2744968115117518f,0f,0f,0f,1f],start_interpolation:0}
execute if entity @s[tag=aj.animal_alpha.bone.left_upper_arm2] run data modify entity @s {} merge value {transformation:[-0.9642357565611218f,0.07405016138415046f,0.2544916096219718f,-0.3052617308807229f,0.2119670970365182f,0.7918883338232927f,0.5726978405131982f,-0.14193676278067852f,-0.15912056920119438f,0.6061595832398845f,-0.7792632444197132f,0.010588077305846922f,0f,0f,0f,1f],start_interpolation:0}
execute if entity @s[tag=aj.animal_alpha.bone.upperbody] run data modify entity @s {} merge value {transformation:[-0.887482085482932f,-0.12168639204194548f,0.4444861864430432f,-0.21937250252755328f,-0.021881315365997314f,0.9745473663698655f,0.22311126986195245f,-0.38420602216277006f,-0.46032244783925064f,0.18828131265044112f,-0.8675559874278475f,-0.007712097866810194f,0f,0f,0f,1f],start_interpolation:0}
execute if entity @s[tag=aj.animal_alpha.bone.downbody] run data modify entity @s {} merge value {transformation:[-0.887482085482932f,-0.15996286230261716f,0.43218911442888025f,0f,-0.021881315365997314f,0.9513934909767422f,0.3071996636797335f,-0.875f,-0.46032244783925064f,0.26317733187157577f,-0.8478448773238174f,0f,0f,0f,0f,1f],start_interpolation:0}