execute if entity @s[tag=aj.animal_alpha.bone.bone4] run data modify entity @s {} merge value {transformation:[-0.9998578613719649f,0.0010109758419068683f,-0.016829586463358276f,0.16732272130331308f,-0.005497891052953397f,0.9240861178844425f,0.38214476305090234f,-1.3989485321200945f,0.015938326344081002f,0.38218297275141333f,-0.9239492113164242f,-0.15517718199356953f,0f,0f,0f,1f],start_interpolation:0}
execute if entity @s[tag=aj.animal_alpha.bone.bone] run data modify entity @s {} merge value {transformation:[-0.9975661543626825f,-0.06771635408530091f,-0.016621162999107736f,0.125f,-0.06972272255709161f,0.966317651392151f,0.24772754906789055f,-0.795f,-0.0007138832366611257f,0.2482834911897113f,-0.9686871519605146f,1.5308084989341915e-17f,0f,0f,0f,1f],start_interpolation:0}
execute if entity @s[tag=aj.animal_alpha.bone.bone5] run data modify entity @s {} merge value {transformation:[-0.9949196321873502f,0.10066614649365088f,0.0011191239012817017f,-0.1602856832955478f,0.10018067280564731f,0.9910965138876837f,-0.08770138514236003f,-1.3096519818819083f,-0.009937720281605581f,-0.0871437152627747f,-0.9961461813437851f,0.35286436218381456f,0f,0f,0f,1f],start_interpolation:0}
execute if entity @s[tag=aj.animal_alpha.bone.bone2] run data modify entity @s {} merge value {transformation:[-0.9975686223002105f,0.05645709327287646f,-0.04085878634073297f,-0.125f,0.06966640535400838f,0.8234431710110532f,-0.5631056171628128f,-0.795f,0.0018535822374346957f,-0.5645829794941033f,-0.8253742323930704f,-1.5308084989341915e-17f,0f,0f,0f,1f],start_interpolation:0}
execute if entity @s[tag=aj.animal_alpha.bone.head] run data modify entity @s {} merge value {transformation:[-0.9882798517046275f,-0.0593788616700955f,0.14063102609823816f,-0.08402884138748559f,-0.01908298052018368f,0.9620758387029644f,0.2721138005292165f,0.05245178057444605f,-0.15145552010126914f,0.2662409273022305f,-0.9519332928625316f,0.22028398372297908f,0f,0f,0f,1f],start_interpolation:0}
execute if entity @s[tag=aj.animal_alpha.bone.bone6] run data modify entity @s {} merge value {transformation:[-0.7673288587907543f,0.37772269099051825f,0.5182007247947076f,0.15467815616480568f,-0.21544194031356317f,0.6092790002273792f,-0.7631276893389811f,-0.8037444723678657f,-0.6039794639065188f,-0.6972120685937719f,-0.3861400504821889f,0.7497118520570627f,0f,0f,0f,1f],start_interpolation:0}
execute if entity @s[tag=aj.animal_alpha.bone.left_down_arm] run data modify entity @s {} merge value {transformation:[-0.7673288587907543f,0.37772269099051825f,0.5182007247947076f,0.3671471698469722f,-0.21544194031356317f,0.6092790002273792f,-0.7631276893389811f,-0.46102503473996487f,-0.6039794639065188f,-0.6972120685937719f,-0.3861400504821889f,0.35753006347306604f,0f,0f,0f,1f],start_interpolation:0}
execute if entity @s[tag=aj.animal_alpha.bone.left_upper_arm] run data modify entity @s {} merge value {transformation:[-0.7673288587907543f,-0.2392966075951502f,0.594931555777916f,0.1665387966752497f,-0.21544194031356317f,0.970037663581411f,0.11230183252042103f,-0.06356379946229296f,-0.6039794639065188f,-0.042000771742555926f,-0.7958924188307259f,0.263657292847383f,0f,0f,0f,1f],start_interpolation:0}
execute if entity @s[tag=aj.animal_alpha.bone.bone7] run data modify entity @s {} merge value {transformation:[-0.9602351385624449f,0.25377565794227086f,0.11638897759637783f,-0.6484737724067882f,0.27310976047844265f,0.9403473270914807f,0.20287425456009905f,-0.8914899196048316f,-0.05796151655512721f,0.22659395373194685f,-0.9722631550823851f,-0.3241868540743434f,0f,0f,0f,1f],start_interpolation:0}
execute if entity @s[tag=aj.animal_alpha.bone.left_down_arm2] run data modify entity @s {} merge value {transformation:[-0.9686142321248384f,0.24266599715678178f,0.0538487061043679f,-0.5086086048745755f,0.2473131286620402f,0.9190873652727146f,0.3067810805565644f,-0.3553294591041442f,0.024953671405285455f,0.31047001275479863f,-0.9502555895460085f,-0.20893844624639468f,0f,0f,0f,1f],start_interpolation:0}
execute if entity @s[tag=aj.animal_alpha.bone.left_upper_arm2] run data modify entity @s {} merge value {transformation:[-0.9686142321248384f,0.2058242224981532f,0.13936591677393917f,-0.29748372851602867f,0.2473131286620402f,0.7417111038870843f,0.6234587835310337f,-0.06174499223629987f,0.024953671405285455f,0.6383580717776143f,-0.7693349637705043f,0.06722400123065085f,0f,0f,0f,1f],start_interpolation:0}
execute if entity @s[tag=aj.animal_alpha.bone.upperbody] run data modify entity @s {} merge value {transformation:[-0.9610275515854111f,-0.0824860013310602f,0.26386000962283485f,-0.21679800620917541f,-0.023694615672393803f,0.9755138716386997f,0.21865784099504f,-0.3041425466664502f,-0.2754353105211597f,0.20388414804708818f,-0.9394501816984364f,0.033467671126451284f,0f,0f,0f,1f],start_interpolation:0}
execute if entity @s[tag=aj.animal_alpha.bone.downbody] run data modify entity @s {} merge value {transformation:[-0.9610275515854111f,-0.10516903231287324f,0.25566681391241214f,0f,-0.023694615672393803f,0.9527444603019022f,0.3028474179387613f,-0.795f,-0.2754353105211597f,0.28498678566981145f,-0.918105615771792f,0f,0f,0f,0f,1f],start_interpolation:0}