execute if entity @s[tag=aj.animal_alpha.bone.bone4] run data modify entity @s {} merge value {transformation:[-0.9996881983471421f,0.013863366651655287f,-0.020768080087650718f,0.16553722250277533f,-0.004862096468003919f,0.7077255976711263f,0.7064706918329895f,-1.410996489047247f,0.02449216412204373f,0.7063513895124217f,-0.7074375226339709f,-0.23918565633625485f,0f,0f,0f,1f],start_interpolation:0}
execute if entity @s[tag=aj.animal_alpha.bone.bone] run data modify entity @s {} merge value {transformation:[-0.9975651041738289f,-0.06485955600444053f,-0.025633979979018024f,0.125f,-0.06973205318058665f,0.9215943824755954f,0.381839278949463f,-0.835f,-0.001141794148562994f,0.3826970501380078f,-0.9238731861688537f,1.5308084989341915e-17f,0f,0f,0f,1f],start_interpolation:0}
execute if entity @s[tag=aj.animal_alpha.bone.bone5] run data modify entity @s {} merge value {transformation:[-0.9940289291900001f,0.10911544899788196f,0.0005538261211027393f,-0.1561378341043565f,0.10734633133564775f,0.9787978933277437f,-0.17444612109745622f,-1.2947586488711846f,-0.019576850670093057f,-0.17334503975355542f,-0.9846665649399696f,0.42222910851270334f,0f,0f,0f,1f],start_interpolation:0}
execute if entity @s[tag=aj.animal_alpha.bone.bone2] run data modify entity @s {} merge value {transformation:[-0.9975683886747196f,0.049820534566970415f,-0.04873627245065737f,-0.125f,0.06965705067877745f,0.7356138381938957f,-0.6738101931170077f,-0.835f,0.002281492418928599f,-0.6755665736203254f,-0.7372954627550857f,-1.5308084989341915e-17f,0f,0f,0f,1f],start_interpolation:0}
execute if entity @s[tag=aj.animal_alpha.bone.head] run data modify entity @s {} merge value {transformation:[-0.968895772873973f,-0.08634131549112352f,0.23191843080317862f,-0.1274618002003448f,-0.018150907214765935f,0.9594310726129678f,0.28135842171865266f,0.011380919218923202f,-0.2468026050799047f,0.2683974555467926f,-0.9311558838249266f,0.20286258684243885f,0f,0f,0f,1f],start_interpolation:0}
execute if entity @s[tag=aj.animal_alpha.bone.bone6] run data modify entity @s {} merge value {transformation:[-0.6199317602033626f,0.5748061455373709f,0.5341184398086544f,-0.04555280061622152f,-0.23202721985350605f,0.5159717665239475f,-0.8245826249668433f,-0.7904375122992474f,-0.7495651952553648f,-0.6351149747900987f,-0.18649661353268332f,0.8025285791933675f,0f,0f,0f,1f],start_interpolation:0}
execute if entity @s[tag=aj.animal_alpha.bone.left_down_arm] run data modify entity @s {} merge value {transformation:[-0.6199317602033626f,0.5748061455373709f,0.5341184398086544f,0.2777756562485496f,-0.23202721985350605f,0.5159717665239475f,-0.8245826249668433f,-0.5002033936295269f,-0.7495651952553648f,-0.6351149747900987f,-0.18649661353268332f,0.44527640587393696f,0f,0f,0f,1f],start_interpolation:0}
execute if entity @s[tag=aj.animal_alpha.bone.left_upper_arm] run data modify entity @s {} merge value {transformation:[-0.6199317602033626f,-0.20835290172967025f,0.7564877269539716f,0.10912979171639853f,-0.23202721985350605f,0.9696629688569882f,0.07692266294470163f,-0.10497924723628285f,-0.7495651952553648f,-0.1278389422995894f,-0.6494684156242774f,0.295651219210946f,0f,0f,0f,1f],start_interpolation:0}
execute if entity @s[tag=aj.animal_alpha.bone.bone7] run data modify entity @s {} merge value {transformation:[-0.9134737568213065f,0.19457570244836095f,0.357359750973015f,-0.5623619343637195f,0.32042527482598604f,0.8852857279710686f,0.3370412780408752f,-0.8714790984153575f,-0.25078544385880874f,0.4223854588731272f,-0.8710322527214929f,-0.5584231525429266f,0f,0f,0f,1f],start_interpolation:0}
execute if entity @s[tag=aj.animal_alpha.bone.left_down_arm2] run data modify entity @s {} merge value {transformation:[-0.9425031692200294f,0.16268932863236296f,0.2919245764908317f,-0.4526039009773383f,0.2832179183340203f,0.8525418655767973f,0.4392721003812764f,-0.36446979275457925f,-0.17741303995125235f,0.4966936176235659f,-0.8495999431893052f,-0.3321329890790024f,0f,0f,0f,1f],start_interpolation:0}
execute if entity @s[tag=aj.animal_alpha.bone.left_upper_arm2] run data modify entity @s {} merge value {transformation:[-0.9425031692200294f,0.06737615725391155f,0.32733504157651166f,-0.30531393602624834f,0.2832179183340203f,0.680991960278035f,0.6753055314235353f,-0.10193804992469149f,-0.17741303995125235f,0.729184752631578f,-0.6609192157782069f,0.009061970191219536f,0f,0f,0f,1f],start_interpolation:0}
execute if entity @s[tag=aj.animal_alpha.bone.upperbody] run data modify entity @s {} merge value {transformation:[-0.885023649230177f,-0.12268543687359217f,0.4490895499590661f,-0.21932859873096427f,-0.02182070138873099f,0.97452273441911f,0.22322476809530956f,-0.3442049396926733f,-0.46503440441993593f,0.18775974989181446f,-0.865152748956136f,-0.008813317005488083f,0f,0f,0f,1f],start_interpolation:0}
execute if entity @s[tag=aj.animal_alpha.bone.downbody] run data modify entity @s {} merge value {transformation:[-0.885023649230177f,-0.161359315033436f,0.43668788826259086f,0f,-0.02182070138873099f,0.9513590607351671f,0.30731058320208315f,-0.835f,-0.46503440441993593f,0.26244829778270806f,-0.845496241089666f,0f,0f,0f,0f,1f],start_interpolation:0}