execute if entity @s[tag=aj.animal_alpha.bone.bone4] run data modify entity @s {} merge value {transformation:[-0.9996472251309665f,-0.021716940771380276f,0.015290512466594337f,0.1644501583338111f,-0.021485225318301743f,0.9996542379768423f,0.015158812221293338f,-1.4143695568320152f,-0.01561442861524306f,0.014824944467720202f,-0.9997681784496586f,0.18892471521588738f,0f,0f,0f,1f],start_interpolation:0}
execute if entity @s[tag=aj.animal_alpha.bone.bone] run data modify entity @s {} merge value {transformation:[-0.9975686640548564f,-0.06312025333409774f,0.02953970404131181f,0.125f,-0.06964089274328514f,0.9188623868576553f,-0.38838390810661916f,-0.8400805650459806f,-0.0026280322918917458f,-0.38949678771113355f,-0.9210240745002167f,-0.05451077710357107f,0f,0f,0f,1f],start_interpolation:0}
execute if entity @s[tag=aj.animal_alpha.bone.bone5] run data modify entity @s {} merge value {transformation:[-0.9988218888634236f,0.043847960278418384f,0.020789196875419632f,-0.16829214726867942f,0.048495589083931034f,0.9172655385913225f,0.39531267314895613f,-1.4548488222022513f,-0.0017355594790220044f,0.39585513523534477f,-0.918311330508941f,-0.1584856778147932f,0f,0f,0f,1f],start_interpolation:0}
execute if entity @s[tag=aj.animal_alpha.bone.bone2] run data modify entity @s {} merge value {transformation:[-0.9975670491781973f,0.06926743562988708f,0.007874309821415102f,-0.125f,0.06961167187446118f,0.983629211450033f,0.16621609284611594f,-0.8400805650459806f,0.0037679613515178866f,0.16635984113795535f,-0.9860579119523394f,-0.0545107771035711f,0f,0f,0f,1f],start_interpolation:0}
execute if entity @s[tag=aj.animal_alpha.bone.head] run data modify entity @s {} merge value {transformation:[-0.9973750009107639f,-0.0032367912867439595f,-0.07233692515181833f,0.0214368064111998f,-0.02598495148010745f,0.9484570873848627f,0.3158384645447724f,-0.0045604926576448546f,0.06758616614981328f,0.3168890603532869f,-0.9460514962588351f,0.21972830113960495f,0f,0f,0f,1f],start_interpolation:0}
execute if entity @s[tag=aj.animal_alpha.bone.bone6] run data modify entity @s {} merge value {transformation:[-0.9793610128552044f,-0.05936350425035666f,0.19320450528480493f,0.4911988314340868f,-0.1078386598376742f,0.9619419946265464f,-0.25107453558319237f,-1.0503649906601327f,-0.1709468629242512f,-0.26672752639541936f,-0.9484901669070365f,0.1662356498140112f,0f,0f,0f,1f],start_interpolation:0}
execute if entity @s[tag=aj.animal_alpha.bone.left_down_arm] run data modify entity @s {} merge value {transformation:[-0.9793610128552044f,-0.05936350425035666f,0.19320450528480493f,0.4578068602932612f,-0.1078386598376742f,0.9619419946265464f,-0.25107453558319237f,-0.5092726186827005f,-0.1709468629242512f,-0.26672752639541936f,-0.9484901669070365f,0.016201416216587827f,0f,0f,0f,1f],start_interpolation:0}
execute if entity @s[tag=aj.animal_alpha.bone.left_upper_arm] run data modify entity @s {} merge value {transformation:[-0.9793610128552044f,-0.16052317730978277f,0.12281822358917413f,0.26515784361333067f,-0.1078386598376742f,0.9289316305010139f,0.35419888381972964f,-0.11634486281821618f,-0.1709468629242512f,0.33364402497437295f,-0.9270700268346815f,0.1408023192773446f,0f,0f,0f,1f],start_interpolation:0}
execute if entity @s[tag=aj.animal_alpha.bone.bone7] run data modify entity @s {} merge value {transformation:[-0.8963797536124455f,-0.19887666634341758f,-0.39617093393864766f,-0.3122618481918973f,0.008945429275102196f,0.8854147762513168f,-0.4647156692978135f,-1.0191229502964063f,0.44319670193806204f,-0.4201056362154161f,-0.7918888418277309f,0.3669183809733567f,0f,0f,0f,1f],start_interpolation:0}
execute if entity @s[tag=aj.animal_alpha.bone.left_down_arm2] run data modify entity @s {} merge value {transformation:[-0.8570608859463784f,-0.1635913085830174f,-0.4885534991553174f,-0.4348165529670519f,0.04253418378570281f,0.9225481450377769f,-0.3835306549639036f,-0.5241602846479008f,0.5134564061246999f,-0.34948934725317843f,-0.7837217077292515f,0.12134801641036566f,0f,0f,0f,1f],start_interpolation:0}
execute if entity @s[tag=aj.animal_alpha.bone.left_upper_arm2] run data modify entity @s {} merge value {transformation:[-0.8570608859463784f,0.20570887289540246f,-0.47236690971416695f,-0.23768631033201604f,0.04253418378570281f,0.9419550702315436f,0.33303376536737517f,-0.11737171439481331f,0.5134564061246999f,0.2653384730437541f,-0.8160625060204127f,0.17325154760142059f,0f,0f,0f,1f],start_interpolation:0}
execute if entity @s[tag=aj.animal_alpha.bone.upperbody] run data modify entity @s {} merge value {transformation:[-0.9824480867734261f,0.015127875929804656f,-0.18592176893813975f,-0.18006527389112809f,-0.03493604971001911f,0.9641470607046096f,0.2630587724545995f,-0.3562249764640895f,0.1832354475146489f,0.26493695986878496f,-0.9466959269319754f,0.0955650921645588f,0f,0f,0f,1f],start_interpolation:0}
execute if entity @s[tag=aj.animal_alpha.bone.downbody] run data modify entity @s {} merge value {transformation:[-0.9824480867734261f,0.03127445965942319f,-0.18389579921315685f,6.6756448698923155e-18f,-0.03493604971001911f,0.9375511073551047f,0.3460887075994767f,-0.8400805650459806f,0.1832354475146489f,0.3464387814177682f,-0.920002685596014f,-0.054510777103571086f,0f,0f,0f,1f],start_interpolation:0}