execute if entity @s[tag=aj.animal_alpha.bone.bone4] run data modify entity @s {} merge value {transformation:[-1f,0f,1.2246467991473532e-16f,0.125f,0f,1f,0f,-1.4375f,-1.2246467991473532e-16f,0f,-1f,1.5308084989341915e-17f,0f,0f,0f,1f],start_interpolation:0}
execute if entity @s[tag=aj.animal_alpha.bone.bone] run data modify entity @s {} merge value {transformation:[-1f,0f,1.2246467991473532e-16f,0.125f,0f,1f,0f,-0.8125f,-1.2246467991473532e-16f,0f,-1f,1.5308084989341915e-17f,0f,0f,0f,1f],start_interpolation:0}
execute if entity @s[tag=aj.animal_alpha.bone.bone5] run data modify entity @s {} merge value {transformation:[-1f,0f,1.2246467991473532e-16f,-0.125f,0f,1f,0f,-1.4375f,-1.2246467991473532e-16f,0f,-1f,-1.5308084989341915e-17f,0f,0f,0f,1f],start_interpolation:0}
execute if entity @s[tag=aj.animal_alpha.bone.bone2] run data modify entity @s {} merge value {transformation:[-1f,0f,1.2246467991473532e-16f,-0.125f,0f,1f,0f,-0.8125f,-1.2246467991473532e-16f,0f,-1f,-1.5308084989341915e-17f,0f,0f,0f,1f],start_interpolation:0}
execute if entity @s[tag=aj.animal_alpha.bone.head] run data modify entity @s {} merge value {transformation:[-1f,0f,1.2246467991473532e-16f,0f,0f,1f,0f,0.0625f,-1.2246467991473532e-16f,0f,-1f,0f,0f,0f,0f,1f],start_interpolation:0}
execute if entity @s[tag=aj.animal_alpha.bone.bone6] run data modify entity @s {} merge value {transformation:[-0.9672286188171507f,-0.2518270602290832f,-0.03243348080987847f,0.5946669859789939f,-0.23214480803042709f,0.9288247706643451f,-0.28877903924080606f,-0.9612832658246413f,0.10284739688287303f,-0.27178608709186075f,-0.9568462446065784f,-0.002684520112876926f,0f,0f,0f,1f],start_interpolation:0}
execute if entity @s[tag=aj.animal_alpha.bone.left_down_arm] run data modify entity @s {} merge value {transformation:[-0.9672286188171507f,-0.2518270602290832f,-0.03243348080987847f,0.45301426460013466f,-0.23214480803042709f,0.9288247706643451f,-0.28877903924080606f,-0.4388193323259472f,0.10284739688287303f,-0.27178608709186075f,-0.9568462446065784f,-0.1555641941020486f,0f,0f,0f,1f],start_interpolation:0}
execute if entity @s[tag=aj.animal_alpha.bone.left_upper_arm] run data modify entity @s {} merge value {transformation:[-0.9672286188171507f,-0.1876815708525504f,-0.1710100198917775f,0.25f,-0.23214480803042709f,0.9264855618965727f,0.2961980616103154f,-0.0625f,0.10284739688287303f,0.3261903302667189f,-0.9396926526236681f,2.7755575615628914e-17f,0f,0f,0f,1f],start_interpolation:0}
execute if entity @s[tag=aj.animal_alpha.bone.bone7] run data modify entity @s {} merge value {transformation:[-0.9581214578513437f,0.27182972267817457f,-0.0900659418066705f,-0.6175308903661315f,0.2723366185635431f,0.7677277782040275f,-0.5800231243349552f,-0.8245748425238174f,-0.08852139963981084f,-0.580260855514668f,-0.8096056455850557f,0.15889671150099272f,0f,0f,0f,1f],start_interpolation:0}
execute if entity @s[tag=aj.animal_alpha.bone.left_down_arm2] run data modify entity @s {} merge value {transformation:[-0.9581214578513437f,0.27182972267817457f,-0.0900659418066705f,-0.4702557927225752f,0.2723366185635431f,0.7677277782040275f,-0.5800231243349552f,-0.42897941255498667f,-0.08852139963981084f,-0.580260855514668f,-0.8096056455850557f,-0.21810037257507403f,0f,0f,0f,1f],start_interpolation:0}
execute if entity @s[tag=aj.animal_alpha.bone.left_upper_arm2] run data modify entity @s {} merge value {transformation:[-0.9581214578513437f,0.22969282397978807f,0.1710101710922656f,-0.25f,0.2723366185635431f,0.915477691143839f,0.29619818231603134f,-0.0625f,-0.08852139963981084f,0.3303661659887946f,-0.9396925870600839f,-0.06250000000000004f,0f,0f,0f,1f],start_interpolation:0}
execute if entity @s[tag=aj.animal_alpha.bone.upperbody] run data modify entity @s {} merge value {transformation:[-1f,0f,1.2246467991473532e-16f,-0.1875f,0f,1f,0f,-0.3125f,-1.2246467991473532e-16f,0f,-1f,-0.06250000000000003f,0f,0f,0f,1f],start_interpolation:0}
execute if entity @s[tag=aj.animal_alpha.bone.downbody] run data modify entity @s {} merge value {transformation:[-1f,0f,1.2246467991473532e-16f,0f,0f,1f,0f,-0.8125f,-1.2246467991473532e-16f,0f,-1f,0f,0f,0f,0f,1f],start_interpolation:0}