execute if entity @s[tag=aj.animal_alpha.bone.bone4] run data modify entity @s {} merge value {transformation:[-0.9996610800200276f,-0.025920649196979874f,-0.0024176514221583307f,0.16748155947100207f,-0.026032286233339974f,0.9945496508605036f,0.10096193365182754f,-1.4200549266888558f,-0.00021252448662781483f,0.10099065262913026f,-0.9948873518720021f,0.10748212188945896f,0f,0f,0f,1f],start_interpolation:0}
execute if entity @s[tag=aj.animal_alpha.bone.bone] run data modify entity @s {} merge value {transformation:[-0.9975683956218283f,-0.06797049515360333f,0.015404799416590094f,0.125f,-0.06969430432357696f,0.9728910014876205f,-0.22051259186102629f,-0.8119980507590928f,0.0000011593242761460086f,-0.22105001925579854f,-0.9752624718431787f,-0.030674140145415113f,0f,0f,0f,1f],start_interpolation:0}
execute if entity @s[tag=aj.animal_alpha.bone.bone5] run data modify entity @s {} merge value {transformation:[-0.9995301767192221f,0.023239731215138573f,0.019983511220228855f,-0.16803329425763638f,0.02818650959314861f,0.9530588489252507f,0.3014703155573225f,-1.4258335257559454f,-0.01203937309814096f,0.30189194321532403f,-0.9532661265969118f,-0.1401234216447661f,0f,0f,0f,1f],start_interpolation:0}
execute if entity @s[tag=aj.animal_alpha.bone.bone2] run data modify entity @s {} merge value {transformation:[-0.9975651406853099f,0.0688532708122182f,0.011091311372300704f,-0.125f,0.06973155417910933f,0.9821367599949641f,0.17477097876466918f,-0.8119980507590928f,0.001140368915713491f,0.17511885039896152f,-0.9845466407406418f,-0.03067414014541514f,0f,0f,0f,1f],start_interpolation:0}
execute if entity @s[tag=aj.animal_alpha.bone.head] run data modify entity @s {} merge value {transformation:[-0.9917890551543463f,-0.015003780026103022f,-0.1270014041693133f,0.021832333583739177f,-0.03590088495850181f,0.9858241440773698f,0.16389595301079882f,0.055798452613923855f,0.12274199173569486f,0.16710967518085199f,-0.9782682453834965f,0.11149821304761062f,0f,0f,0f,1f],start_interpolation:0}
execute if entity @s[tag=aj.animal_alpha.bone.bone6] run data modify entity @s {} merge value {transformation:[-0.9541707063262221f,-0.2577429450226253f,-0.15207510473441083f,0.6175190092432374f,-0.28356315302374513f,0.9411069554209448f,0.18414569423571178f,-0.9355376261220258f,0.09565668526637444f,0.21882932333072744f,-0.9710630905427647f,-0.3056120216304294f,0f,0f,0f,1f],start_interpolation:0}
execute if entity @s[tag=aj.animal_alpha.bone.left_down_arm] run data modify entity @s {} merge value {transformation:[-0.9541707063262221f,-0.2577429450226253f,-0.15207510473441083f,0.4725386026680107f,-0.28356315302374513f,0.9411069554209448f,0.18414569423571178f,-0.4061649636977444f,0.09565668526637444f,0.21882932333072744f,-0.9710630905427647f,-0.1825205272568952f,0f,0f,0f,1f],start_interpolation:0}
execute if entity @s[tag=aj.animal_alpha.bone.left_upper_arm] run data modify entity @s {} merge value {transformation:[-0.9541707063262221f,-0.21145665870777766f,-0.21176483342864202f,0.2607549761925802f,-0.28356315302374513f,0.8650240785648673f,0.413914582674052f,-0.06316232345358314f,0.09565668526637444f,0.4549938735753976f,-0.8853419529044724f,0.02849637809063807f,0f,0f,0f,1f],start_interpolation:0}
execute if entity @s[tag=aj.animal_alpha.bone.bone7] run data modify entity @s {} merge value {transformation:[-0.8613113627330776f,-0.26395298375920795f,-0.4341331118349534f,-0.26339282607719466f,0.15453202679341455f,0.6778853869993909f,-0.7187428293818351f,-0.842652952688633f,0.484006806896358f,-0.6861488354994838f,-0.5430811968948056f,0.6065069490522701f,0f,0f,0f,1f],start_interpolation:0}
execute if entity @s[tag=aj.animal_alpha.bone.left_down_arm2] run data modify entity @s {} merge value {transformation:[-0.8183355816321443f,-0.22511136915309202f,-0.5288210919704324f,-0.42306928947396094f,0.21119887592928085f,0.7379483935819916f,-0.6409580354562743f,-0.46761685851477997f,0.5345296162430933f,-0.636205186938757f,-0.5563461597523912f,0.21386989641469484f,0f,0f,0f,1f],start_interpolation:0}
execute if entity @s[tag=aj.animal_alpha.bone.left_upper_arm2] run data modify entity @s {} merge value {transformation:[-0.8183355816321443f,0.19129684058097207f,-0.541970842959765f,-0.2370849740157676f,0.21119887592928085f,0.97709759857027f,0.025986875041449517f,-0.06653651863144697f,0.5345296162430933f,-0.09319764831770078f,-0.8399954093368975f,0.1062797232453141f,0f,0f,0f,1f],start_interpolation:0}
execute if entity @s[tag=aj.animal_alpha.bone.upperbody] run data modify entity @s {} merge value {transformation:[-0.9612466996655494f,0.011112258460371054f,-0.2754656060091693f,-0.17978511990176355f,-0.020853843805301593f,0.993393896150659f,0.11284362759659168f,-0.3135816274312804f,0.27489979916441026f,0.11421508132696f,-0.9546648708404657f,0.060544715465798454f,0f,0f,0f,1f],start_interpolation:0}
execute if entity @s[tag=aj.animal_alpha.bone.downbody] run data modify entity @s {} merge value {transformation:[-0.9612466996655494f,0.03507838245520971f,-0.27344887907324655f,3.756498754567996e-18f,-0.020853843805301593f,0.9797787622844674f,0.19899420638516468f,-0.8119980507590928f,0.27489979916441026f,0.19698498435323303f,-0.9410775825396775f,-0.030674140145415127f,0f,0f,0f,1f],start_interpolation:0}