execute if entity @s[tag=aj.animal_alpha.bone.bone4] run data modify entity @s {} merge value {transformation:[-0.9999253154771263f,-0.00009308203850638078f,-0.012221080300184718f,0.1681236872615337f,-0.006673347260969129f,0.8418956679755752f,0.5395990647511303f,-1.4015112104563978f,0.010238647581783982f,0.5396403205651835f,-0.8418334125680697f,-0.09316262651169079f,0f,0f,0f,1f],start_interpolation:0}
execute if entity @s[tag=aj.animal_alpha.bone.bone] run data modify entity @s {} merge value {transformation:[-0.9975667926100659f,-0.06899789961845394f,-0.009989200664091754f,0.125f,-0.06971605000206987f,0.9864179367302363f,0.1487256752177395f,-0.785f,-0.00040823250070267855f,0.14906020241870527f,-0.9888280383368586f,1.5308084989341915e-17f,0f,0f,0f,1f],start_interpolation:0}
execute if entity @s[tag=aj.animal_alpha.bone.bone5] run data modify entity @s {} merge value {transformation:[-0.9955738056709471f,0.09395643626018742f,0.0022328338837825437f,-0.16278180572477566f,0.09387006186420328f,0.9952613246479336f,-0.025363500264177052f,-1.3325947601357218f,-0.0046053173047986085f,-0.025041640228339712f,-0.9996758011011353f,0.29889381697866696f,0f,0f,0f,1f],start_interpolation:0}
execute if entity @s[tag=aj.animal_alpha.bone.bone2] run data modify entity @s {} merge value {transformation:[-0.9975686772876082f,0.060450889159641044f,-0.03467598728890924f,-0.125f,0.0696730794604266f,0.8761516162171545f,-0.4769738015851279f,-0.785f,0.0015479318954281466f,-0.4782301071658671f,-0.8782332084970201f,-1.5308084989341915e-17f,0f,0f,0f,1f],start_interpolation:0}
execute if entity @s[tag=aj.animal_alpha.bone.head] run data modify entity @s {} merge value {transformation:[-0.9939981230097165f,-0.04777929822000512f,0.09841173768796253f,-0.06330233207258307f,-0.019686590164884495f,0.9630205122375544f,0.26870789191499067f,0.06296280304371521f,-0.10761119654032471f,0.2651577486541215f,-0.9581811930464078f,0.22519391527527072f,0f,0f,0f,1f],start_interpolation:0}
execute if entity @s[tag=aj.animal_alpha.bone.bone6] run data modify entity @s {} merge value {transformation:[-0.8292668629533506f,0.2508292603069352f,0.4994007931325147f,0.260692980151476f,-0.19149037677270897f,0.7119876539967969f,-0.6755775426696654f,-0.8532230459266237f,-0.5250218144143679f,-0.6558645155289415f,-0.5423963787296444f,0.6640289856647479f,0f,0f,0f,1f],start_interpolation:0}
execute if entity @s[tag=aj.animal_alpha.bone.left_down_arm] run data modify entity @s {} merge value {transformation:[-0.8292668629533506f,0.2508292603069352f,0.4994007931325147f,0.4017844390741271f,-0.19149037677270897f,0.7119876539967969f,-0.6755775426696654f,-0.4527299905534254f,-0.5250218144143679f,-0.6558645155289415f,-0.5423963787296444f,0.29510519567971827f,0f,0f,0f,1f],start_interpolation:0}
execute if entity @s[tag=aj.animal_alpha.bone.left_upper_arm] run data modify entity @s {} merge value {transformation:[-0.8292668629533506f,-0.24663679272683262f,0.5014845585667922f,0.19022248438696895f,-0.19149037677270897f,0.9684261059923273f,0.15963180396144064f,-0.05297986627837081f,-0.5250218144143679f,0.03634789823303752f,-0.8503122512836598f,0.24537967435487618f,0f,0f,0f,1f],start_interpolation:0}
execute if entity @s[tag=aj.animal_alpha.bone.bone7] run data modify entity @s {} merge value {transformation:[-0.9762781029219071f,0.21340817388190758f,-0.03657891572465355f,-0.6308996228181144f,0.212821130460296f,0.9769005560087723f,0.019299484432312622f,-0.934093555704352f,0.03985263083917433f,0.011056897853416472f,-0.9991443903786157f,-0.12002371266235512f,0f,0f,0f,1f],start_interpolation:0}
execute if entity @s[tag=aj.animal_alpha.bone.left_down_arm2] run data modify entity @s {} merge value {transformation:[-0.971008213808976f,0.2157841539194838f,-0.10286033070505944f,-0.5159498069074709f,0.20291496439094908f,0.9715010935584723f,0.12251996751922678f,-0.3799666926077597f,0.12636679129313044f,0.09809599447451989f,-0.9871213754783823f,-0.12653980173783658f,0f,0f,0f,1f],start_interpolation:0}
execute if entity @s[tag=aj.animal_alpha.bone.left_upper_arm2] run data modify entity @s {} merge value {transformation:[-0.971008213808976f,0.23894621444770234f,0.006910522166546779f,-0.29003481136047915f,0.20291496439094908f,0.8086165204663628f,0.5522362176234843f,-0.0515613354525947f,0.12636679129313044f,0.5376281516345522f,-0.8336590457904798f,0.09287666569063874f,0f,0f,0f,1f],start_interpolation:0}
execute if entity @s[tag=aj.animal_alpha.bone.upperbody] run data modify entity @s {} merge value {transformation:[-0.982447989959563f,-0.06330255175729017f,0.17546718771733383f,-0.21280617404868393f,-0.02422274731021463f,0.9759868491971176f,0.2164784716941349f,-0.2940441260449857f,-0.18495730733647683f,0.20842854203611005f,-0.9603896799359839f,0.05232936189014102f,0f,0f,0f,1f],start_interpolation:0}
execute if entity @s[tag=aj.animal_alpha.bone.downbody] run data modify entity @s {} merge value {transformation:[-0.982447989959563f,-0.07835463950963777f,0.1692823011768483f,0f,-0.02422274731021463f,0.9534055825880563f,0.3007175645064226f,-0.785f,-0.18495730733647683f,0.2913388843893717f,-0.938569362863287f,0f,0f,0f,0f,1f],start_interpolation:0}