execute if entity @s[tag=aj.animal_alpha.bone.bone4] run data modify entity @s {} merge value {transformation:[-0.9996881983471421f,0.013863366651655287f,-0.020768080087650718f,0.16553722250277533f,-0.004862096468003919f,0.7077255976711263f,0.7064706918329895f,-1.410996489047247f,0.02449216412204373f,0.7063513895124217f,-0.7074375226339709f,-0.23918565633625485f,0f,0f,0f,1f],start_interpolation:0}
execute if entity @s[tag=aj.animal_alpha.bone.bone] run data modify entity @s {} merge value {transformation:[-0.9975651041738289f,-0.06485955600444053f,-0.025633979979018024f,0.125f,-0.06973205318058665f,0.9215943824755954f,0.381839278949463f,-0.835f,-0.001141794148562994f,0.3826970501380078f,-0.9238731861688537f,1.5308084989341915e-17f,0f,0f,0f,1f],start_interpolation:0}
execute if entity @s[tag=aj.animal_alpha.bone.bone5] run data modify entity @s {} merge value {transformation:[-0.9940289291900001f,0.10911544899788196f,0.0005538261211027393f,-0.1561378341043565f,0.10734633133564775f,0.9787978933277437f,-0.17444612109745622f,-1.2947586488711846f,-0.019576850670093057f,-0.17334503975355542f,-0.9846665649399696f,0.42222910851270334f,0f,0f,0f,1f],start_interpolation:0}
execute if entity @s[tag=aj.animal_alpha.bone.bone2] run data modify entity @s {} merge value {transformation:[-0.9975683886747196f,0.049820534566970415f,-0.04873627245065737f,-0.125f,0.06965705067877745f,0.7356138381938957f,-0.6738101931170077f,-0.835f,0.002281492418928599f,-0.6755665736203254f,-0.7372954627550857f,-1.5308084989341915e-17f,0f,0f,0f,1f],start_interpolation:0}
execute if entity @s[tag=aj.animal_alpha.bone.head] run data modify entity @s {} merge value {transformation:[-0.9710421561376618f,-0.08379187825469563f,0.2237320990427424f,-0.12367091652082396f,-0.018203207185519533f,0.9597042755969292f,0.28042172998741416f,0.011474385354932226f,-0.23821371549867196f,0.2682286795619056f,-0.9334385899505091f,0.2048097151345048f,0f,0f,0f,1f],start_interpolation:0}
execute if entity @s[tag=aj.animal_alpha.bone.bone6] run data modify entity @s {} merge value {transformation:[-0.6337625539129089f,0.5628938927274867f,0.530561486340541f,-0.03062121861856909f,-0.23236822500039406f,0.5156780639639564f,-0.8246703234363122f,-0.7900693666657206f,-0.7378008086658305f,-0.6459308011517044f,-0.19601879209801326f,0.803216392097846f,0f,0f,0f,1f],start_interpolation:0}
execute if entity @s[tag=aj.animal_alpha.bone.left_down_arm] run data modify entity @s {} merge value {transformation:[-0.6337625539129089f,0.5628938927274867f,0.530561486340541f,0.28600659604064216f,-0.23236822500039406f,0.5156780639639564f,-0.8246703234363122f,-0.5000004556859952f,-0.7378008086658305f,-0.6459308011517044f,-0.19601879209801326f,0.43988031645001224f,0f,0f,0f,1f],start_interpolation:0}
execute if entity @s[tag=aj.animal_alpha.bone.left_upper_arm] run data modify entity @s {} merge value {transformation:[-0.6337625539129089f,-0.21069831168581202f,0.7442790113328037f,0.11460576543898576f,-0.23236822500039406f,0.9696051415996809f,0.07662165094559731f,-0.10484423436118395f,-0.7378008086658305f,-0.1243868595801466f,-0.6634590235243136f,0.2932359643004693f,0f,0f,0f,1f],start_interpolation:0}
execute if entity @s[tag=aj.animal_alpha.bone.bone7] run data modify entity @s {} merge value {transformation:[-0.9179807920568422f,0.20239300021799686f,0.34109872306628564f,-0.5726490219776683f,0.32031415161463606f,0.8854784673633393f,0.3366403542525277f,-0.8717327317133816f,-0.23390192322870829f,0.4182881271308443f,-0.8776815669770456f,-0.5478520705330727f,0f,0f,0f,1f],start_interpolation:0}
execute if entity @s[tag=aj.animal_alpha.bone.left_down_arm2] run data modify entity @s {} merge value {transformation:[-0.9456405860535321f,0.17189412118893005f,0.27607298511266515f,-0.4587040172393536f,0.2831405637504276f,0.8527688143480495f,0.4388812714556314f,-0.36462019417662683f,-0.15998532172490812f,0.49319140338828604f,-0.8550829997470835f,-0.3238745936113546f,0f,0f,0f,1f],start_interpolation:0}
execute if entity @s[tag=aj.animal_alpha.bone.left_upper_arm2] run data modify entity @s {} merge value {transformation:[-0.9456405860535321f,0.0809215894020173f,0.31498504468781324f,-0.30509574861927957f,0.2831405637504276f,0.6813259296926851f,0.6750010360640109f,-0.1019326704048805f,-0.15998532172490812f,0.7274934184561738f,-0.6672016358909264f,0.014401942178834937f,0f,0f,0f,1f],start_interpolation:0}
execute if entity @s[tag=aj.animal_alpha.bone.upperbody] run data modify entity @s {} merge value {transformation:[-0.8935183382380714f,-0.11917677920233508f,0.43292248097232544f,-0.21945665767881634f,-0.02203014220129304f,0.9746092421315156f,0.22282616091119928f,-0.3442080970501786f,-0.4484859552615515f,0.18956191719538698f,-0.8734567118537376f,-0.0049581649161648395f,0f,0f,0f,1f],start_interpolation:0}
execute if entity @s[tag=aj.animal_alpha.bone.downbody] run data modify entity @s {} merge value {transformation:[-0.8935183382380714f,-0.15645495595831874f,0.420888139519702f,0f,-0.02203014220129304f,0.9514799801648053f,0.30692103248257935f,-0.835f,-0.4484859552615515f,0.26496734534969074f,-0.8536115356715088f,0f,0f,0f,0f,1f],start_interpolation:0}