execute if entity @s[tag=aj.animal_alpha.bone.bone4] run data modify entity @s {} merge value {transformation:[-0.9998945990023619f,0.002791096308029285f,-0.014247830266575187f,0.16774640966476095f,-0.005976417418405213f,0.8152229126833638f,0.5791164693486912f,-1.4855912156180455f,0.013231527528853699f,0.5791405808760529f,-0.8151203066184778f,-0.12639664501421677f,0f,0f,0f,1f],start_interpolation:0}
execute if entity @s[tag=aj.animal_alpha.bone.bone] run data modify entity @s {} merge value {transformation:[-0.9975664638146226f,-0.06839425546361752f,-0.013541642882858345f,0.125f,-0.0697196095093095f,0.9769459449888728f,0.20178155668858294f,-0.875f,-0.0005712462331094675f,0.20223463202274689f,-0.9793369324641878f,1.5308084989341915e-17f,0f,0f,0f,1f],start_interpolation:0}
execute if entity @s[tag=aj.animal_alpha.bone.bone5] run data modify entity @s {} merge value {transformation:[-0.9952242370211359f,0.09760259469355957f,0.0015657441625937796f,-0.16150124317019593f,0.09734344924137893f,0.9935223651763442f,-0.058630732420755505f,-1.4057033714212375f,-0.007278113456730768f,-0.058198311002020386f,-0.9982785110684409f,0.3280953989454321f,0f,0f,0f,1f],start_interpolation:0}
execute if entity @s[tag=aj.animal_alpha.bone.bone2] run data modify entity @s {} merge value {transformation:[-0.9975686595641853f,0.05840198907231351f,-0.03802600593951551f,-0.125f,0.06966952074649943f,0.84912539427398f,-0.5235763771199108f,-0.875f,0.0017109454309772898f,-0.5249526383126913f,-0.851129719957115f,-1.5308084989341915e-17f,0f,0f,0f,1f],start_interpolation:0}
execute if entity @s[tag=aj.animal_alpha.bone.head] run data modify entity @s {} merge value {transformation:[-0.9702256716865894f,-0.08476986295564293f,0.22688370663136606f,-0.12513322809622984f,-0.018182163427211462f,0.9595999813422728f,0.2807797797937308f,-0.028561668669445428f,-0.24151926410415464f,0.26829451381344216f,-0.9325698359502071f,0.20406917099148336f,0f,0f,0f,1f],start_interpolation:0}
execute if entity @s[tag=aj.animal_alpha.bone.bone6] run data modify entity @s {} merge value {transformation:[-0.6452147613147781f,0.4532586718298383f,0.6150239736730306f,0.044869885799655895f,-0.19206548495910175f,0.6829207614704788f,-0.7047908079990878f,-0.9289849372560479f,-0.7394651859749308f,-0.5728663107249654f,-0.3535752094921651f,0.7258883700041489f,0f,0f,0f,1f],start_interpolation:0}
execute if entity @s[tag=aj.animal_alpha.bone.left_down_arm] run data modify entity @s {} merge value {transformation:[-0.6452147613147781f,0.4532586718298383f,0.6150239736730306f,0.29982788870393995f,-0.19206548495910175f,0.6829207614704788f,-0.7047908079990878f,-0.5448420089289037f,-0.7394651859749308f,-0.5728663107249654f,-0.3535752094921651f,0.4036510702213558f,0f,0f,0f,1f],start_interpolation:0}
execute if entity @s[tag=aj.animal_alpha.bone.left_upper_arm] run data modify entity @s {} merge value {transformation:[-0.6452147613147781f,-0.24381965158763502f,0.7240510267109619f,0.11250494597000235f,-0.19206548495910175f,0.969038087842923f,0.15516453782084624f,-0.1448960311175126f,-0.7394651859749308f,-0.03895076134578129f,-0.6720670181772388f,0.29417696388571013f,0f,0f,0f,1f],start_interpolation:0}
execute if entity @s[tag=aj.animal_alpha.bone.bone7] run data modify entity @s {} merge value {transformation:[-0.944660292627615f,0.1994682682612154f,0.26044066788729514f,-0.5709589743441342f,0.22719354855598853f,0.9704936402199449f,0.08077862209259583f,-1.0133127539455946f,-0.2366432399779174f,0.1354787963096532f,-0.9621047098539959f,-0.33460045693866036f,0f,0f,0f,1f],start_interpolation:0}
execute if entity @s[tag=aj.animal_alpha.bone.left_down_arm2] run data modify entity @s {} merge value {transformation:[-0.9651932842967462f,0.1760103314279514f,0.19344840960597978f,-0.45986263731553784f,0.2119434887105615f,0.9597602981122545f,0.18422846620615652f,-0.4619333071195666f,-0.15323798987736784f,0.21881620917587324f,-0.9636584379645333f,-0.27174499165001503f,0f,0f,0f,1f],start_interpolation:0}
execute if entity @s[tag=aj.animal_alpha.bone.left_upper_arm2] run data modify entity @s {} merge value {transformation:[-0.9651932842967462f,0.07776470336787195f,0.24970898033224018f,-0.3051914190550006f,0.2119434887105615f,0.7919799177165517f,0.5725799223923944f,-0.1419350292073954f,-0.15323798987736784f,0.6055744882702632f,-0.7808954204082342f,0.012348595702896089f,0f,0f,0f,1f],start_interpolation:0}
execute if entity @s[tag=aj.animal_alpha.bone.upperbody] run data modify entity @s {} merge value {transformation:[-0.8902875844057646f,-0.12053022371832836f,0.4391588348460704f,-0.2194158891000582f,-0.02195048634724145f,0.9745758722790203f,0.22297992133980687f,-0.3842070918804479f,-0.4548694243429294f,0.18887650553204494f,-0.8702984961815892f,-0.006441191658682059f,0f,0f,0f,1f],start_interpolation:0}
execute if entity @s[tag=aj.animal_alpha.bone.downbody] run data modify entity @s {} merge value {transformation:[-0.8902875844057646f,-0.15834678426321608f,0.4269828017220915f,0f,-0.02195048634724145f,0.9514333361903129f,0.3070712994320549f,-0.875f,-0.4548694243429294f,0.26400928525199574f,-0.8505250755260908f,0f,0f,0f,0f,1f],start_interpolation:0}