execute if entity @s[tag=aj.animal_alpha.bone.bone4] run data modify entity @s {} merge value {transformation:[-0.9996229026575536f,-0.02328280312526982f,0.014558968408410426f,0.16405617592887767f,-0.023078311459222477f,0.999634794683202f,0.014059473633943664f,-1.3480120788979586f,-0.014880995352404622f,0.013718175436345847f,-0.9997951628408789f,0.28857798896445774f,0f,0f,0f,1f],start_interpolation:0}
execute if entity @s[tag=aj.animal_alpha.bone.bone] run data modify entity @s {} merge value {transformation:[-0.9975686688246401f,-0.06248988148620425f,0.030850700012734416f,0.125f,-0.06967443142850688f,0.8848193262367335f,-0.46069538040128766f,-0.795f,0.0014915041233189857f,-0.4617247823431324f,-0.8870219843868793f,1.5308084989341915e-17f,0f,0f,0f,1f],start_interpolation:0}
execute if entity @s[tag=aj.animal_alpha.bone.bone5] run data modify entity @s {} merge value {transformation:[-0.9988880312841275f,0.04179586147124019f,0.02181299890425358f,-0.16817001353180328f,0.04681304473372705f,0.9341492054383017f,0.3537990966943638f,-1.4131459204849768f,-0.0055892575605474785f,0.3544268160606172f,-0.9350670522786348f,-0.0815902624057857f,0f,0f,0f,1f],start_interpolation:0}
execute if entity @s[tag=aj.animal_alpha.bone.bone2] run data modify entity @s {} merge value {transformation:[-0.997566928323508f,0.06907202165088523f,0.00944877453750552f,-0.125f,0.06971441564466341f,0.9890334727759625f,0.13020249605918688f,-0.795f,-0.0003518046675067163f,0.13054441984925708f,-0.9914423990730358f,-1.5308084989341915e-17f,0f,0f,0f,1f],start_interpolation:0}
execute if entity @s[tag=aj.animal_alpha.bone.head] run data modify entity @s {} merge value {transformation:[-0.9981697762059561f,-0.006403194340165919f,-0.0601339918115642f,0.015439737360163824f,-0.021892368301556074f,0.965193862356807f,0.26061759779204874f,0.05490422820824864f,0.05637217468840659f,0.2614570847596048f,-0.9635675226728578f,0.22624061848522745f,0f,0f,0f,1f],start_interpolation:0}
execute if entity @s[tag=aj.animal_alpha.bone.bone6] run data modify entity @s {} merge value {transformation:[-0.9585216793347122f,-0.2500236236273391f,0.13683704861483156f,0.6461333962503923f,-0.23905579827409446f,0.9666654062657677f,0.09170778396937623f,-0.9301492413630013f,-0.1552047536543214f,0.05519220920830192f,-0.9863393455022507f,-0.07443672178129722f,0f,0f,0f,1f],start_interpolation:0}
execute if entity @s[tag=aj.animal_alpha.bone.left_down_arm] run data modify entity @s {} merge value {transformation:[-0.9585216793347122f,-0.2500236236273391f,0.13683704861483156f,0.5054951079600141f,-0.23905579827409446f,0.9666654062657677f,0.09170778396937623f,-0.3863999503385069f,-0.1552047536543214f,0.05519220920830192f,-0.9863393455022507f,-0.04339110410162739f,0f,0f,0f,1f],start_interpolation:0}
execute if entity @s[tag=aj.animal_alpha.bone.left_upper_arm] run data modify entity @s {} merge value {transformation:[-0.9585216793347122f,-0.2849913522394888f,0.004014896520548622f,0.26099618143839876f,-0.23905579827409446f,0.8115360452489934f,0.5331618633896833f,-0.06123490532633408f,-0.1552047536543214f,0.510087420360796f,-0.8460037281435406f,0.16037154809943072f,0f,0f,0f,1f],start_interpolation:0}
execute if entity @s[tag=aj.animal_alpha.bone.bone7] run data modify entity @s {} merge value {transformation:[-0.8894392259677568f,-0.2909226319306993f,-0.3525079935836806f,-0.2618371654582706f,0.08349713663273889f,0.6548563847964409f,-0.7511267159843735f,-0.8317569591130294f,0.44936187141769296f,-0.6975149729732335f,-0.5581637492655162f,0.6165399225688696f,0f,0f,0f,1f],start_interpolation:0}
execute if entity @s[tag=aj.animal_alpha.bone.left_down_arm2] run data modify entity @s {} merge value {transformation:[-0.8532385715951745f,-0.25909248747898656f,-0.45260912813837206f,-0.4358647601738488f,0.14342092756351274f,0.7178294653749697f,-0.6812865008029346f,-0.47055829113979225f,0.5014123826542858f,-0.6462135417734887f,-0.5753205028064927f,0.2170872738958764f,0f,0f,0f,1f],start_interpolation:0}
execute if entity @s[tag=aj.animal_alpha.bone.left_upper_arm2] run data modify entity @s {} merge value {transformation:[-0.8532385715951745f,0.19811952292688734f,-0.48242366709920925f,-0.24253264744393876f,0.14342092756351274f,0.9785045972075318f,0.1481863380360943f,-0.060390145806936135f,0.5014123826542858f,0.057248649581876934f,-0.8633123505672807f,0.17945701025616184f,0f,0f,0f,1f],start_interpolation:0}
execute if entity @s[tag=aj.animal_alpha.bone.upperbody] run data modify entity @s {} merge value {transformation:[-0.9870144164700185f,0.00957728031415767f,-0.16034593035725214f,-0.18323856649310202f,-0.024335334843197394f,0.9777837379630565f,0.20819883105594622f,-0.3033151218700004f,0.1587776217179807f,0.2093973196504125f,-0.9648535792361475f,0.11718407898618494f,0f,0f,0f,1f],start_interpolation:0}
execute if entity @s[tag=aj.animal_alpha.bone.downbody] run data modify entity @s {} merge value {transformation:[-0.9870144164700185f,0.0235159045279529f,-0.15890105070319993f,0f,-0.024335334843197394f,0.9559172518792503f,0.2926260395755844f,-0.795f,0.1587776217179807f,0.2926930299714263f,-0.9429318411463935f,0f,0f,0f,0f,1f],start_interpolation:0}