execute if entity @s[tag=aj.animal_alpha.bone.bone4] run data modify entity @s {} merge value {transformation:[-0.9996908160538265f,-0.021893813399625248f,0.011786994207886509f,0.16513621025851086f,-0.021029246461455382f,0.9973911803593878f,0.06905508043996822f,-1.4248772975630755f,-0.013268123111341961f,0.06878585811145715f,-0.9975432134163276f,0.25348362934968904f,0f,0f,0f,1f],start_interpolation:0}
execute if entity @s[tag=aj.animal_alpha.bone.bone] run data modify entity @s {} merge value {transformation:[-0.9975686437209386f,-0.06421793641361738f,0.027071344767920773f,0.125f,-0.06967856329737383f,0.9118036761009207f,-0.40467141493520525f,-0.855f,0.0013034115163319965f,-0.40557380695950246f,-0.9140613700549846f,1.5308084989341915e-17f,0f,0f,0f,1f],start_interpolation:0}
execute if entity @s[tag=aj.animal_alpha.bone.bone5] run data modify entity @s {} merge value {transformation:[-0.9986856663058222f,0.04762180371620964f,0.018950032351183428f,-0.16845953031312516f,0.05117667837844064f,0.9467834131817486f,0.31777683382220895f,-1.4770141872070444f,-0.002808470303518199f,0.31832896873318484f,-0.9479761495733008f,-0.042832465935578344f,0f,0f,0f,1f],start_interpolation:0}
execute if entity @s[tag=aj.animal_alpha.bone.bone2] run data modify entity @s {} merge value {transformation:[-0.9975672621470254f,0.06953524850100026f,0.004940314604561092f,-0.125f,0.06971033417583959f,0.9952226995312711f,0.06835384149250262f,-0.855f,-0.00016371188310590118f,0.06853194549692533f,-0.9976489090079865f,-1.5308084989341915e-17f,0f,0f,0f,1f],start_interpolation:0}
execute if entity @s[tag=aj.animal_alpha.bone.head] run data modify entity @s {} merge value {transformation:[-0.9899879623829746f,0.01472978720203264f,-0.14038115153320616f,0.054348680248861414f,-0.02240036462584389f,0.9655418304790337f,0.25928208048344936f,-0.00413645231496218f,0.13936304388694803f,0.2598307275211681f,-0.9555448367472794f,0.21642052639393153f,0f,0f,0f,1f],start_interpolation:0}
execute if entity @s[tag=aj.animal_alpha.bone.bone6] run data modify entity @s {} merge value {transformation:[-0.982020674043255f,-0.18851349217598107f,0.009902475410098213f,0.5868407750236562f,-0.1887571026727719f,0.9798947255292975f,-0.06463035718950738f,-1.032462220867305f,0.0024803109103362364f,-0.06533750949859496f,-0.9978601394535753f,-0.050301088669689985f,0f,0f,0f,1f],start_interpolation:0}
execute if entity @s[tag=aj.animal_alpha.bone.left_down_arm] run data modify entity @s {} merge value {transformation:[-0.982020674043255f,-0.18851349217598107f,0.009902475410098213f,0.48080193567466684f,-0.1887571026727719f,0.9798947255292975f,-0.06463035718950738f,-0.48127143775707526f,0.0024803109103362364f,-0.06533750949859496f,-0.9978601394535753f,-0.08705343776264965f,0f,0f,0f,1f],start_interpolation:0}
execute if entity @s[tag=aj.animal_alpha.bone.left_upper_arm] run data modify entity @s {} merge value {transformation:[-0.982020674043255f,-0.16767136986405473f,-0.08672777801571205f,0.284693127103736f,-0.1887571026727719f,0.8782066978977082f,0.43945847580651354f,-0.12065064526092437f,0.0024803109103362364f,0.447927792725027f,-0.8940662953955223f,0.10922501041834168f,0f,0f,0f,1f],start_interpolation:0}
execute if entity @s[tag=aj.animal_alpha.bone.bone7] run data modify entity @s {} merge value {transformation:[-0.8074481629109765f,-0.3658785644091227f,-0.46277461070980186f,-0.18086819852621008f,0.06263387408018897f,0.7268441364895563f,-0.6839404938066311f,-0.933135073810597f,0.5866041783258931f,-0.5812318619592967f,-0.5639725707992659f,0.5923029975132508f,0f,0f,0f,1f],start_interpolation:0}
execute if entity @s[tag=aj.animal_alpha.bone.left_down_arm2] run data modify entity @s {} merge value {transformation:[-0.7614163362066736f,-0.3241528210886161f,-0.5614001349642672f,-0.39829166882382333f,0.11625684564911239f,0.783687616842886f,-0.610178715661925f,-0.5304469590653439f,0.6377534859154627f,-0.5298666509485284f,-0.559027569459026f,0.2593137832635144f,0f,0f,0f,1f],start_interpolation:0}
execute if entity @s[tag=aj.animal_alpha.bone.left_upper_arm2] run data modify entity @s {} merge value {transformation:[-0.7614163362066736f,0.21789456298333426f,-0.6105465767489877f,-0.2077857554927804f,0.11625684564911239f,0.9724471336929351f,0.2020666177578904f,-0.11953344378082384f,0.6377534859154627f,0.08287660462818619f,-0.7657688682676902f,0.21585311204891303f,0f,0f,0f,1f],start_interpolation:0}
execute if entity @s[tag=aj.animal_alpha.bone.upperbody] run data modify entity @s {} merge value {transformation:[-0.9441725407269802f,0.04558950661496335f,-0.3262817957284211f,-0.16017234835108496f,-0.023279046936840183f,0.9786716374413775f,0.2041075991763298f,-0.3627464127076157f,0.3286279040356605f,0.2003083197333978f,-0.9229736061961423f,0.1452367881133348f,0f,0f,0f,1f],start_interpolation:0}
execute if entity @s[tag=aj.animal_alpha.bone.downbody] run data modify entity @s {} merge value {transformation:[-0.9441725407269802f,0.07385335703019527f,-0.3210668076779806f,0f,-0.023279046936840183f,0.957158346985213f,0.28862776160696496f,-0.855f,0.3286279040356605f,0.27998853628658643f,-0.9020033925863159f,0f,0f,0f,0f,1f],start_interpolation:0}