execute if entity @s[tag=aj.animal_alpha.bone.bone4] run data modify entity @s {} merge value {transformation:[-0.9996607709054616f,-0.026043356605521754f,-0.000294430664375395f,0.16738112958330567f,-0.02604429843939487f,0.9996533650939077f,0.003852813936075783f,-1.4099045166009134f,0.0001939883971577537f,0.003859175189585562f,-0.9999925345398123f,0.16413698948526678f,0f,0f,0f,1f],start_interpolation:0}
execute if entity @s[tag=aj.animal_alpha.bone.bone] run data modify entity @s {} merge value {transformation:[-0.9975683975164926f,-0.06780980733328906f,0.01609727634723344f,0.125f,-0.06965692405439214f,0.9625138932281282f,-0.2621353052797582f,-0.8083333333333333f,0.0022814924189285945f,-0.2626191831764268f,-0.9648968646545022f,1.5308084989341915e-17f,0f,0f,0f,1f],start_interpolation:0}
execute if entity @s[tag=aj.animal_alpha.bone.bone5] run data modify entity @s {} merge value {transformation:[-0.9995826685917514f,0.024441999256201878f,0.015397315459287405f,-0.1684048565184615f,0.027073726007557957f,0.9785453863821186f,0.20424480446351134f,-1.430045120632757f,-0.010074820646575514f,0.20457642939163379f,-0.9787987446489238f,-0.047068800320045165f,0f,0f,0f,1f],start_interpolation:0}
execute if entity @s[tag=aj.animal_alpha.bone.bone2] run data modify entity @s {} merge value {transformation:[-0.9975651406853099f,0.06944777042953837f,0.006387274212378671f,-0.125f,0.06973153085670993f,0.9947388596790775f,0.07504741600314017f,-0.8083333333333333f,-0.0011417941485629926f,0.07531008051207225f,-0.9971595098475406f,-1.5308084989341915e-17f,0f,0f,0f,1f],start_interpolation:0}
execute if entity @s[tag=aj.animal_alpha.bone.head] run data modify entity @s {} merge value {transformation:[-0.996880304811677f,-0.01796827140694639f,-0.07685570311449968f,0.005728677511779301f,-0.024042484920326207f,0.9965962215511628f,0.0788538528469076f,0.0683119790284138f,0.07517723589913167f,0.0804556549447718f,-0.9939191470084345f,0.07225357179218875f,0f,0f,0f,1f],start_interpolation:0}
execute if entity @s[tag=aj.animal_alpha.bone.bone6] run data modify entity @s {} merge value {transformation:[-0.9825494522065416f,-0.15178230763578857f,0.10751141826512997f,0.5354057412617588f,-0.16259600606679142f,0.9815943686630376f,-0.10017501794430088f,-1.0157569328363945f,-0.0903278073449855f,-0.11590783622243965f,-0.9891442062320738f,0.062228345944431135f,0f,0f,0f,1f],start_interpolation:0}
execute if entity @s[tag=aj.animal_alpha.bone.left_down_arm] run data modify entity @s {} merge value {transformation:[-0.9825494522065416f,-0.15178230763578857f,0.10751141826512997f,0.4500281932166277f,-0.16259600606679142f,0.9815943686630376f,-0.10017501794430088f,-0.46361010046343587f,-0.0903278073449855f,-0.11590783622243965f,-0.9891442062320738f,-0.0029698119306911623f,0f,0f,0f,1f],start_interpolation:0}
execute if entity @s[tag=aj.animal_alpha.bone.left_upper_arm] run data modify entity @s {} merge value {transformation:[-0.9825494522065416f,-0.17087671998199783f,0.0734691808639431f,0.25245094669868595f,-0.16259600606679142f,0.9808872535997434f,0.10687719371634444f,-0.05479642777189703f,-0.0903278073449855f,0.09306633276189079f,-0.9915541058996731f,0.02645573273451287f,0f,0f,0f,1f],start_interpolation:0}
execute if entity @s[tag=aj.animal_alpha.bone.bone7] run data modify entity @s {} merge value {transformation:[-0.9209959200440838f,-0.07776627905276506f,-0.38173147774900473f,-0.3918793670515421f,0.1259042666563311f,0.8678716358101187f,-0.4805693908209305f,-0.9509009672466874f,0.3686660153850405f,-0.49066407000977375f,-0.7895151293683744f,0.37599522512832384f,0f,0f,0f,1f],start_interpolation:0}
execute if entity @s[tag=aj.animal_alpha.bone.left_down_arm2] run data modify entity @s {} merge value {transformation:[-0.8837570425180904f,-0.04420026440931207f,-0.4658538681022461f,-0.4458578825381705f,0.1605577022669839f,0.9064535044170384f,-0.39059348250171405f,-0.46543296366846043f,0.4395392064906436f,-0.4199861675772395f,-0.7939879753506083f,0.09012875740671364f,0f,0f,0f,1f],start_interpolation:0}
execute if entity @s[tag=aj.animal_alpha.bone.left_upper_arm2] run data modify entity @s {} merge value {transformation:[-0.8837570425180904f,0.19295887830767625f,-0.4263101700428004f,-0.25096874296380084f,0.1605577022669839f,0.9807568083039965f,0.11107343160317285f,-0.05642157281883495f,0.4395392064906436f,0.029714546060836223f,-0.8977317704693166f,0.048186470496999034f,0f,0f,0f,1f],start_interpolation:0}
execute if entity @s[tag=aj.animal_alpha.bone.upperbody] run data modify entity @s {} merge value {transformation:[-0.9859901378319026f,-0.0017978778314476224f,-0.16679393194456696f,-0.188894889891445f,-0.007291679889921106f,0.9994506141823287f,0.032331118368361986f,-0.30582849637129705f,0.1666441703229026f,0.033094371815601875f,-0.9854615583834421f,0.029497616897917155f,0f,0f,0f,1f],start_interpolation:0}
execute if entity @s[tag=aj.animal_alpha.bone.downbody] run data modify entity @s {} merge value {transformation:[-0.9859901378319026f,0.012746012660926278f,-0.1663159260548224f,0f,-0.007291679889921106f,0.9928295602177175f,0.11931594932060287f,-0.8083333333333333f,0.1666441703229026f,0.11885707180955309f,-0.9788272150784582f,0f,0f,0f,0f,1f],start_interpolation:0}