execute if entity @s[tag=aj.animal_alpha.bone.bone4] run data modify entity @s {} merge value {transformation:[-0.9996554556303447f,-0.026247667842915753f,0.0001730933159979249f,0.1668748966699782f,-0.026082250109813875f,0.9940526920429005f,0.10573060896198147f,-1.42532214477007f,-0.0029472457816056667f,0.10568966541280328f,-0.9943947950221947f,0.12467461628252284f,0f,0f,0f,1f],start_interpolation:0}
execute if entity @s[tag=aj.animal_alpha.bone.bone] run data modify entity @s {} merge value {transformation:[-0.9975683938850521f,-0.06699983467196512f,0.019191708509845733f,0.125f,-0.06969019535594084f,0.9619430992593252f,-0.2642134562406213f,-0.8241077077329917f,-0.0007590736778124497f,-0.2649084671000405f,-0.9642732641040395f,-0.04089317565500249f,0f,0f,0f,1f],start_interpolation:0}
execute if entity @s[tag=aj.animal_alpha.bone.bone5] run data modify entity @s {} merge value {transformation:[-0.9994702179018475f,0.02186644274196897f,0.02410689131857725f,-0.16751790174166248f,0.029243779644077803f,0.9284629995891823f,0.3702718727448612f,-1.4283009700652873f,-0.014285827920079517f,0.3707806859528558f,-0.9286105739463489f,-0.19506103801205782f,0f,0f,0f,1f],start_interpolation:0}
execute if entity @s[tag=aj.animal_alpha.bone.bone2] run data modify entity @s {} merge value {transformation:[-0.9975651406853099f,0.06802864278665997f,0.015358836222285881f,-0.125f,0.06971496625183415f,0.9667092197316732f,0.24619729479887703f,-0.8241077077329917f,0.0019009392424822798f,0.24666857977128853f,-0.9690980333194428f,-0.040893175655002514f,0f,0f,0f,1f],start_interpolation:0}
execute if entity @s[tag=aj.animal_alpha.bone.head] run data modify entity @s {} merge value {transformation:[-0.9859171170533962f,-0.0034692845100293378f,-0.1671986912810867f,0.042309980040869055f,-0.04034833690050677f,0.975184357682105f,0.21768665609426674f,0.03533451484782496f,0.16229433141820715f,0.22136718952258674f,-0.9615909303817234f,0.1416700509347878f,0f,0f,0f,1f],start_interpolation:0}
execute if entity @s[tag=aj.animal_alpha.bone.bone6] run data modify entity @s {} merge value {transformation:[-0.939855868974586f,-0.25277973659549985f,-0.2297245096212761f,0.6096894674176966f,-0.31718263569404664f,0.8954520239793762f,0.3123473200868169f,-0.8831303434186835f,0.1267522038001855f,0.36642608738727733f,-0.921773183225596f,-0.45643086374857933f,0f,0f,0f,1f],start_interpolation:0}
execute if entity @s[tag=aj.animal_alpha.bone.left_down_arm] run data modify entity @s {} merge value {transformation:[-0.939855868974586f,-0.25277973659549985f,-0.2297245096212761f,0.4675008655827279f,-0.31718263569404664f,0.8954520239793762f,0.3123473200868169f,-0.37943857993028435f,0.1267522038001855f,0.36642608738727733f,-0.921773183225596f,-0.2503161895932358f,0f,0f,0f,1f],start_interpolation:0}
execute if entity @s[tag=aj.animal_alpha.bone.left_upper_arm] run data modify entity @s {} merge value {transformation:[-0.939855868974586f,-0.1796668219002664f,-0.29050090991644767f,0.27141464737953813f,-0.31718263569404664f,0.7746691417965592f,0.547067542779098f,-0.08016865985604554f,0.1267522038001855f,0.6063064850852583f,-0.7850645355481013f,0.03078692310658785f,0f,0f,0f,1f],start_interpolation:0}
execute if entity @s[tag=aj.animal_alpha.bone.bone7] run data modify entity @s {} merge value {transformation:[-0.7836095705200203f,-0.45026198671316675f,-0.4280422693035601f,-0.12008495235857913f,0.13071007425745246f,0.5540838124087761f,-0.822135028638342f,-0.7931040878627649f,0.6073474437890067f,-0.7001823135067528f,-0.37533160055515036f,0.6778235537035794f,0f,0f,0f,1f],start_interpolation:0}
execute if entity @s[tag=aj.animal_alpha.bone.left_down_arm2] run data modify entity @s {} merge value {transformation:[-0.7400430738558235f,-0.4112422620073678f,-0.532180468240885f,-0.38467000400277884f,0.19738491865702557f,0.623629145279926f,-0.756390033675873f,-0.4895870707475486f,0.642942798952429f,-0.664805603989988f,-0.3803394091843808f,0.2800991883851873f,0f,0f,0f,1f],start_interpolation:0}
execute if entity @s[tag=aj.animal_alpha.bone.left_upper_arm2] run data modify entity @s {} merge value {transformation:[-0.7400430738558235f,0.17185872502827587f,-0.6502313645693198f,-0.21697642757093022f,0.19738491865702557f,0.9797259294318484f,0.034297187722318406f,-0.08563009145324307f,0.642942798952429f,-0.10296446877712727f,-0.7589617088132052f,0.15468438342614052f,0f,0f,0f,1f],start_interpolation:0}
execute if entity @s[tag=aj.animal_alpha.bone.upperbody] run data modify entity @s {} merge value {transformation:[-0.9314560514694118f,0.03007476422947082f,-0.3626087874521992f,-0.16627911541145968f,-0.03115107862721192f,0.9863275548853883f,0.16182572346253446f,-0.3302650377603894f,0.3625179091870824f,0.16202920425143474f,-0.9177839083838163f,0.09151971303908918f,0f,0f,0f,1f],start_interpolation:0}
execute if entity @s[tag=aj.animal_alpha.bone.downbody] run data modify entity @s {} merge value {transformation:[-0.9314560514694118f,0.06156375886898225f,-0.3586077631269773f,5.007969667286928e-18f,-0.03115107862721192f,0.9684702396345646f,0.24717403836675542f,-0.8241077077329917f,0.3625179091870824f,0.241402772428344f,-0.9001696878825323f,-0.0408931756550025f,0f,0f,0f,1f],start_interpolation:0}