execute if entity @s[tag=aj.animal_alpha.bone.bone4] run data modify entity @s {} merge value {transformation:[-0.9996435919933696f,-0.025583421705156335f,-0.007627418990043341f,0.1682924075053961f,-0.026174099524178283f,0.9954686466904296f,0.09141712077298808f,-1.405455171565621f,0.00525409370795276f,0.09158417980295946f,-0.9957834767202793f,0.07231598940553813f,0f,0f,0f,1f],start_interpolation:0}
execute if entity @s[tag=aj.animal_alpha.bone.bone] run data modify entity @s {} merge value {transformation:[-0.997568399095379f,-0.06926785200863377f,0.007697649277070558f,0.125f,-0.06967764393360273f,0.988817517004769f,-0.13185197761272022f,-0.7874442234376403f,0.001521532827397132f,-0.13206772029013453f,-0.9912395281642181f,-0.010226335775795958f,0f,0f,0f,1f],start_interpolation:0}
execute if entity @s[tag=aj.animal_alpha.bone.bone5] run data modify entity @s {} merge value {transformation:[-0.9996159442377346f,0.025204142402299397f,0.011520209697183939f,-0.16856128096748302f,0.026719299268116708f,0.9868535802803009f,0.15939287981140415f,-1.4106499202843017f,-0.007351399344566587f,0.15963947598797906f,-0.987148010499925f,-0.028721584309923838f,0f,0f,0f,1f],start_interpolation:0}
execute if entity @s[tag=aj.animal_alpha.bone.bone2] run data modify entity @s {} merge value {transformation:[-0.9975651406853099f,0.06969804954797282f,0.002443763226319348f,-0.125f,0.0697398369743321f,0.9971291149546583f,0.029493783218391925f,-0.7874442234376403f,-0.00038108829890590265f,0.029592397654604558f,-0.9995619764540666f,-0.01022633577579599f,0f,0f,0f,1f],start_interpolation:0}
execute if entity @s[tag=aj.animal_alpha.bone.head] run data modify entity @s {} merge value {transformation:[-0.9989965385404906f,-0.013279763297377057f,-0.042773401441594076f,0.00039942412134155725f,-0.015605101225303956f,0.9983919720334847f,0.05449725676433306f,0.09062064279696208f,0.041980909945666285f,0.055110054126767706f,-0.9975973562185692f,0.04233154863148564f,0f,0f,0f,1f],start_interpolation:0}
execute if entity @s[tag=aj.animal_alpha.bone.bone6] run data modify entity @s {} merge value {transformation:[-0.9788845814015454f,-0.20441205840939877f,-0.0008286562338239364f,0.5747438366601808f,-0.20369177118313422f,0.9757596613370904f,-0.080017158532433f,-0.981803441008647f,0.01716504140976674f,-0.07815877227899225f,-0.9967931418650722f,0.006235925122362672f,0f,0f,0f,1f],start_interpolation:0}
execute if entity @s[tag=aj.animal_alpha.bone.left_down_arm] run data modify entity @s {} merge value {transformation:[-0.9788845814015454f,-0.20441205840939877f,-0.0008286562338239364f,0.459762053804894f,-0.20369177118313422f,0.9757596613370904f,-0.080017158532433f,-0.43293863150653367f,0.01716504140976674f,-0.07815877227899225f,-0.9967931418650722f,-0.03772838428457047f,0f,0f,0f,1f],start_interpolation:0}
execute if entity @s[tag=aj.animal_alpha.bone.left_upper_arm] run data modify entity @s {} merge value {transformation:[-0.9788845814015454f,-0.20014321847608646f,-0.04156523057021143f,0.24983882304641297f,-0.20369177118313422f,0.9721238535312136f,0.11612439772890706f,-0.033095916984519524f,0.01716504140976674f,0.12213887789584946f,-0.9923645780960463f,0.01785300497108451f,0f,0f,0f,1f],start_interpolation:0}
execute if entity @s[tag=aj.animal_alpha.bone.bone7] run data modify entity @s {} merge value {transformation:[-0.9574726615308108f,0.05826651642116638f,-0.2825793967812367f,-0.48758666062711464f,0.19024682077927418f,0.8638170090672588f,-0.46650436442703763f,-0.9172490777044564f,0.2169153051411643f,-0.5004250072790501f,-0.8381661902542229f,0.3600735865025194f,0f,0f,0f,1f],start_interpolation:0}
execute if entity @s[tag=aj.animal_alpha.bone.left_down_arm2] run data modify entity @s {} merge value {transformation:[-0.9297370899904392f,0.08267321194669547f,-0.35882319256498285f,-0.4635094284424099f,0.223465029890333f,0.9011884589309351f,-0.37137951196289626f,-0.4335417890534864f,0.2926641828311462f,-0.42546974218633116f,-0.856342907118214f,0.06722542482781978f,0f,0f,0f,1f],start_interpolation:0}
execute if entity @s[tag=aj.animal_alpha.bone.left_upper_arm2] run data modify entity @s {} merge value {transformation:[-0.9297370899904392f,0.2136957793474867f,-0.2998717348887358f,-0.25380038872907956f,0.223465029890333f,0.9747103584897124f,0.0017599627749455646f,-0.03503913595052882f,0.2926641828311462f,-0.06537454353130798f,-0.9539779060050869f,0.0020410391789792617f,0f,0f,0f,1f],start_interpolation:0}
execute if entity @s[tag=aj.animal_alpha.bone.upperbody] run data modify entity @s {} merge value {transformation:[-0.9956689094158971f,-0.00417737256877718f,-0.092876113080704f,-0.1905267387483917f,-0.005103546751753322f,0.9999395717553596f,0.009736870557877766f,-0.28470505721738415f,0.09282982620424729f,0.010168696874714417f,-0.9956300623076623f,-0.006302999177464798f,0f,0f,0f,1f],start_interpolation:0}
execute if entity @s[tag=aj.animal_alpha.bone.downbody] run data modify entity @s {} merge value {transformation:[-0.9956689094158971f,0.0039332102140945254f,-0.0928867734393322f,1.2523649374834604e-18f,-0.005103546751753322f,0.9952858756093101f,0.09685029490487705f,-0.7874442234376403f,0.09282982620424729f,0.0969048794954141f,-0.9909551290027558f,-0.010226335775795974f,0f,0f,0f,1f],start_interpolation:0}