execute if entity @s[tag=aj.animal_alpha.bone.bone4] run data modify entity @s {} merge value {transformation:[-0.9996881983471421f,0.013863366651655287f,-0.020768080087650718f,0.16553722250277533f,-0.004862096468003919f,0.7077255976711263f,0.7064706918329895f,-1.390996489047247f,0.02449216412204373f,0.7063513895124217f,-0.7074375226339709f,-0.23918565633625485f,0f,0f,0f,1f],start_interpolation:0}
execute if entity @s[tag=aj.animal_alpha.bone.bone] run data modify entity @s {} merge value {transformation:[-0.9975651041738289f,-0.06485955600444053f,-0.025633979979018024f,0.125f,-0.06973205318058665f,0.9215943824755954f,0.381839278949463f,-0.8150000000000001f,-0.001141794148562994f,0.3826970501380078f,-0.9238731861688537f,1.5308084989341915e-17f,0f,0f,0f,1f],start_interpolation:0}
execute if entity @s[tag=aj.animal_alpha.bone.bone5] run data modify entity @s {} merge value {transformation:[-0.9940289291900001f,0.10911544899788196f,0.0005538261211027393f,-0.1561378341043565f,0.10734633133564775f,0.9787978933277437f,-0.17444612109745622f,-1.2747586488711848f,-0.019576850670093057f,-0.17334503975355542f,-0.9846665649399696f,0.42222910851270334f,0f,0f,0f,1f],start_interpolation:0}
execute if entity @s[tag=aj.animal_alpha.bone.bone2] run data modify entity @s {} merge value {transformation:[-0.9975683886747196f,0.049820534566970415f,-0.04873627245065737f,-0.125f,0.06965705067877745f,0.7356138381938957f,-0.6738101931170077f,-0.8150000000000001f,0.002281492418928599f,-0.6755665736203254f,-0.7372954627550857f,-1.5308084989341915e-17f,0f,0f,0f,1f],start_interpolation:0}
execute if entity @s[tag=aj.animal_alpha.bone.head] run data modify entity @s {} merge value {transformation:[-0.9770217894811946f,-0.0762699930400286f,0.19902590545112125f,-0.11209025565900246f,-0.018404539134649373f,0.9604842697877087f,0.27772511667044575f,0.03175991234934611f,-0.2123433441815539f,0.2676805104075483f,-0.9398177741082303f,0.21022327533604587f,0f,0f,0f,1f],start_interpolation:0}
execute if entity @s[tag=aj.animal_alpha.bone.bone6] run data modify entity @s {} merge value {transformation:[-0.673909186204077f,0.5259795407581457f,0.5188370952944759f,0.014214085276103627f,-0.23335806032937167f,0.5147679221253941f,-0.8249593941704145f,-0.7689639297897573f,-0.7009924567561852f,-0.6770225321616367f,-0.22416526607923354f,0.8036116185045779f,0f,0f,0f,1f],start_interpolation:0}
execute if entity @s[tag=aj.animal_alpha.bone.left_down_arm] run data modify entity @s {} merge value {transformation:[-0.673909186204077f,0.5259795407581457f,0.5188370952944759f,0.31007757695256055f,-0.23335806032937167f,0.5147679221253941f,-0.8249593941704145f,-0.47940697359422313f,-0.7009924567561852f,-0.6770225321616367f,-0.22416526607923354f,0.4227864441636573f,0f,0f,0f,1f],start_interpolation:0}
execute if entity @s[tag=aj.animal_alpha.bone.left_upper_arm] run data modify entity @s {} merge value {transformation:[-0.673909186204077f,-0.21734380064584763f,0.7061218599296986f,0.13075101589449262f,-0.23335806032937167f,0.9694412937405811f,0.07568086726446521f,-0.08444616512389039f,-0.7009924567561852f,-0.11377719591994817f,-0.7040343210806712f,0.28538486385415684f,0f,0f,0f,1f],start_interpolation:0}
execute if entity @s[tag=aj.animal_alpha.bone.bone7] run data modify entity @s {} merge value {transformation:[-0.9296077201295291f,0.2253689260025558f,0.2916133293730481f,-0.6023062251252052f,0.3200274838789625f,0.8860449503224226f,0.33542026708330547f,-0.852463944912566f,-0.18278921258564362f,0.40513354983337313f,-0.8957984765346111f,-0.5150162629912731f,0f,0f,0f,1f],start_interpolation:0}
execute if entity @s[tag=aj.animal_alpha.bone.left_down_arm2] run data modify entity @s {} merge value {transformation:[-0.9531012739063023f,0.19909555288175151f,0.22794499885036656f,-0.47606841420107204f,0.2829566167542864f,0.853439479271898f,0.43769465184655754f,-0.34504832208171354f,-0.10739420241871403f,0.48166587593768895f,-0.8697496589502218f,-0.29843856146071196f,0f,0f,0f,1f],start_interpolation:0}
execute if entity @s[tag=aj.animal_alpha.bone.left_upper_arm2] run data modify entity @s {} merge value {transformation:[-0.9531012739063023f,0.12133642047961632f,0.27726419664893204f,-0.30384607100295213f,0.2829566167542864f,0.6823223775970857f,0.6740710096608723f,-0.08190185897727434f,-0.10739420241871403f,0.7209116770419618f,-0.6846552703305471f,0.030384572547485562f,0f,0f,0f,1f],start_interpolation:0}
execute if entity @s[tag=aj.animal_alpha.bone.upperbody] run data modify entity @s {} merge value {transformation:[-0.9171359450105627f,-0.10845828240683503f,0.38353416972538634f,-0.2194105038380832f,-0.022612446126557953f,0.974873512039008f,0.22160846735832018f,-0.32420695910411645f,-0.3979325767636469f,0.19457244538240603f,-0.8965440467975653f,0.0066122472496119855f,0f,0f,0f,1f],start_interpolation:0}
execute if entity @s[tag=aj.animal_alpha.bone.downbody] run data modify entity @s {} merge value {transformation:[-0.9171359450105627f,-0.14147277132934874f,0.37262194425714656f,0f,-0.022612446126557953f,0.9518493734315546f,0.30573100526137403f,-0.8150000000000001f,-0.3979325767636469f,0.2719710007893316f,-0.8761743200299206f,0f,0f,0f,0f,1f],start_interpolation:0}