execute if entity @s[tag=aj.animal_alpha.bone.bone4] run data modify entity @s {} merge value {transformation:[-0.9999367740923064f,-0.010846083638260434f,-0.0029682128602297906f,0.16843800547407606f,-0.011188546826704058f,0.9332453112978657f,0.3590654611076597f,-1.4589862348060425f,-0.0011243832880407445f,0.35907596885653803f,-0.9333076579306312f,0.049929947196475005f,0f,0f,0f,1f],start_interpolation:0}
execute if entity @s[tag=aj.animal_alpha.bone.bone] run data modify entity @s {} merge value {transformation:[-0.9975678941096053f,-0.06950080875852171f,0.005285283685736793f,0.125f,-0.06970090141645942f,0.9943779756896679f,-0.07971339790180276f,-0.8374999999999999f,0.00028457593069656335f,-0.07988791551435999f,-0.9968038121773563f,1.5308084989341915e-17f,0f,0f,0f,1f],start_interpolation:0}
execute if entity @s[tag=aj.animal_alpha.bone.bone5] run data modify entity @s {} merge value {transformation:[-0.9970190209159424f,0.07684676512507144f,0.0069026532309977295f,-0.16684648819863634f,0.07712874005121263f,0.9902836815610818f,0.11571252089528672f,-1.438560315419858f,0.002056548061138088f,0.11589997723745155f,-0.9932587607901732f,0.1661335867692685f,0f,0f,0f,1f],start_interpolation:0}
execute if entity @s[tag=aj.animal_alpha.bone.bone2] run data modify entity @s {} merge value {transformation:[-0.9975684567311348f,0.06695438111781817f,-0.019346446293621297f,-0.125f,0.0696881833460327f,0.9616965046717729f,-0.26511014692769547f,-0.8374999999999999f,0.0008551239627980846f,-0.26581373883082965f,-0.9640240271963058f,-1.5308084989341915e-17f,0f,0f,0f,1f],start_interpolation:0}
execute if entity @s[tag=aj.animal_alpha.bone.head] run data modify entity @s {} merge value {transformation:[-0.9924455663957011f,-0.051313702226886894f,0.11143922875400047f,-0.06972712949785956f,-0.019494040402777146f,0.9627466505671088f,0.2697014445837997f,0.010304396444951625f,-0.12112712384223016f,0.26549160209992306f,-0.9564739563020653f,0.22388888505057197f,0f,0f,0f,1f],start_interpolation:0}
execute if entity @s[tag=aj.animal_alpha.bone.bone6] run data modify entity @s {} merge value {transformation:[-0.8318641251258194f,0.1550589111232914f,0.5328778578716836f,0.31209134333365085f,-0.1348012592924621f,0.8749681059415836f,-0.46503702441651307f,-0.9981852050804327f,-0.5383592646382352f,-0.4586802237575294f,-0.7069524414781528f,0.5076191575597858f,0f,0f,0f,1f],start_interpolation:0}
execute if entity @s[tag=aj.animal_alpha.bone.left_down_arm] run data modify entity @s {} merge value {transformation:[-0.8318641251258194f,0.1550589111232914f,0.5328778578716836f,0.39931198084050223f,-0.1348012592924621f,0.8749681059415836f,-0.46503702441651307f,-0.506015645488292f,-0.5383592646382352f,-0.4586802237575294f,-0.7069524414781528f,0.2496115316961755f,0f,0f,0f,1f],start_interpolation:0}
execute if entity @s[tag=aj.animal_alpha.bone.left_upper_arm] run data modify entity @s {} merge value {transformation:[-0.8318641251258194f,-0.25648302646386545f,0.4921570221632433f,0.18311764112183368f,-0.1348012592924621f,0.953624601490039f,0.269125881189697f,-0.10565503974795773f,-0.5383592646382352f,0.1575327793473491f,-0.8278603297714403f,0.25123721458086135f,0f,0f,0f,1f],start_interpolation:0}
execute if entity @s[tag=aj.animal_alpha.bone.bone7] run data modify entity @s {} merge value {transformation:[-0.9956973211357778f,0.06325907967839065f,-0.0677136140024939f,-0.5081109358753846f,0.08260391890620669f,0.9370709362133106f,-0.33922655126868617f,-1.0212381420414038f,0.04199330023197219f,-0.34336037823626764f,-0.9382644687896237f,0.151217003626745f,0f,0f,0f,1f],start_interpolation:0}
execute if entity @s[tag=aj.animal_alpha.bone.left_down_arm2] run data modify entity @s {} merge value {transformation:[-0.9865097431635758f,0.06891999010429162f,-0.14848758065023537f,-0.4786239152323603f,0.10462451572396902f,0.9630706404271172f,-0.24809000837766015f,-0.4950165323247543f,0.12590566846993337f,-0.2602786516626496f,-0.957289290724498f,-0.055020318603776514f,0f,0f,0f,1f],start_interpolation:0}
execute if entity @s[tag=aj.animal_alpha.bone.left_upper_arm2] run data modify entity @s {} merge value {transformation:[-0.9865097431635758f,0.14338229324642404f,-0.07899395310232471f,-0.2925804440416028f,0.10462451572396902f,0.9233611371171899f,0.36940211311141025f,-0.10412409930147987f,0.12590566846993337f,0.35615407964116674f,-0.9259060612190054f,0.08505888268049228f,0f,0f,0f,1f],start_interpolation:0}
execute if entity @s[tag=aj.animal_alpha.bone.upperbody] run data modify entity @s {} merge value {transformation:[-0.9767545664959474f,-0.06924903196565124f,0.2028671693525943f,-0.2142210256441933f,-0.02408237310282795f,0.9758402357489308f,0.21715403196626978f,-0.3465790099197858f,-0.21300365286785614f,0.20722066949339712f,-0.9548240874630562f,0.046566443611384f,0f,0f,0f,1f],start_interpolation:0}
execute if entity @s[tag=aj.animal_alpha.bone.downbody] run data modify entity @s {} merge value {transformation:[-0.9767545664959474f,-0.08666655731620788f,0.19605974771041204f,0f,-0.02408237310282795f,0.9532006480910148f,0.3013777758637913f,-0.8374999999999999f,-0.21300365286785614f,0.28965053482054176f,-0.9331302221786217f,0f,0f,0f,0f,1f],start_interpolation:0}