execute if entity @s[tag=aj.animal_alpha.bone.bone4] run data modify entity @s {} merge value {transformation:[-0.9998663609862201f,-0.016076150244495914f,0.0029694379081209674f,0.16761975532766105f,-0.014874209127199537f,0.9699602076757367f,0.2428084706687189f,-1.4336978610582882f,-0.0067836620651478136f,0.24273185394372573f,-0.970069703170874f,0.13526074966107102f,0f,0f,0f,1f],start_interpolation:0}
execute if entity @s[tag=aj.animal_alpha.bone.bone] run data modify entity @s {} merge value {transformation:[-0.9975683261061231f,-0.0681916085242577f,0.014399280423059635f,0.125f,-0.06969176871537248f,0.9739165776932615f,-0.21593878083282872f,-0.825f,0.0007015148968859218f,-0.21641719945771357f,-0.9763007239860727f,1.5308084989341915e-17f,0f,0f,0f,1f],start_interpolation:0}
execute if entity @s[tag=aj.animal_alpha.bone.bone5] run data modify entity @s {} merge value {transformation:[-0.9977966218575361f,0.0654102492568339f,0.011108586851973485f,-0.16815259114008915f,0.06631057563660585f,0.9776397848871885f,0.19955790779739474f,-1.4431504222575686f,0.00219293602983586f,0.1998548230538617f,-0.9798230660347197f,0.0815653685131494f,0f,0f,0f,1f],start_interpolation:0}
execute if entity @s[tag=aj.animal_alpha.bone.bone2] run data modify entity @s {} merge value {transformation:[-0.9975680931020263f,0.06904414582414263f,-0.009529194729957101f,-0.125f,0.0696972568948282f,0.9890406756121098f,-0.13015696049799874f,-0.825f,0.0004381850331051314f,-0.13050458962103906f,-0.9914476083393015f,-1.5308084989341915e-17f,0f,0f,0f,1f],start_interpolation:0}
execute if entity @s[tag=aj.animal_alpha.bone.head] run data modify entity @s {} merge value {transformation:[-0.9981503687607546f,-0.03486520074223353f,0.049802199951142156f,-0.0391769659342385f,-0.02042482525688451f,0.9639091173981671f,0.26544686833698405f,0.023557626030486944f,-0.05725965295035866f,0.2639386882855377f,-0.9628383566155404f,0.2284196154323877f,0f,0f,0f,1f],start_interpolation:0}
execute if entity @s[tag=aj.animal_alpha.bone.bone6] run data modify entity @s {} merge value {transformation:[-0.9014824345597002f,-0.011739152908335632f,0.4326564601035219f,0.4556321139764684f,-0.14609570767606642f,0.9492155790515718f,-0.27865001109710813f,-1.0095859368337523f,-0.40741313721938943f,-0.3144073421133543f,-0.8574162109770675f,0.32534531649452025f,0f,0f,0f,1f],start_interpolation:0}
execute if entity @s[tag=aj.animal_alpha.bone.left_down_arm] run data modify entity @s {} merge value {transformation:[-0.9014824345597002f,-0.011739152908335632f,0.4326564601035219f,0.4490288404655296f,-0.14609570767606642f,0.9492155790515718f,-0.27865001109710813f,-0.4756521736172432f,-0.40741313721938943f,-0.3144073421133543f,-0.8574162109770675f,0.14849118655575846f,0f,0f,0f,1f],start_interpolation:0}
execute if entity @s[tag=aj.animal_alpha.bone.left_upper_arm] run data modify entity @s {} merge value {transformation:[-0.9014824345597002f,-0.27718553849687727f,0.33241178894334034f,0.21507486305318324f,-0.14609570767606642f,0.9178217568987307f,0.36913312877870585f,-0.09236711843355683f,-0.40741313721938943f,0.28420309606252264f,-0.867895809305202f,0.22190339893068844f,0f,0f,0f,1f],start_interpolation:0}
execute if entity @s[tag=aj.animal_alpha.bone.bone7] run data modify entity @s {} merge value {transformation:[-0.9791639381537595f,-0.06491062521598967f,-0.19241775633576547f,-0.4203336500771455f,0.048217663219001526f,0.8461240478806868f,-0.53080048281035f,-0.9735019548720564f,0.19726388207910645f,-0.5290186256948528f,-0.8253643162234537f,0.36586771412587255f,0f,0f,0f,1f],start_interpolation:0}
execute if entity @s[tag=aj.animal_alpha.bone.left_down_arm2] run data modify entity @s {} merge value {transformation:[-0.9582383582569698f,-0.047893308218707714f,-0.2819316934877224f,-0.46489436679315127f,0.08769318596665787f,0.889166600756818f,-0.44910206104357053f,-0.5014146207615694f,0.2721932289753078f,-0.4550703100911259f,-0.847833626941962f,0.05690106301574162f,0f,0f,0f,1f],start_interpolation:0}
execute if entity @s[tag=aj.animal_alpha.bone.left_upper_arm2] run data modify entity @s {} merge value {transformation:[-0.9582383582569698f,0.1519206797546516f,-0.24227949939660964f,-0.27864927461836997f,0.08769318596665787f,0.9625043420944226f,0.2567007919434611f,-0.09128061934109175f,0.2721932289753078f,0.22473428423867056f,-0.9356309890056699f,0.1211981587482465f,0f,0f,0f,1f],start_interpolation:0}
execute if entity @s[tag=aj.animal_alpha.bone.upperbody] run data modify entity @s {} merge value {transformation:[-0.9965206731921363f,-0.0409732855151011f,0.07257918279224036f,-0.20612341116508615f,-0.02456971636445775f,0.9765373884412656f,0.2139417163951035f,-0.33387935917862954f,-0.07964218064858301f,0.21141409331076022f,-0.9741463977304067f,0.07332227171109289f,0f,0f,0f,1f],start_interpolation:0}
execute if entity @s[tag=aj.animal_alpha.bone.downbody] run data modify entity @s {} merge value {transformation:[-0.9965206731921363f,-0.04714306237781878f,0.068731939957581f,0f,-0.02456971636445775f,0.9541751196564241f,0.2982384449839069f,-0.825f,-0.07964218064858301f,0.2955120516972021f,-0.9520135242543819f,0f,0f,0f,0f,1f],start_interpolation:0}