execute if entity @s[tag=aj.animal_alpha.bone.bone4] run data modify entity @s {} merge value {transformation:[-0.9996016246257727f,-0.023659314233232524f,0.015389246100081803f,0.16370495412773106f,-0.023699824226735746f,0.9997161045990484f,-0.0024553079086857554f,-1.4125302847312586f,-0.015326786262538937f,-0.002819052202032768f,-0.9998785639104104f,0.29889381697866735f,0f,0f,0f,1f],start_interpolation:0}
execute if entity @s[tag=aj.animal_alpha.bone.bone] run data modify entity @s {} merge value {transformation:[-0.9975686694703007f,-0.061927926604369715f,0.03196375443745257f,0.125f,-0.06967319138736999f,0.8760484555700139f,-0.4771632319189026f,-0.865f,0.0015479318954281466f,-0.4782301071658677f,-0.8782332084970198f,1.5308084989341915e-17f,0f,0f,0f,1f],start_interpolation:0}
execute if entity @s[tag=aj.animal_alpha.bone.bone5] run data modify entity @s {} merge value {transformation:[-0.9989405410339017f,0.0400261904953306f,0.022709019206635844f,-0.16804755467014354f,0.045553634368453506f,0.9300865341329406f,0.36450501425961124f,-1.4815165310503557f,-0.006531605830199916f,0.3651533145118713f,-0.9309244840620926f,-0.09316262651169124f,0f,0f,0f,1f],start_interpolation:0}
execute if entity @s[tag=aj.animal_alpha.bone.bone2] run data modify entity @s {} merge value {transformation:[-0.9975668212910974f,0.06887608747222967f,0.010794518687440895f,-0.125f,0.06971563960404518f,0.986426449680569f,0.14866939485040867f,-0.865f,-0.000408232500702682f,0.14906020241870596f,-0.9888280383368585f,-1.5308084989341915e-17f,0f,0f,0f,1f],start_interpolation:0}
execute if entity @s[tag=aj.animal_alpha.bone.head] run data modify entity @s {} merge value {transformation:[-0.9844326935445551f,0.023941292196160837f,-0.17412376750056294f,0.07022473783383976f,-0.022376616592839245f,0.9655461996249904f,0.25926786036760385f,-0.013745020162732768f,0.17433174957668823f,0.2591280589162746f,-0.9499795209223274f,0.21022332308050465f,0f,0f,0f,1f],start_interpolation:0}
execute if entity @s[tag=aj.animal_alpha.bone.bone6] run data modify entity @s {} merge value {transformation:[-0.9709018653991675f,-0.21690624978038575f,-0.10149505687778915f,0.5995339113277112f,-0.2241048548798846f,0.9723422982360125f,0.06578350158189672f,-1.0148219627786599f,0.08441908423859307f,0.08661485939097513f,-0.9926586947934315f,-0.20470220496280533f,0f,0f,0f,1f],start_interpolation:0}
execute if entity @s[tag=aj.animal_alpha.bone.left_down_arm] run data modify entity @s {} merge value {transformation:[-0.9709018653991675f,-0.21690624978038575f,-0.10149505687778915f,0.47752414582624414f,-0.2241048548798846f,0.9723422982360125f,0.06578350158189672f,-0.467879420020903f,0.08441908423859307f,0.08661485939097513f,-0.9926586947934315f,-0.15598134655538182f,0f,0f,0f,1f],start_interpolation:0}
execute if entity @s[tag=aj.animal_alpha.bone.left_upper_arm] run data modify entity @s {} merge value {transformation:[-0.9709018653991675f,-0.14671563021827128f,-0.18927253264558025f,0.29197332443085455f,-0.2241048548798846f,0.835248865215511f,0.5021318025931709f,-0.13047114834910248f,0.08441908423859307f,0.5299375972752421f,-0.843824366328954f,0.08641873778236075f,0f,0f,0f,1f],start_interpolation:0}
execute if entity @s[tag=aj.animal_alpha.bone.bone7] run data modify entity @s {} merge value {transformation:[-0.7533016183458812f,-0.45491042588149283f,-0.4749665001047919f,-0.10405354583539228f,0.0782781899465505f,0.6550391489768318f,-0.7515292664204103f,-0.9006818449523383f,0.6530001506708618f,-0.6033077305422391f,-0.45783248627833834f,0.651295948361291f,0f,0f,0f,1f],start_interpolation:0}
execute if entity @s[tag=aj.animal_alpha.bone.left_down_arm2] run data modify entity @s {} merge value {transformation:[-0.7057409888884232f,-0.4117832962729123f,-0.5765103412024848f,-0.3717135463140607f,0.1382554033206423f,0.7180466186647224f,-0.6821249862575081f,-0.5394134335945262f,0.6948489764369212f,-0.5611092320883464f,-0.4498236650175146f,0.30755802624800155f,0f,0f,0f,1f],start_interpolation:0}
execute if entity @s[tag=aj.animal_alpha.bone.left_upper_arm2] run data modify entity @s {} merge value {transformation:[-0.7057409888884232f,0.210918563334732f,-0.6763453380068521f,-0.19121905124406258f,0.1382554033206423f,0.9773037157039045f,0.1605082263436629f,-0.12912498338914824f,0.6948489764369212f,0.019768836894330025f,-0.7188839218068577f,0.22935077033465578f,0f,0f,0f,1f],start_interpolation:0}
execute if entity @s[tag=aj.animal_alpha.bone.upperbody] run data modify entity @s {} merge value {transformation:[-0.9171361533041464f,0.06028361383217435f,-0.3939887843655024f,-0.148968945120597f,-0.022612451262140586f,0.9790339280152393f,0.2024382494563929f,-0.37247018718907426f,0.3979320964063975f,0.19457248957235634f,-0.8965442504144594f,0.15583689191616684f,0f,0f,0f,1f],start_interpolation:0}
execute if entity @s[tag=aj.animal_alpha.bone.downbody] run data modify entity @s {} merge value {transformation:[-0.9171361533041464f,0.0943926016170446f,-0.3872354749534693f,0f,-0.022612451262140586f,0.9576647523488093f,0.2869963399707583f,-0.865f,0.3979320964063975f,0.2719710625575075f,-0.876174519020583f,0f,0f,0f,0f,1f],start_interpolation:0}