execute if entity @s[tag=aj.animal_alpha.bone.bone4] run data modify entity @s {} merge value {transformation:[-1f,0f,1.2246467991473532e-16f,0.12499999999999996f,0f,1f,0f,-1.4368908773652742f,-1.2246467991473532e-16f,0f,-1f,0.31249999999999994f,0f,0f,0f,1f],start_interpolation:0}
execute if entity @s[tag=aj.animal_alpha.bone.bone] run data modify entity @s {} merge value {transformation:[-1f,6.123233995736765e-17f,1.0605752387249069e-16f,0.125f,0f,0.8660254037844387f,-0.49999999999999994f,-0.895625f,-1.2246467991473532e-16f,-0.49999999999999994f,-0.8660254037844387f,1.5308084989341915e-17f,0f,0f,0f,1f],start_interpolation:0}
execute if entity @s[tag=aj.animal_alpha.bone.bone5] run data modify entity @s {} merge value {transformation:[-1f,-8.273593852918141e-17f,9.029043306084034e-17f,-0.12499999999999999f,0f,0.737277336810124f,0.6755902076156604f,-1.51112984563263f,-1.2246467991473532e-16f,0.6755902076156604f,-0.737277336810124f,-0.10853011104183147f,0f,0f,0f,1f],start_interpolation:0}
execute if entity @s[tag=aj.animal_alpha.bone.bone2] run data modify entity @s {} merge value {transformation:[-1f,-2.1265768495757713e-17f,1.2060416625018976e-16f,-0.125f,0f,0.984807753012208f,0.17364817766693033f,-0.895625f,-1.2246467991473532e-16f,0.17364817766693033f,-0.984807753012208f,-1.5308084989341915e-17f,0f,0f,0f,1f],start_interpolation:0}
execute if entity @s[tag=aj.animal_alpha.bone.head] run data modify entity @s {} merge value {transformation:[-1f,0f,1.1102230246251565e-16f,0f,0f,1f,0f,-0.020625000000000004f,-1.1102230246251565e-16f,0f,-1f,0f,0f,0f,0f,1f],start_interpolation:0}
execute if entity @s[tag=aj.animal_alpha.bone.bone6] run data modify entity @s {} merge value {transformation:[-0.9220411876474444f,-0.18766225110629176f,-0.3385600800321996f,0.514165779830734f,-0.23214480803042709f,0.9679628692456932f,0.09569050039665003f,-1.0664234462766495f,0.3097560917660966f,0.16682554741814648f,-0.9360664508155547f,-0.34376630451387447f,0f,0f,0f,1f],start_interpolation:0}
execute if entity @s[tag=aj.animal_alpha.bone.left_down_arm] run data modify entity @s {} merge value {transformation:[-0.9220411876474444f,-0.18766225110629176f,-0.3385600800321996f,0.4086057635834449f,-0.23214480803042709f,0.9679628692456932f,0.09569050039665003f,-0.5219443323259472f,0.3097560917660966f,0.16682554741814648f,-0.9360664508155547f,-0.24992693409116706f,0f,0f,0f,1f],start_interpolation:0}
execute if entity @s[tag=aj.animal_alpha.bone.left_upper_arm] run data modify entity @s {} merge value {transformation:[-0.9220411876474444f,-0.11263225908007095f,-0.3703431145521813f,0.2440740017799833f,-0.23214480803042709f,0.9264855618965727f,0.2961980616103154f,-0.145625f,0.3097560917660966f,0.3590800437391527f,-0.880404841991502f,-0.05410990348452568f,0f,0f,0f,1f],start_interpolation:0}
execute if entity @s[tag=aj.animal_alpha.bone.bone7] run data modify entity @s {} merge value {transformation:[-0.9545696911994975f,0.015480187149347104f,-0.2975853969016576f,-0.49642293116512876f,0.2723366185635431f,0.4506692991348078f,-0.850135253360732f,-0.7124724399832704f,0.12095234943014188f,-0.892556747004448f,-0.43441107553119146f,0.41806532174331756f,0f,0f,0f,1f],start_interpolation:0}
execute if entity @s[tag=aj.animal_alpha.bone.left_down_arm2] run data modify entity @s {} merge value {transformation:[-0.9545696911994975f,0.015480187149347104f,-0.2975853969016576f,-0.5063144131999746f,0.2723366185635431f,0.4506692991348078f,-0.850135253360732f,-0.5121044125549867f,0.12095234943014188f,-0.892556747004448f,-0.43441107553119146f,-0.11114854066738387f,0f,0f,0f,1f],start_interpolation:0}
execute if entity @s[tag=aj.animal_alpha.bone.left_upper_arm2] run data modify entity @s {} merge value {transformation:[-0.9545696911994975f,0.2957525123403947f,-0.0364301535495061f,-0.25760147765111474f,0.2723366185635431f,0.915477691143839f,0.29619818231603134f,-0.145625f,0.12095234943014188f,0.2728205425958433f,-0.9544314960776591f,-0.006908596960470151f,0f,0f,0f,1f],start_interpolation:0}
execute if entity @s[tag=aj.animal_alpha.bone.upperbody] run data modify entity @s {} merge value {transformation:[-0.9762960071199334f,0f,-0.21643961393810274f,-0.19658297720611892f,0f,1f,0f,-0.395625f,0.21643961393810274f,0f,-0.9762960071199334f,-0.020436072831601572f,0f,0f,0f,1f],start_interpolation:0}
execute if entity @s[tag=aj.animal_alpha.bone.downbody] run data modify entity @s {} merge value {transformation:[-0.9762960071199334f,0f,-0.21643961393810274f,0f,0f,1f,0f,-0.895625f,0.21643961393810274f,0f,-0.9762960071199334f,0f,0f,0f,0f,1f],start_interpolation:0}