execute if entity @s[tag=aj.animal_alpha.bone.bone4] run data modify entity @s {} merge value {transformation:[-0.9997165184696558f,-0.021280645382199957f,0.010677866408002962f,0.16552854709598783f,-0.020221979904840575f,0.9956452163311875f,0.09100370720773415f,-1.3810067409297584f,-0.012567984231304972f,0.09076198173761874f,-0.995793306084863f,0.2391624370041552f,0f,0f,0f,1f],start_interpolation:0}
execute if entity @s[tag=aj.animal_alpha.bone.bone] run data modify entity @s {} merge value {transformation:[-0.9975686237926616f,-0.06484567535358052f,0.025531925355387865f,0.125f,-0.06968021535493586f,0.9216107854876134f,-0.38180915083454187f,-0.8049999999999999f,0.0012281744602528303f,-0.3826598992066483f,-0.9238884635748262f,1.5308084989341915e-17f,0f,0f,0f,1f],start_interpolation:0}
execute if entity @s[tag=aj.animal_alpha.bone.bone5] run data modify entity @s {} merge value {transformation:[-0.998593581632557f,0.04991914604854444f,0.017858823590761245f,-0.16852402688442136f,0.0529850847620761f,0.9514427307087295f,0.3032314478649464f,-1.4278858413235374f,-0.0018545929519575156f,0.30375122886879025f,-0.9527495743613231f,-0.02727430590194916f,0f,0f,0f,1f],start_interpolation:0}
execute if entity @s[tag=aj.animal_alpha.bone.bone2] run data modify entity @s {} merge value {transformation:[-0.9975673857897631f,0.06963844301507417f,0.0031301857795179647f,-0.125f,0.0697087008973311f,0.99661734611766f,0.04352657161549589f,-0.8049999999999999f,-0.00008847476735117775f,0.04363888944311863f,-0.9990473659944191f,-1.5308084989341915e-17f,0f,0f,0f,1f],start_interpolation:0}
execute if entity @s[tag=aj.animal_alpha.bone.head] run data modify entity @s {} merge value {transformation:[-0.9995983535278659f,-0.015869558150019464f,-0.023479538932924905f,-0.0026885614156008653f,-0.021468601466141025f,0.9648725396312444f,0.2618398010552268f,0.0444572659212909f,0.01849948041074645f,0.2622387068868284f,-0.964825699199009f,0.22841962498793272f,0f,0f,0f,1f],start_interpolation:0}
execute if entity @s[tag=aj.animal_alpha.bone.bone6] run data modify entity @s {} merge value {transformation:[-0.9480376472746477f,-0.19406261793450297f,0.2521196534789735f,0.604896847058453f,-0.20827618934807365f,0.9775880870285717f,-0.030701157151855785f,-0.9676861163318737f,-0.2405112228163085f,-0.08161637348121198f,-0.9672089325886002f,0.06842318145123566f,0f,0f,0f,1f],start_interpolation:0}
execute if entity @s[tag=aj.animal_alpha.bone.left_down_arm] run data modify entity @s {} merge value {transformation:[-0.9480376472746477f,-0.19406261793450297f,0.2521196534789735f,0.4957366244702951f,-0.20827618934807365f,0.9775880870285717f,-0.030701157151855785f,-0.41779281737830226f,-0.2405112228163085f,-0.08161637348121198f,-0.9672089325886002f,0.022513971368053914f,0f,0f,0f,1f],start_interpolation:0}
execute if entity @s[tag=aj.animal_alpha.bone.left_upper_arm] run data modify entity @s {} merge value {transformation:[-0.9480376472746477f,-0.2968917194793213f,0.11436750523886823f,0.24734179128876105f,-0.20827618934807365f,0.85087035403822f,0.4823283835412544f,-0.07157156115509022f,-0.2405112228163085f,0.43344543776983746f,-0.868492604560291f,0.18208244754031924f,0f,0f,0f,1f],start_interpolation:0}
execute if entity @s[tag=aj.animal_alpha.bone.bone7] run data modify entity @s {} merge value {transformation:[-0.9272665654378135f,-0.20480414253706047f,-0.31341981402078045f,-0.326450648757662f,0.07111561819801479f,0.7255358337797295f,-0.6845000531408795f,-0.8836385419742514f,0.3675857525387449f,-0.6570030571475387f,-0.6582003474849527f,0.5426651406626628f,0f,0f,0f,1f],start_interpolation:0}
execute if entity @s[tag=aj.animal_alpha.bone.left_down_arm2] run data modify entity @s {} merge value {transformation:[-0.8949699288734111f,-0.17670846425983175f,-0.4096375777089467f,-0.45145150851062654f,0.12476483542815693f,0.7824330614292454f,-0.6101083839966827f,-0.4816517189200935f,0.42832529957137316f,-0.5971370219986284f,-0.6782070588733967f,0.16438762460884704f,0f,0f,0f,1f],start_interpolation:0}
execute if entity @s[tag=aj.animal_alpha.bone.left_upper_arm2] run data modify entity @s {} merge value {transformation:[-0.8949699288734111f,0.19079335188458563f,-0.4032700376781869f,-0.25610817595194396f,0.12476483542815693f,0.9749084939113093f,0.18435608029074455f,-0.07072485726241529f,0.42832529957137316f,0.11467922818116288f,-0.8963180866025555f,0.16101912449168415f,0f,0f,0f,1f],start_interpolation:0}
execute if entity @s[tag=aj.animal_alpha.bone.upperbody] run data modify entity @s {} merge value {transformation:[-0.9965207148798789f,-0.007201391875137329f,-0.08303375681224862f,-0.1920252833031672f,-0.02456971739228992f,0.9773700513956292f,0.21010500142111865f,-0.31353176277430445f,0.07964165871299982f,0.21141410215490825f,-0.9741464384821596f,0.10318799528339462f,0f,0f,0f,1f],start_interpolation:0}
execute if entity @s[tag=aj.animal_alpha.bone.downbody] run data modify entity @s {} merge value {transformation:[-0.9965207148798789f,0.00006288034320716906f,-0.08334543095669597f,0f,-0.02456971739228992f,0.9553390058201272f,0.29448890122697996f,-0.8049999999999999f,0.07964165871299982f,0.2955120640594448f,-0.9520135640802438f,0f,0f,0f,0f,1f],start_interpolation:0}