execute if entity @s[tag=aj.animal_alpha.bone.bone4] run data modify entity @s {} merge value {transformation:[-0.9996881983471421f,0.006976645643195568f,-0.02397566476689609f,0.16553722250277533f,-0.004862096468003919f,0.8874097331913491f,0.4609558823306135f,-1.390996489047247f,0.02449216412204373f,0.46092872751958935f,-0.8870991162456374f,-0.23918565633625485f,0f,0f,0f,1f],start_interpolation:0}
execute if entity @s[tag=aj.animal_alpha.bone.bone] run data modify entity @s {} merge value {transformation:[-0.9975651041738289f,-0.06485955600444053f,-0.025633979979018024f,0.125f,-0.06973205318058665f,0.9215943824755954f,0.381839278949463f,-0.8150000000000001f,-0.001141794148562994f,0.3826970501380078f,-0.9238731861688537f,1.5308084989341915e-17f,0f,0f,0f,1f],start_interpolation:0}
execute if entity @s[tag=aj.animal_alpha.bone.bone5] run data modify entity @s {} merge value {transformation:[-0.9940289291900001f,0.10911544899788196f,0.0005538261211027393f,-0.1561378341043565f,0.10734633133564775f,0.9787978933277437f,-0.17444612109745622f,-1.2747586488711848f,-0.019576850670093057f,-0.17334503975355542f,-0.9846665649399696f,0.42222910851270334f,0f,0f,0f,1f],start_interpolation:0}
execute if entity @s[tag=aj.animal_alpha.bone.bone2] run data modify entity @s {} merge value {transformation:[-0.9975683886747196f,0.049820534566970415f,-0.04873627245065737f,-0.125f,0.06965705067877745f,0.7356138381938957f,-0.6738101931170077f,-0.8150000000000001f,0.002281492418928599f,-0.6755665736203254f,-0.7372954627550857f,-1.5308084989341915e-17f,0f,0f,0f,1f],start_interpolation:0}
execute if entity @s[tag=aj.animal_alpha.bone.head] run data modify entity @s {} merge value {transformation:[-0.9806241464861181f,-0.07135493035288157f,0.18244110623077264f,-0.10420986041761406f,-0.018571869149664477f,0.9609714504406127f,0.2760234720351742f,0.03195420744138927f,-0.19501633009740588f,0.26728700932218963f,-0.9436770028155499f,0.21346961272662995f,0f,0f,0f,1f],start_interpolation:0}
execute if entity @s[tag=aj.animal_alpha.bone.bone6] run data modify entity @s {} merge value {transformation:[-0.6995060402461328f,0.5004313907665089f,0.5101565669426134f,0.04408636830311119f,-0.233989163587492f,0.5141380196900333f,-0.8251734169450908f,-0.7682274136884091f,-0.6752335677251253f,-0.6965848978012001f,-0.2425471277349827f,0.8024847105557545f,0f,0f,0f,1f],start_interpolation:0}
execute if entity @s[tag=aj.animal_alpha.bone.left_down_arm] run data modify entity @s {} merge value {transformation:[-0.6995060402461328f,0.5004313907665089f,0.5101565669426134f,0.32557902560927243f,-0.233989163587492f,0.5141380196900333f,-0.8251734169450908f,-0.47902477761276535f,-0.6752335677251253f,-0.6965848978012001f,-0.2425471277349827f,0.41065570554257946f,0f,0f,0f,1f],start_interpolation:0}
execute if entity @s[tag=aj.animal_alpha.bone.left_upper_arm] run data modify entity @s {} merge value {transformation:[-0.6995060402461328f,-0.22144090078939382f,0.6794521521908348f,0.14126037648314607f,-0.233989163587492f,0.9693402776842646f,0.07502331226104722f,-0.08418705157433609f,-0.6752335677251253f,-0.10650518070298047f,-0.7298741504537779f,0.27965549301938486f,0f,0f,0f,1f],start_interpolation:0}
execute if entity @s[tag=aj.animal_alpha.bone.bone7] run data modify entity @s {} merge value {transformation:[-0.9357673870575073f,0.24026313900111249f,0.25809498514480556f,-0.6210402785179907f,0.31987561420541605f,0.8864121746045582f,0.3345938555166932f,-0.8529258423830348f,-0.14838796701981283f,0.39566030979888567f,-0.9063299236445727f,-0.49222829060946527f,0f,0f,0f,1f],start_interpolation:0}
execute if entity @s[tag=aj.animal_alpha.bone.left_down_arm2] run data modify entity @s {} merge value {transformation:[-0.956440440026423f,0.216854405090047f,0.19543759023049773f,-0.4868448262654332f,0.282874287940974f,0.8538773326686755f,0.4368931654037572f,-0.34531401991917005f,-0.07213752077767172f,0.4731465605366585f,-0.8780253472129271f,-0.2809599345084028f,0f,0f,0f,1f],start_interpolation:0}
execute if entity @s[tag=aj.animal_alpha.bone.left_upper_arm2] run data modify entity @s {} merge value {transformation:[-0.956440440026423f,0.1480485051553501f,0.25160151987483786f,-0.30251855025666463f,0.282874287940974f,0.6829809774251092f,0.6734382835103223f,-0.08186912828830656f,-0.07213752077767172f,0.7152752089907135f,-0.6951097420546933f,0.04099015952224333f,0f,0f,0f,1f],start_interpolation:0}
execute if entity @s[tag=aj.animal_alpha.bone.upperbody] run data modify entity @s {} merge value {transformation:[-0.931298661797166f,-0.10116457161174919f,0.3499264665403563f,-0.2190212409914045f,-0.022961635003174365f,0.9750533421321516f,0.2207798526018675f,-0.32419736163364604f,-0.363532069909642f,0.1975770974772446f,-0.9103887766771286f,0.014316639522284805f,0f,0f,0f,1f],start_interpolation:0}
execute if entity @s[tag=aj.animal_alpha.bone.downbody] run data modify entity @s {} merge value {transformation:[-0.931298661797166f,-0.13127771097273558f,0.3397778173109109f,0f,-0.022961635003174365f,0.952100737751452f,0.30492121685957163f,-0.8150000000000001f,-0.363532069909642f,0.2761708669916141f,-0.8897044938474299f,0f,0f,0f,0f,1f],start_interpolation:0}