execute if entity @s[tag=aj.animal_alpha.bone.bone4] run data modify entity @s {} merge value {transformation:[-0.9999487113233515f,-0.009616086475863758f,-0.0031789312130975976f,0.1685446124643827f,-0.010089967215973538f,0.9730038327174768f,0.23056828506687782f,-1.4149450481332377f,0.0008759476864944778f,0.2305885348363816f,-0.9730509546358099f,-0.002263424280602666f,0f,0f,0f,1f],start_interpolation:0}
execute if entity @s[tag=aj.animal_alpha.bone.bone] run data modify entity @s {} merge value {transformation:[-0.9975677064910656f,-0.06967137994301234f,0.0021377050759213206f,0.125f,-0.06969871486399926f,0.9974040624558528f,-0.01808937099150304f,-0.7915675090983298f,-0.000871844287777309f,-0.01819436762840966f,-0.9998340886737859f,-0.013634904048358704f,0f,0f,0f,1f],start_interpolation:0}
execute if entity @s[tag=aj.animal_alpha.bone.bone5] run data modify entity @s {} merge value {transformation:[-0.9967324950239131f,0.08057186450395276f,0.005701579935576063f,-0.16619890534753193f,0.08073447378376446f,0.9915781240225401f,0.10126583186247357f,-1.386894219971641f,0.0025056149472202135f,0.10139525930879012f,-0.9948430646506208f,0.17214388246649123f,0f,0f,0f,1f],start_interpolation:0}
execute if entity @s[tag=aj.animal_alpha.bone.bone2] run data modify entity @s {} merge value {transformation:[-0.9975685413005133f,0.06591824855605108f,-0.022622774252259833f,-0.125f,0.06966319466687564f,0.9525227373972978f,-0.2963907455538442f,-0.7915675090983298f,0.002011148023152048f,-0.29724605842375995f,-0.9547987934822537f,-0.013634904048358735f,0f,0f,0f,1f],start_interpolation:0}
execute if entity @s[tag=aj.animal_alpha.bone.head] run data modify entity @s {} merge value {transformation:[-0.9977706286589281f,-0.03646408698868662f,0.055894033184669914f,-0.042209521087574586f,-0.019405526665108964f,0.9598661897774429f,0.2797862099121102f,0.05350731390687652f,-0.06385294136073319f,0.27807780940271926f,-0.958433896415067f,0.226838171203039f,0f,0f,0f,1f],start_interpolation:0}
execute if entity @s[tag=aj.animal_alpha.bone.bone6] run data modify entity @s {} merge value {transformation:[-0.879295813092857f,0.15189090517882997f,0.45140671904760943f,0.34203134189597373f,-0.1708881490041664f,0.7840602149781487f,-0.5966965894140411f,-0.9040962957116152f,-0.4445628342622686f,-0.6018128714246438f,-0.6634645086063938f,0.5697358369270049f,0f,0f,0f,1f],start_interpolation:0}
execute if entity @s[tag=aj.animal_alpha.bone.left_down_arm] run data modify entity @s {} merge value {transformation:[-0.879295813092857f,0.15189090517882997f,0.45140671904760943f,0.42746997605906556f,-0.1708881490041664f,0.7840602149781487f,-0.5966965894140411f,-0.46306242478640663f,-0.4445628342622686f,-0.6018128714246438f,-0.6634645086063938f,0.2312160967506428f,0f,0f,0f,1f],start_interpolation:0}
execute if entity @s[tag=aj.animal_alpha.bone.left_upper_arm] run data modify entity @s {} merge value {transformation:[-0.879295813092857f,-0.24103157567804764f,0.410782975065337f,0.21210668506331257f,-0.1708881490041664f,0.9647224158256833f,0.20026957066261172f,-0.062357386488191f,-0.4445628342622686f,0.1058982527221983f,-0.8894658208515288f,0.221976228033821f,0f,0f,0f,1f],start_interpolation:0}
execute if entity @s[tag=aj.animal_alpha.bone.bone7] run data modify entity @s {} merge value {transformation:[-0.9744743397434362f,0.16319470428614524f,-0.154166305250375f,-0.6005348604186125f,0.1753944753633403f,0.9820722868101366f,-0.06907098878347703f,-0.9605754258922505f,0.1401304363570341f,-0.09434782441829928f,-0.9856276928099783f,-0.00013584259015937683f,0f,0f,0f,1f],start_interpolation:0}
execute if entity @s[tag=aj.animal_alpha.bone.left_down_arm2] run data modify entity @s {} merge value {transformation:[-0.9586204688239872f,0.1760101780072668f,-0.2237570423238771f,-0.5155139504347672f,0.17326412972695215f,0.9843551385928333f,0.03200785022218311f,-0.40487516979489535f,0.22589010182307884f,-0.008085688822486337f,-0.9741192347626777f,-0.0655664947254753f,0f,0f,0f,1f],start_interpolation:0}
execute if entity @s[tag=aj.animal_alpha.bone.left_upper_arm2] run data modify entity @s {} merge value {transformation:[-0.9586204688239872f,0.2638861583972348f,-0.10682177754572601f,-0.2802361975329786f,0.17326412972695215f,0.8385282991657129f,0.5165750989432402f,-0.059677055125764905f,0.22589010182307884f,0.47669108120942005f,-0.8495523968501019f,0.11474959057576112f,0f,0f,0f,1f],start_interpolation:0}
execute if entity @s[tag=aj.animal_alpha.bone.upperbody] run data modify entity @s {} merge value {transformation:[-0.9953747890223481f,-0.04378007116240114f,0.08551219063812551f,-0.2070802554284816f,-0.02318802706512329f,0.9732936572907864f,0.2283895183198038f,-0.3015512177568913f,-0.09322738213391567f,0.22535030962157546f,-0.969807142257633f,0.06423872455373698f,0f,0f,0f,1f],start_interpolation:0}
execute if entity @s[tag=aj.animal_alpha.bone.downbody] run data modify entity @s {} merge value {transformation:[-0.9953747890223481f,-0.05106635326310851f,0.08137110631620682f,1.6697941599503795e-18f,-0.02318802706512329f,0.9496845229744635f,0.31234855886267926f,-0.7915675090983298f,-0.09322738213391567f,0.30901704546379455f,-0.946476159675078f,-0.01363490404835872f,0f,0f,0f,1f],start_interpolation:0}