execute if entity @s[tag=aj.animal_alpha.bone.bone4] run data modify entity @s {} merge value {transformation:[-0.999480666592606f,-0.024599246552579602f,0.02081523904848026f,0.16159066713597753f,-0.025757544691289595f,0.998022311533142f,-0.05734121182465762f,-1.3946946707781094f,-0.019363522382980742f,-0.05784758206778767f,-0.9981376213978883f,0.24642791779259474f,0f,0f,0f,1f],start_interpolation:0}
execute if entity @s[tag=aj.animal_alpha.bone.bone] run data modify entity @s {} merge value {transformation:[-0.9975686177405528f,-0.05854506741756407f,0.037806454214534664f,0.125f,-0.06961701388357022f,0.8621427648607832f,-0.5018598652772895f,-0.8558554427401199f,-0.0032131413192729935f,-0.5032716245520674f,-0.864122299008413f,-0.06811684755244743f,0f,0f,0f,1f],start_interpolation:0}
execute if entity @s[tag=aj.animal_alpha.bone.bone5] run data modify entity @s {} merge value {transformation:[-0.9991532711540451f,0.030280625276519115f,0.027853625886661577f,-0.16710142694234353f,0.04001083898909878f,0.8728485073358752f,0.48634824560691375f,-1.4469482553934194f,-0.009585066799949018f,0.4870508874587927f,-0.8733209945489935f,-0.2667666818816758f,0f,0f,0f,1f],start_interpolation:0}
execute if entity @s[tag=aj.animal_alpha.bone.bone2] run data modify entity @s {} merge value {transformation:[-0.9975661863059684f,0.0673622831077497f,0.018000743136806236f,-0.12499999999999999f,0.06958985307492542f,0.9457485002452792f,0.3173594596554754f,-0.8558554427401199f,0.004353881943299599f,0.3178397349267653f,-0.9481344559785323f,-0.06811684755244746f,0f,0f,0f,1f],start_interpolation:0}
execute if entity @s[tag=aj.animal_alpha.bone.head] run data modify entity @s {} merge value {transformation:[-0.993341133169603f,0.007933542541063786f,-0.11493673066551857f,0.042163318296152635f,-0.030469199541085616f,0.9440154701739675f,0.3284911261382092f,-0.023545830053998074f,0.11110815016304754f,0.32980577765553554f,-0.937487668181493f,0.21338512986356156f,0f,0f,0f,1f],start_interpolation:0}
execute if entity @s[tag=aj.animal_alpha.bone.bone6] run data modify entity @s {} merge value {transformation:[-0.9835989724322238f,-0.16283850569960365f,0.07756727719724091f,0.5712222075439378f,-0.16636698450966209f,0.9851947154919131f,-0.04139322446935406f,-1.0449207300062548f,-0.06967846077114032f,-0.05361896705764285f,-0.9961274609588052f,-0.054643744479179676f,0f,0f,0f,1f],start_interpolation:0}
execute if entity @s[tag=aj.animal_alpha.bone.left_down_arm] run data modify entity @s {} merge value {transformation:[-0.9835989724322238f,-0.16283850569960365f,0.07756727719724091f,0.47962554808791075f,-0.16636698450966209f,0.9851947154919131f,-0.04139322446935406f,-0.4907487025420536f,-0.06967846077114032f,-0.05361896705764285f,-0.9961274609588052f,-0.08480441344910378f,0f,0f,0f,1f],start_interpolation:0}
execute if entity @s[tag=aj.animal_alpha.bone.left_upper_arm] run data modify entity @s {} merge value {transformation:[-0.9835989724322238f,-0.1795299435045763f,-0.017379896878782247f,0.27813132625063064f,-0.16636698450966209f,0.8657957815892046f,0.4719318711927606f,-0.1327589211604844f,-0.06967846077114032f,0.4670831445980279f,-0.8814636964373418f,0.1108346547161409f,0f,0f,0f,1f],start_interpolation:0}
execute if entity @s[tag=aj.animal_alpha.bone.bone7] run data modify entity @s {} merge value {transformation:[-0.8444971310799774f,-0.2923873715850793f,-0.4487028198432193f,-0.238915483364193f,0.012925459012099932f,0.8264485179947075f,-0.5628639086081808f,-1.0086002827000458f,0.535404079277525f,-0.4811366459145683f,-0.6941541614447507f,0.45390145086767403f,0f,0f,0f,1f],start_interpolation:0}
execute if entity @s[tag=aj.animal_alpha.bone.left_down_arm2] run data modify entity @s {} merge value {transformation:[-0.8001043404630533f,-0.25216772182563263f,-0.544283459643459f,-0.41477754311882753f,0.05546861473636913f,0.8723604538927041f,-0.48570615732492395f,-0.5482541622182074f,0.5972907810701674f,-0.4188062541956433f,-0.6839919913969779f,0.17557343342031356f,0f,0f,0f,1f],start_interpolation:0}
execute if entity @s[tag=aj.animal_alpha.bone.left_upper_arm2] run data modify entity @s {} merge value {transformation:[-0.8001043404630533f,0.21768529444408305f,-0.5589688336168444f,-0.21952718424165954f,0.05546861473636913f,0.954687063522079f,0.29239672283187157f,-0.13751214876934403f,0.5972907810701674f,0.20294266019342255f,-0.7759239650392339f,0.189699499621165f,0f,0f,0f,1f],start_interpolation:0}
execute if entity @s[tag=aj.animal_alpha.bone.upperbody] run data modify entity @s {} merge value {transformation:[-0.9610276957590561f,0.03431132788228831f,-0.27431460180419337f,-0.1680407852272906f,-0.04364452653043653f,0.9609937819127632f,0.27310457050173786f,-0.37503281133938254f,0.27298520708634205f,0.2744333870066812f,-0.9220441382103505f,0.10402957742659834f,0f,0f,0f,1f],start_interpolation:0}
execute if entity @s[tag=aj.animal_alpha.bone.downbody] run data modify entity @s {} merge value {transformation:[-0.9610276957590561f,0.05808885578759566f,-0.27028032266024654f,8.3419079323113e-18f,-0.04364452653043653f,0.9335342787507707f,0.35582145199694254f,-0.8558554427401199f,0.27298520708634205f,0.3537505268272634f,-0.894617036212401f,-0.06811684755244744f,0f,0f,0f,1f],start_interpolation:0}