execute if entity @s[tag=aj.animal_boar.bone.rear_body] run data modify entity @s {} merge value {transformation:[-1.171875f,1.562384411960553e-17f,1.426603022784495e-16f,-4.0569027596204264e-17f,0f,1.1649097713542809f,-0.12757836896714594f,-0.4694096875f,-1.4351329677508045e-16f,-0.12757836896714594f,-1.1649097713542809f,0.33127125f,0f,0f,0f,1f],start_interpolation:0}
execute if entity @s[tag=aj.animal_boar.bone.head] run data modify entity @s {} merge value {transformation:[-1f,-4.438585834733809e-17f,1.141380453897324e-16f,-1.0850577832812486e-16f,0f,0.9320078692827984f,0.3624380382837016f,-0.6407024335485098f,-1.2246467991473532e-16f,0.3624380382837016f,-0.9320078692827984f,0.886016918540683f,0f,0f,0f,1f],start_interpolation:0}
execute if entity @s[tag=aj.animal_boar.bone.front_body] run data modify entity @s {} merge value {transformation:[-1f,-2.126576849575771e-17f,1.2060416625018976e-16f,-4.4362906839537814e-17f,0f,0.984807753012208f,0.1736481776669303f,-0.5315721875000001f,-1.2246467991473532e-16f,0.1736481776669303f,-0.984807753012208f,0.362250625f,0f,0f,0f,1f],start_interpolation:0}
execute if entity @s[tag=aj.animal_boar.bone.front_leg_left_under] run data modify entity @s {} merge value {transformation:[-1f,-1.518722486020678e-32f,1.2246467991473532e-16f,0.6005856249999999f,0f,1f,1.2401310215141802e-16f,-1.19375f,-1.2246467991473532e-16f,1.2401310215141802e-16f,-1f,0.615234375f,0f,0f,0f,1f],start_interpolation:0}
execute if entity @s[tag=aj.animal_boar.bone.front_leg_left] run data modify entity @s {} merge value {transformation:[-1f,-1.518722486020678e-32f,1.2246467991473532e-16f,0.5624999999999999f,0f,1f,1.2401310215141802e-16f,-0.5375000000000001f,-1.2246467991473532e-16f,1.2401310215141802e-16f,-1f,0.46875000000000006f,0f,0f,0f,1f],start_interpolation:0}
execute if entity @s[tag=aj.animal_boar.bone.rear_leg_right_under] run data modify entity @s {} merge value {transformation:[-1f,-5.654789612090133e-17f,1.0862749776607363e-16f,0.4687500000000001f,0f,0.8870108331782218f,0.46174861323503374f,-1.2013040305440947f,-1.2246467991473532e-16f,0.46174861323503374f,-0.8870108331782218f,-1.0961963185880963f,0f,0f,0f,1f],start_interpolation:0}
execute if entity @s[tag=aj.animal_boar.bone.rear_leg_right] run data modify entity @s {} merge value {transformation:[-1f,5.341834311772738e-18f,1.223481206754078e-16f,0.4687500000000001f,0f,0.9990482215818578f,-0.04361938736533612f,-0.5375000000000001f,-1.2246467991473532e-16f,-0.04361938736533612f,-0.9990482215818578f,-0.9374999999999999f,0f,0f,0f,1f],start_interpolation:0}
execute if entity @s[tag=aj.animal_boar.bone.front_leg_right_under] run data modify entity @s {} merge value {transformation:[-1f,-1.518722486020678e-32f,1.2246467991473532e-16f,-0.5625000000000001f,0f,1f,1.2401310215141802e-16f,-1.19375f,-1.2246467991473532e-16f,1.2401310215141802e-16f,-1f,0.5624999999999999f,0f,0f,0f,1f],start_interpolation:0}
execute if entity @s[tag=aj.animal_boar.bone.front_leg_right] run data modify entity @s {} merge value {transformation:[-1f,-1.518722486020678e-32f,1.2246467991473532e-16f,-0.5625000000000001f,0f,1f,1.2401310215141802e-16f,-0.5375000000000001f,-1.2246467991473532e-16f,1.2401310215141802e-16f,-1f,0.46874999999999994f,0f,0f,0f,1f],start_interpolation:0}
execute if entity @s[tag=aj.animal_boar.bone.right_leg_left_under] run data modify entity @s {} merge value {transformation:[-1f,-6.123233995736764e-17f,1.060575238724907e-16f,-0.5624999999999999f,0f,0.8660254037844388f,0.4999999999999998f,-1.19375f,-1.2246467991473532e-16f,0.4999999999999998f,-0.8660254037844388f,-1.125f,0f,0f,0f,1f],start_interpolation:0}
execute if entity @s[tag=aj.animal_boar.bone.right_leg_left] run data modify entity @s {} merge value {transformation:[-1f,1.518722486020678e-32f,1.2246467991473532e-16f,-0.4687499999999999f,0f,1f,-1.2401310215141802e-16f,-0.5375000000000001f,-1.2246467991473532e-16f,-1.2401310215141802e-16f,-1f,-0.9375000000000001f,0f,0f,0f,1f],start_interpolation:0}
execute if entity @s[tag=aj.animal_boar.bone.tale] run data modify entity @s {} merge value {transformation:[-1f,4.686520405326296e-17f,1.1314261122877005e-16f,1.6934569019459494e-16f,0f,0.9238795325112868f,-0.3826834323650896f,-0.2328125000000001f,-1.2246467991473532e-16f,-0.3826834323650896f,-0.9238795325112868f,-1.3828125f,0f,0f,0f,1f],start_interpolation:0}