execute if entity @s[tag=aj.animal_boar.bone.rear_body] run data modify entity @s {} merge value {transformation:[-1.171875f,2.3377666416594828e-17f,1.415964373286515e-16f,-3.932654687804433e-17f,0f,1.1562226547869676f,-0.1908931328842836f,-0.49864578125000003f,-1.4351329677508045e-16f,-0.1908931328842836f,-1.1562226547869676f,0.321125625f,0f,0f,0f,1f],start_interpolation:0}
execute if entity @s[tag=aj.animal_boar.bone.head] run data modify entity @s {} merge value {transformation:[-1f,-6.466966030315956e-17f,1.0399727334354747e-16f,-1.0775135254406129e-16f,0f,0.8492021815265791f,0.5280678506503679f,-0.7462537441046992f,-1.2246467991473532e-16f,0.5280678506503679f,-0.8492021815265791f,0.8798565645138008f,0f,0f,0f,1f],start_interpolation:0}
execute if entity @s[tag=aj.animal_boar.bone.front_body] run data modify entity @s {} merge value {transformation:[-1f,-3.169619151431764e-17f,1.1829179713786698e-16f,-4.501736574304466e-17f,0f,0.9659258262890683f,0.2588190451025207f,-0.5918895312500001f,-1.2246467991473532e-16f,0.2588190451025207f,-0.9659258262890683f,0.3675946875f,0f,0f,0f,1f],start_interpolation:0}
execute if entity @s[tag=aj.animal_boar.bone.front_leg_left_under] run data modify entity @s {} merge value {transformation:[-1f,3.169619151431762e-17f,1.1829179713786698e-16f,0.6005856249999999f,0f,0.9659258262890683f,-0.2588190451025205f,-1.2084758774422615f,-1.2246467991473532e-16f,-0.2588190451025205f,-0.9659258262890683f,0.7800930393088419f,0f,0f,0f,1f],start_interpolation:0}
execute if entity @s[tag=aj.animal_boar.bone.front_leg_left] run data modify entity @s {} merge value {transformation:[-1f,3.169619151431762e-17f,1.1829179713786698e-16f,0.5624999999999999f,0f,0.9659258262890683f,-0.2588190451025205f,-0.6125f,-1.2246467991473532e-16f,-0.2588190451025205f,-0.9659258262890683f,0.46875000000000006f,0f,0f,0f,1f],start_interpolation:0}
execute if entity @s[tag=aj.animal_boar.bone.rear_leg_right_under] run data modify entity @s {} merge value {transformation:[-1f,-1.0182565992946026e-16f,6.803773075690055e-17f,0.46875000000000017f,0f,0.5555702330196026f,0.8314696123025451f,-1.219560904886596f,-1.2246467991473532e-16f,0.8314696123025451f,-0.5555702330196026f,-1.2494252638986896f,0f,0f,0f,1f],start_interpolation:0}
execute if entity @s[tag=aj.animal_boar.bone.rear_leg_right] run data modify entity @s {} merge value {transformation:[-1f,-2.389167384016776e-17f,1.2011155542966555e-16f,0.4687500000000001f,0f,0.9807852804032305f,0.19509032201612803f,-0.6125f,-1.2246467991473532e-16f,0.19509032201612803f,-0.9807852804032305f,-0.9374999999999999f,0f,0f,0f,1f],start_interpolation:0}
execute if entity @s[tag=aj.animal_boar.bone.front_leg_right_under] run data modify entity @s {} merge value {transformation:[-1f,3.169619151431762e-17f,1.1829179713786698e-16f,-0.5625000000000001f,0f,0.9659258262890683f,-0.2588190451025205f,-1.2221245380238397f,-1.2246467991473532e-16f,-0.2588190451025205f,-0.9659258262890683f,0.7291555445631293f,0f,0f,0f,1f],start_interpolation:0}
execute if entity @s[tag=aj.animal_boar.bone.front_leg_right] run data modify entity @s {} merge value {transformation:[-1f,3.169619151431762e-17f,1.1829179713786698e-16f,-0.5625000000000001f,0f,0.9659258262890683f,-0.2588190451025205f,-0.6125f,-1.2246467991473532e-16f,-0.2588190451025205f,-0.9659258262890683f,0.46874999999999994f,0f,0f,0f,1f],start_interpolation:0}
execute if entity @s[tag=aj.animal_boar.bone.right_leg_left_under] run data modify entity @s {} merge value {transformation:[-1f,-1.0605752387249067e-16f,6.12323399573677e-17f,-0.5624999999999999f,0f,0.5000000000000004f,0.8660254037844385f,-1.1978602525454787f,-1.2246467991473532e-16f,0.8660254037844385f,-0.5000000000000004f,-1.2884610907777296f,0f,0f,0f,1f],start_interpolation:0}
execute if entity @s[tag=aj.animal_boar.bone.right_leg_left] run data modify entity @s {} merge value {transformation:[-1f,-3.169619151431762e-17f,1.1829179713786698e-16f,-0.4687499999999999f,0f,0.9659258262890683f,0.2588190451025205f,-0.6125f,-1.2246467991473532e-16f,0.2588190451025205f,-0.9659258262890683f,-0.9375000000000001f,0f,0f,0f,1f],start_interpolation:0}
execute if entity @s[tag=aj.animal_boar.bone.tale] run data modify entity @s {} merge value {transformation:[-1f,6.80377307569005e-17f,1.0182565992946029e-16f,1.6934569019459494e-16f,0f,0.8314696123025453f,-0.5555702330196022f,-0.30781250000000004f,-1.2246467991473532e-16f,-0.5555702330196022f,-0.8314696123025453f,-1.3828125f,0f,0f,0f,1f],start_interpolation:0}