execute if entity @s[tag=aj.animal_boar.bone.rear_body] run data modify entity @s {} merge value {transformation:[-1.171875f,3.10619625489828e-17f,1.4011145861012905e-16f,-3.808406615988439e-17f,0f,1.144096883343672f,-0.2536401725837143f,-0.5278818750000001f,-1.4351329677508045e-16f,-0.2536401725837143f,-1.144096883343672f,0.31098f,0f,0f,0f,1f],start_interpolation:0}
execute if entity @s[tag=aj.animal_boar.bone.head] run data modify entity @s {} merge value {transformation:[-1f,-8.27359385291814e-17f,9.029043306084034e-17f,-1.0651948324062504e-16f,0f,0.7372773368101241f,0.6755902076156601f,-0.8506302497934043f,-1.2246467991473532e-16f,0.6755902076156601f,-0.7372773368101241f,0.8697975882906652f,0f,0f,0f,1f],start_interpolation:0}
execute if entity @s[tag=aj.animal_boar.bone.front_body] run data modify entity @s {} merge value {transformation:[-1f,-4.188538737676991e-17f,1.1507915602278503e-16f,-4.5671824646551496e-17f,0f,0.9396926207859084f,0.34202014332566866f,-0.6522068750000001f,-1.2246467991473532e-16f,0.34202014332566866f,-0.9396926207859084f,0.37293875f,0f,0f,0f,1f],start_interpolation:0}
execute if entity @s[tag=aj.animal_boar.bone.front_leg_left_under] run data modify entity @s {} merge value {transformation:[-1f,6.123233995736765e-17f,1.0605752387249069e-16f,0.6005856249999999f,0f,0.8660254037844387f,-0.49999999999999994f,-1.1825869837335379f,-1.2246467991473532e-16f,-0.49999999999999994f,-0.8660254037844387f,0.9237341900074861f,0f,0f,0f,1f],start_interpolation:0}
execute if entity @s[tag=aj.animal_boar.bone.front_leg_left] run data modify entity @s {} merge value {transformation:[-1f,6.123233995736765e-17f,1.0605752387249069e-16f,0.5624999999999999f,0f,0.8660254037844387f,-0.49999999999999994f,-0.6875f,-1.2246467991473532e-16f,-0.49999999999999994f,-0.8660254037844387f,0.46875000000000006f,0f,0f,0f,1f],start_interpolation:0}
execute if entity @s[tag=aj.animal_boar.bone.rear_leg_right_under] run data modify entity @s {} merge value {transformation:[-1f,-1.2199866483456202e-16f,1.0673500138322989e-17f,0.46875000000000017f,0f,0.0871557427476583f,0.9961946980917455f,-1.2030235611664204f,-1.2246467991473532e-16f,0.9961946980917455f,-0.0871557427476583f,-1.3847759443367056f,0f,0f,0f,1f],start_interpolation:0}
execute if entity @s[tag=aj.animal_boar.bone.rear_leg_right] run data modify entity @s {} merge value {transformation:[-1f,-5.175581015019659e-17f,1.1099069304367545e-16f,0.4687500000000001f,0f,0.9063077870366499f,0.42261826174069944f,-0.6875f,-1.2246467991473532e-16f,0.42261826174069944f,-0.9063077870366499f,-0.9374999999999999f,0f,0f,0f,1f],start_interpolation:0}
execute if entity @s[tag=aj.animal_boar.bone.front_leg_right_under] run data modify entity @s {} merge value {transformation:[-1f,6.123233995736765e-17f,1.0605752387249069e-16f,-0.5625000000000001f,0f,0.8660254037844387f,-0.49999999999999994f,-1.2089541712335379f,-1.2246467991473532e-16f,-0.49999999999999994f,-0.8660254037844387f,0.878064881604791f,0f,0f,0f,1f],start_interpolation:0}
execute if entity @s[tag=aj.animal_boar.bone.front_leg_right] run data modify entity @s {} merge value {transformation:[-1f,6.123233995736765e-17f,1.0605752387249069e-16f,-0.5625000000000001f,0f,0.8660254037844387f,-0.49999999999999994f,-0.6875f,-1.2246467991473532e-16f,-0.49999999999999994f,-0.8660254037844387f,0.46874999999999994f,0f,0f,0f,1f],start_interpolation:0}
execute if entity @s[tag=aj.animal_boar.bone.right_leg_left_under] run data modify entity @s {} merge value {transformation:[-1f,-1.2246467991473532e-16f,2.465190328815662e-32f,-0.5624999999999998f,0f,2.220446049250313e-16f,1f,-1.1620791712335379f,-1.2246467991473532e-16f,1f,-2.220446049250313e-16f,-1.4280047632095823f,0f,0f,0f,1f],start_interpolation:0}
execute if entity @s[tag=aj.animal_boar.bone.right_leg_left] run data modify entity @s {} merge value {transformation:[-1f,-6.123233995736765e-17f,1.0605752387249069e-16f,-0.4687499999999999f,0f,0.8660254037844387f,0.49999999999999994f,-0.6875f,-1.2246467991473532e-16f,0.49999999999999994f,-0.8660254037844387f,-0.9375000000000001f,0f,0f,0f,1f],start_interpolation:0}
execute if entity @s[tag=aj.animal_boar.bone.tale] run data modify entity @s {} merge value {transformation:[-1f,8.659560562354934e-17f,8.659560562354932e-17f,1.6934569019459494e-16f,0f,0.7071067811865475f,-0.7071067811865476f,-0.3828125f,-1.2246467991473532e-16f,-0.7071067811865476f,-0.7071067811865475f,-1.3828125f,0f,0f,0f,1f],start_interpolation:0}