execute if entity @s[tag=aj.animal_boar.bone.rear_body] run data modify entity @s {} merge value {transformation:[-1.171875f,7.8235558521208e-18f,1.4329988948035188e-16f,-4.18115083143642e-17f,0f,1.1701323971950348f,-0.06388418160703858f,-0.5401735937500001f,-1.4351329677508045e-16f,-0.06388418160703858f,-1.1701323971950348f,0.341416875f,0f,0f,0f,1f],start_interpolation:0}
execute if entity @s[tag=aj.animal_boar.bone.head] run data modify entity @s {} merge value {transformation:[-1f,-2.258006456890087e-17f,1.20365021956891e-16f,-1.0877203812963556e-16f,0f,0.9828549916653012f,0.18438021954266315f,-0.6343205759252467f,-1.2246467991473532e-16f,0.18438021954266315f,-0.9828549916653012f,0.8881910948149858f,0f,0f,0f,1f],start_interpolation:0}
execute if entity @s[tag=aj.animal_boar.bone.front_body] run data modify entity @s {} merge value {transformation:[-1f,-1.0673500138322958e-17f,1.2199866483456202e-16f,-4.370844793603097e-17f,0f,0.9961946980917455f,0.08715574274765805f,-0.57125484375f,-1.2246467991473532e-16f,0.08715574274765805f,-0.9961946980917455f,0.35690656249999997f,0f,0f,0f,1f],start_interpolation:0}
execute if entity @s[tag=aj.animal_boar.bone.front_leg_left_under] run data modify entity @s {} merge value {transformation:[-1f,1.5984848350717808e-17f,1.2141697760125282e-16f,0.6005856249999999f,0f,0.9914448613738105f,-0.13052619222005138f,-1.194015642588079f,-1.2246467991473532e-16f,-0.13052619222005138f,-0.9914448613738105f,0.699638994509713f,0f,0f,0f,1f],start_interpolation:0}
execute if entity @s[tag=aj.animal_boar.bone.front_leg_left] run data modify entity @s {} merge value {transformation:[-1f,1.5984848350717808e-17f,1.2141697760125282e-16f,0.5624999999999999f,0f,0.9914448613738105f,-0.13052619222005138f,-0.5625f,-1.2246467991473532e-16f,-0.13052619222005138f,-0.9914448613738105f,0.46875000000000006f,0f,0f,0f,1f],start_interpolation:0}
execute if entity @s[tag=aj.animal_boar.bone.rear_leg_right_under] run data modify entity @s {} merge value {transformation:[-1f,-4.438585834733805e-17f,1.1413804538973244e-16f,0.46875000000000017f,0f,0.9320078692827988f,0.36243803828370114f,-1.194436932923654f,-1.2246467991473532e-16f,0.36243803828370114f,-0.9320078692827988f,-1.1953294500382865f,0f,0f,0f,1f],start_interpolation:0}
execute if entity @s[tag=aj.animal_boar.bone.rear_leg_right] run data modify entity @s {} merge value {transformation:[-1f,-1.3332346982063373e-17f,1.2173679127761025e-16f,0.4687500000000001f,0f,0.9940563382223196f,0.10886687485196445f,-0.5625f,-1.2246467991473532e-16f,0.10886687485196445f,-0.9940563382223196f,-0.9374999999999999f,0f,0f,0f,1f],start_interpolation:0}
execute if entity @s[tag=aj.animal_boar.bone.front_leg_right_under] run data modify entity @s {} merge value {transformation:[-1f,1.994894200882757e-17f,1.2082895985378263e-16f,-0.5625000000000001f,0f,0.9866433320848792f,-0.16289547339458854f,-1.2008988597559331f,-1.2246467991473532e-16f,-0.16289547339458854f,-0.9866433320848792f,0.6473557693982034f,0f,0f,0f,1f],start_interpolation:0}
execute if entity @s[tag=aj.animal_boar.bone.front_leg_right] run data modify entity @s {} merge value {transformation:[-1f,1.5984848350717808e-17f,1.2141697760125282e-16f,-0.5625000000000001f,0f,0.9914448613738105f,-0.13052619222005138f,-0.5625f,-1.2246467991473532e-16f,-0.13052619222005138f,-0.9914448613738105f,0.46874999999999994f,0f,0f,0f,1f],start_interpolation:0}
execute if entity @s[tag=aj.animal_boar.bone.right_leg_left_under] run data modify entity @s {} merge value {transformation:[-1f,-4.6865204053262906e-17f,1.1314261122877005e-16f,-0.5624999999999999f,0f,0.9238795325112871f,0.3826834323650892f,-1.1886620292353034f,-1.2246467991473532e-16f,0.3826834323650892f,-0.9238795325112871f,-1.2090537251519984f,0f,0f,0f,1f],start_interpolation:0}
execute if entity @s[tag=aj.animal_boar.bone.right_leg_left] run data modify entity @s {} merge value {transformation:[-1f,-1.5984848350717808e-17f,1.2141697760125282e-16f,-0.4687499999999999f,0f,0.9914448613738105f,0.13052619222005138f,-0.5625f,-1.2246467991473532e-16f,0.13052619222005138f,-0.9914448613738105f,-0.9375000000000001f,0f,0f,0f,1f],start_interpolation:0}
execute if entity @s[tag=aj.animal_boar.bone.tale] run data modify entity @s {} merge value {transformation:[-1f,2.389167384016776e-17f,1.2011155542966555e-16f,1.6934569019459494e-16f,0f,0.9807852804032305f,-0.19509032201612803f,-0.2578125f,-1.2246467991473532e-16f,-0.19509032201612803f,-0.9807852804032305f,-1.3828125f,0f,0f,0f,1f],start_interpolation:0}