execute if entity @s[tag=aj.animal_boar.bone.rear_body] run data modify entity @s {} merge value {transformation:[-1.171875f,7.823555852120808e-18f,1.4329988948035188e-16f,-4.18115083143642e-17f,0f,1.1701323971950348f,-0.06388418160703864f,-0.5276735937500001f,-1.4351329677508045e-16f,-0.06388418160703864f,-1.1701323971950348f,0.341416875f,0f,0f,0f,1f],start_interpolation:0}
execute if entity @s[tag=aj.animal_boar.bone.head] run data modify entity @s {} merge value {transformation:[-1f,-2.2580064568900897e-17f,1.20365021956891e-16f,-1.0877203812963557e-16f,0f,0.9828549916653012f,0.18438021954266337f,-0.6218205759252469f,-1.2246467991473532e-16f,0.18438021954266337f,-0.9828549916653012f,0.8881910948149858f,0f,0f,0f,1f],start_interpolation:0}
execute if entity @s[tag=aj.animal_boar.bone.front_body] run data modify entity @s {} merge value {transformation:[-1f,-1.0673500138322972e-17f,1.2199866483456202e-16f,-4.370844793603098e-17f,0f,0.9961946980917455f,0.08715574274765817f,-0.5587548437500001f,-1.2246467991473532e-16f,0.08715574274765817f,-0.9961946980917455f,0.3569065625f,0f,0f,0f,1f],start_interpolation:0}
execute if entity @s[tag=aj.animal_boar.bone.front_leg_left_under] run data modify entity @s {} merge value {transformation:[-1f,-3.169619151431766e-17f,1.1829179713786698e-16f,0.6005856249999999f,0f,0.9659258262890683f,0.25881904510252085f,-1.2218017695621408f,-1.2246467991473532e-16f,0.25881904510252085f,-0.9659258262890683f,0.44039304261178347f,0f,0f,0f,1f],start_interpolation:0}
execute if entity @s[tag=aj.animal_boar.bone.front_leg_left] run data modify entity @s {} merge value {transformation:[-1f,-3.169619151431766e-17f,1.1829179713786698e-16f,0.5624999999999999f,0f,0.9659258262890683f,0.25881904510252085f,-0.55f,-1.2246467991473532e-16f,0.25881904510252085f,-0.9659258262890683f,0.46875000000000006f,0f,0f,0f,1f],start_interpolation:0}
execute if entity @s[tag=aj.animal_boar.bone.rear_leg_right_under] run data modify entity @s {} merge value {transformation:[-1f,2.671552913134289e-18f,1.22435536637248e-16f,0.4687500000000001f,0f,0.9997620270799091f,-0.02181488503456122f,-1.2325006570715766f,-1.2246467991473532e-16f,-0.02181488503456122f,-0.9997620270799091f,-0.933871557239523f,0f,0f,0f,1f],start_interpolation:0}
execute if entity @s[tag=aj.animal_boar.bone.rear_leg_right] run data modify entity @s {} merge value {transformation:[-1f,3.4269170634161425e-17f,1.17572198119561e-16f,0.4687500000000001f,0f,0.9600498543859287f,-0.2798290140309921f,-0.55f,-1.2246467991473532e-16f,-0.2798290140309921f,-0.9600498543859287f,-0.9374999999999999f,0f,0f,0f,1f],start_interpolation:0}
execute if entity @s[tag=aj.animal_boar.bone.front_leg_right_under] run data modify entity @s {} merge value {transformation:[-1f,-3.169619151431766e-17f,1.1829179713786698e-16f,-0.5625000000000001f,0f,0.9659258262890683f,0.25881904510252085f,-1.2081531089805626f,-1.2246467991473532e-16f,0.25881904510252085f,-0.9659258262890683f,0.3894555478660708f,0f,0f,0f,1f],start_interpolation:0}
execute if entity @s[tag=aj.animal_boar.bone.front_leg_right] run data modify entity @s {} merge value {transformation:[-1f,-3.169619151431766e-17f,1.1829179713786698e-16f,-0.5625000000000001f,0f,0.9659258262890683f,0.25881904510252085f,-0.55f,-1.2246467991473532e-16f,0.25881904510252085f,-0.9659258262890683f,0.46874999999999994f,0f,0f,0f,1f],start_interpolation:0}
execute if entity @s[tag=aj.animal_boar.bone.right_leg_left_under] run data modify entity @s {} merge value {transformation:[-1f,1.8488927466117464e-32f,1.2246467991473532e-16f,-0.5624999999999999f,0f,1f,-1.6653345369377348e-16f,-1.2324173944589238f,-1.2246467991473532e-16f,-1.6653345369377348e-16f,-1f,-0.9487610940806711f,0f,0f,0f,1f],start_interpolation:0}
execute if entity @s[tag=aj.animal_boar.bone.right_leg_left] run data modify entity @s {} merge value {transformation:[-1f,3.169619151431766e-17f,1.1829179713786698e-16f,-0.4687499999999999f,0f,0.9659258262890683f,-0.25881904510252085f,-0.55f,-1.2246467991473532e-16f,-0.25881904510252085f,-0.9659258262890683f,-0.9375000000000001f,0f,0f,0f,1f],start_interpolation:0}
execute if entity @s[tag=aj.animal_boar.bone.tale] run data modify entity @s {} merge value {transformation:[-1f,2.3891673840167784e-17f,1.2011155542966555e-16f,1.6934569019459494e-16f,0f,0.9807852804032304f,-0.19509032201612822f,-0.24531250000000004f,-1.2246467991473532e-16f,-0.19509032201612822f,-0.9807852804032304f,-1.3828125f,0f,0f,0f,1f],start_interpolation:0}