execute if entity @s[tag=aj.animal_bear.bone.head] run data modify entity @s {} merge value {transformation:[-0.984807753012208f,0f,-0.17364817766693022f,0.29265647401038475f,0f,1f,0f,0.2627073894126287f,0.17364817766693022f,0f,-0.9848077530122081f,0.9933317989781487f,0f,0f,0f,1f],start_interpolation:0}
execute if entity @s[tag=aj.animal_bear.bone.front_leg_left_under] run data modify entity @s {} merge value {transformation:[-0.984807753012208f,-0.05653431672787092f,-0.16418757760305294f,1.4504500152288617f,0f,0.9455185755993168f,-0.3255681544571567f,-0.5822807676335187f,0.17364817766693022f,-0.320622042643284f,-0.9311540238672668f,0.8345714561344533f,0f,0f,0f,1f],start_interpolation:0}
execute if entity @s[tag=aj.animal_bear.bone.front_leg_left] run data modify entity @s {} merge value {transformation:[-0.984807753012208f,-0.05653431672787092f,-0.16418757760305294f,1.2176437889030385f,0f,0.9455185755993168f,-0.3255681544571567f,0.21451926640089136f,0.17364817766693022f,-0.320622042643284f,-0.9311540238672668f,0.523615836785799f,0f,0f,0f,1f],start_interpolation:0}
execute if entity @s[tag=aj.animal_bear.bone.front_leg_right_under] run data modify entity @s {} merge value {transformation:[-0.9948089712852566f,0.04037847071431163f,0.09340604773323212f,-1.063612744928498f,-0.05810291612738625f,0.5281780087856995f,-0.8471434602076955f,-0.06084122671387704f,-0.08354137769909756f,-0.848173077937485f,-0.5230901146783311f,1.6687042442619804f,0f,0f,0f,1f],start_interpolation:0}
execute if entity @s[tag=aj.animal_bear.bone.front_leg_right] run data modify entity @s {} merge value {transformation:[-0.9948089712852566f,0.06142260712366801f,0.08113183089577658f,-0.8603005699527206f,-0.05810291612738625f,0.31168747101600036f,-0.9484065433922015f,0.21451926640089136f,-0.08354137769909756f,-0.9481973337580006f,-0.3065006598138987f,0.8900134916630218f,0f,0f,0f,1f],start_interpolation:0}
execute if entity @s[tag=aj.animal_bear.bone.front_body] run data modify entity @s {} merge value {transformation:[-2.2465926865590995f,-0.12896891003545552f,-0.3745529114069645f,-0.062499999999999924f,0f,2.1569642505859417f,-0.7427023523553887f,0.12543749999999998f,0.3961349053026846f,-0.7314190347799916f,-2.1241951169472024f,-0.6609375f,0f,0f,0f,1f],start_interpolation:0}