execute if entity @s[tag=aj.animal_bear.bone.head] run data modify entity @s {} merge value {transformation:[-0.9961946980917455f,0f,-0.08715574274765805f,0.1470795279571621f,0f,1f,0f,-0.018239245430351214f,0.08715574274765805f,0f,-0.9961946980917455f,1.0174603882840312f,0f,0f,0f,1f],start_interpolation:0}
execute if entity @s[tag=aj.animal_bear.bone.front_leg_left_under] run data modify entity @s {} merge value {transformation:[-0.9961946980917455f,-0.01438484667751008f,-0.08596045416329812f,1.3020957359352137f,0f,0.9862856015372314f,-0.16504760586067765f,-0.8590165793289749f,0.08715574274765805f,-0.16441954989114319f,-0.9825324870556179f,0.8206692548312327f,0f,0f,0f,1f],start_interpolation:0}
execute if entity @s[tag=aj.animal_bear.bone.front_leg_left] run data modify entity @s {} merge value {transformation:[-0.9961946980917455f,-0.01438484667751008f,-0.08596045416329812f,1.1091531780834996f,0f,0.9862856015372314f,-0.16504760586067765f,-0.015929125024476826f,0.08715574274765805f,-0.16441954989114319f,-0.9825324870556179f,0.6263521320092555f,0f,0f,0f,1f],start_interpolation:0}
execute if entity @s[tag=aj.animal_bear.bone.front_leg_right_under] run data modify entity @s {} merge value {transformation:[-0.9989665944220675f,0.015373637130373255f,0.04277142165231474f,-1.1626729023953866f,-0.007423778060175778f,0.8732258927869339f,-0.487259097078521f,-0.6971358376181399f,-0.04484005740506743f,-0.48707308635136676f,-0.8722093658084992f,1.2904852051374132f,0f,0f,0f,1f],start_interpolation:0}
execute if entity @s[tag=aj.animal_bear.bone.front_leg_right] run data modify entity @s {} merge value {transformation:[-0.9989665944220675f,0.02038299107449581f,0.040623600328300716f,-0.9928176348900832f,-0.007423778060175778f,0.8086204128405861f,-0.5882838731911946f,-0.015929125024476826f,-0.04484005740506743f,-0.5879775179480737f,-0.8076334611935869f,0.8102507492068141f,0f,0f,0f,1f],start_interpolation:0}
execute if entity @s[tag=aj.animal_bear.bone.front_body] run data modify entity @s {} merge value {transformation:[-2.2725691550217944f,-0.032815431483069875f,-0.19609728606002383f,-0.062499999999999924f,0f,2.249964028506809f,-0.3765148508696709f,0.12543749999999998f,0.19882403814309493f,-0.3750820981891704f,-2.2414022360956283f,-0.6609375f,0f,0f,0f,1f],start_interpolation:0}