execute if entity @s[tag=aj.animal_bear.bone.head] run data modify entity @s {} merge value {transformation:[-0.9677824535432009f,0.06869779680847587f,-0.24223487636499294f,0.4117701536856803f,0f,0.9620594244736131f,0.27283999666746106f,-0.295245f,0.25178785239542845f,0.2640497613995542f,-0.9310642302714331f,0.9137625071852451f,0f,0f,0f,1f],start_interpolation:0}
execute if entity @s[tag=aj.animal_bear.bone.front_leg_left_under] run data modify entity @s {} merge value {transformation:[-0.9677824535432009f,0f,-0.25178785239542845f,1.483294549568653f,0f,1f,0f,-1.1087500000000001f,0.25178785239542845f,0f,-0.9677824535432009f,0.3943967400250066f,0f,0f,0f,1f],start_interpolation:0}
execute if entity @s[tag=aj.animal_bear.bone.front_leg_left] run data modify entity @s {} merge value {transformation:[-0.9677824535432009f,0f,-0.25178785239542845f,1.296456996625066f,0f,1f,0f,-0.24250000000000005f,0.25178785239542845f,0f,-0.9677824535432009f,0.37237182758783804f,0f,0f,0f,1f],start_interpolation:0}
execute if entity @s[tag=aj.animal_bear.bone.front_leg_right_under] run data modify entity @s {} merge value {transformation:[-0.8882262361162508f,-0.43884261078148357f,-0.13590922131058444f,-0.4989057267653113f,-0.4058601263778254f,0.8881844958355751f,-0.21542019212200247f,-0.9222189802944877f,0.21524802273501548f,-0.13618173269494027f,-0.9670174891845907f,1.351595469843204f,0f,0f,0f,1f],start_interpolation:0}
execute if entity @s[tag=aj.animal_bear.bone.front_leg_right] run data modify entity @s {} merge value {transformation:[-0.8882262361162508f,-0.45712766732804144f,0.04569955402388079f,-0.7455639803510876f,-0.4058601263778254f,0.7341991484319963f,-0.544269389418794f,-0.24250000000000005f,0.21524802273501548f,-0.5019819779682879f,-0.8376648390040682f,0.9036441961421922f,0f,0f,0f,1f],start_interpolation:0}
execute if entity @s[tag=aj.animal_bear.bone.front_body] run data modify entity @s {} merge value {transformation:[-2.2077537221454273f,0f,-0.5743910382770712f,-0.062499999999999924f,0f,2.28125f,0f,0.12543749999999998f,0.5743910382770712f,0f,-2.2077537221454273f,-0.6609375f,0f,0f,0f,1f],start_interpolation:0}