execute if entity @s[tag=aj.animal_bear.bone.head] run data modify entity @s {} merge value {transformation:[-0.8472764631208279f,0.30338942585212636f,-0.43597872806202065f,0.8633409094440238f,0f,0.8208170424930672f,0.5711911963195287f,-0.295245f,0.531152139260928f,0.4839568565833648f,-0.6954589606328243f,0.6982648034508561f,0f,0f,0f,1f],start_interpolation:0}
execute if entity @s[tag=aj.animal_bear.bone.front_leg_left_under] run data modify entity @s {} merge value {transformation:[-0.8472764631208279f,0f,-0.531152139260928f,1.7290955906887988f,0f,1f,0f,-1.1087500000000001f,0.531152139260928f,0f,-0.8472764631208279f,-0.11927673248054294f,0f,0f,0f,1f],start_interpolation:0}
execute if entity @s[tag=aj.animal_bear.bone.front_leg_left] run data modify entity @s {} merge value {transformation:[-0.8472764631208279f,0f,-0.531152139260928f,1.5442824305067504f,0f,1f,0f,-0.24250000000000005f,0.531152139260928f,0f,-0.8472764631208279f,-0.08409912907529282f,0f,0f,0f,1f],start_interpolation:0}
execute if entity @s[tag=aj.animal_bear.bone.front_leg_right_under] run data modify entity @s {} merge value {transformation:[-0.5312286639532889f,-0.8418514310247516f,-0.09530096891418166f,0.18892845688435936f,-0.7948694461936813f,0.5341660195974486f,-0.2878354165407183f,-0.46701595667534435f,0.2932211965430776f,-0.07715459538482744f,-0.9529262816760011f,1.733870656947201f,0f,0f,0f,1f],start_interpolation:0}
execute if entity @s[tag=aj.animal_bear.bone.front_leg_right] run data modify entity @s {} merge value {transformation:[-0.5312286639532889f,-0.6098759144823508f,0.5880879828127082f,-0.2434709066781965f,-0.7948694461936813f,0.11853613565684207f,-0.5950896974837435f,-0.24250000000000005f,0.2932211965430776f,-0.7835818741381524f,-0.547741523366621f,1.0366318847652651f,0f,0f,0f,1f],start_interpolation:0}
execute if entity @s[tag=aj.animal_bear.bone.front_body] run data modify entity @s {} merge value {transformation:[-1.9328494314943887f,0f,-1.211690817688992f,-0.062499999999999924f,0f,2.28125f,0f,0.12543749999999998f,1.211690817688992f,0f,-1.9328494314943887f,-0.6609375f,0f,0f,0f,1f],start_interpolation:0}