execute if entity @s[tag=aj.animal_bear.bone.head] run data modify entity @s {} merge value {transformation:[-0.8732057547721959f,0.25584824522730765f,-0.41479318370342977f,0.7929806659524774f,0f,0.8511166724369997f,0.5249765803345602f,-0.295245f,0.4873517311272422f,0.45841257106876593f,-0.7431999763545502f,0.7436140730964655f,0f,0f,0f,1f],start_interpolation:0}
execute if entity @s[tag=aj.animal_bear.bone.front_leg_left_under] run data modify entity @s {} merge value {transformation:[-0.8732057547721959f,0f,-0.4873517311272422f,1.6992131837105164f,0f,1f,0f,-1.1087500000000001f,0.4873517311272422f,0f,-0.8732057547721959f,-0.0288158297608996f,0f,0f,0f,1f],start_interpolation:0}
execute if entity @s[tag=aj.animal_bear.bone.front_leg_left] run data modify entity @s {} merge value {transformation:[-0.8732057547721959f,0f,-0.4873517311272422f,1.5128494729070123f,0f,1f,0f,-0.24250000000000005f,0.4873517311272422f,0f,-0.8732057547721959f,-0.003087727355933878f,0f,0f,0f,1f],start_interpolation:0}
execute if entity @s[tag=aj.animal_bear.bone.front_leg_right_under] run data modify entity @s {} merge value {transformation:[-0.6001314576707741f,-0.7923769876465645f,-0.10945749385998416f,0.10899513745738132f,-0.741580937092298f,0.6024348156990491f,-0.29517792359009926f,-0.5339670556753566f,0.29983319905450956f,-0.0959739666878971f,-0.9491517531264057f,1.6931966720508664f,0f,0f,0f,1f],start_interpolation:0}
execute if entity @s[tag=aj.animal_bear.bone.front_leg_right] run data modify entity @s {} merge value {transformation:[-0.6001314576707741f,-0.6306026251742269f,0.492120475734678f,-0.32961466966232106f,-0.741580937092298f,0.20800932345393752f,-0.637800780101079f,-0.24250000000000005f,0.29983319905450956f,-0.7477114754232471f,-0.5924758242030892f,1.0252244253225473f,0f,0f,0f,1f],start_interpolation:0}
execute if entity @s[tag=aj.animal_bear.bone.front_body] run data modify entity @s {} merge value {transformation:[-1.9920006280740719f,0f,-1.1117711366340213f,-0.062499999999999924f,0f,2.28125f,0f,0.12543749999999998f,1.1117711366340213f,0f,-1.9920006280740719f,-0.6609375f,0f,0f,0f,1f],start_interpolation:0}