execute if entity @s[tag=aj.animal_bear.bone.head] run data modify entity @s {} merge value {transformation:[-0.918216106880274f,0.169476101510044f,-0.3579902681394991f,0.6457990627928618f,0f,0.9038337699485205f,0.4278837649416543f,-0.295245f,0.3960797660391568f,0.3928897648420001f,-0.8299147255090517f,0.8232877958877245f,0f,0f,0f,1f],start_interpolation:0}
execute if entity @s[tag=aj.animal_bear.bone.front_leg_left_under] run data modify entity @s {} merge value {transformation:[-0.918216106880274f,0f,-0.3960797660391568f,1.625844854039272f,0f,1f,0f,-1.1087500000000001f,0.3960797660391568f,0f,-0.918216106880274f,0.1469627422851612f,0f,0f,0f,1f],start_interpolation:0}
execute if entity @s[tag=aj.animal_bear.bone.front_leg_left] run data modify entity @s {} merge value {transformation:[-0.918216106880274f,0f,-0.3960797660391568f,1.43783130373937f,0f,1f,0f,-0.24250000000000005f,0.3960797660391568f,0f,-0.918216106880274f,0.15361652778205737f,0f,0f,0f,1f],start_interpolation:0}
execute if entity @s[tag=aj.animal_bear.bone.front_leg_right_under] run data modify entity @s {} merge value {transformation:[-0.729925472085449f,-0.6705883141316766f,-0.13236358317479366f,-0.09349869219680768f,-0.6198232093386372f,0.731002400830466f,-0.2854026614193473f,-0.6894337682670824f,0.2881457866531909f,-0.12628065144799838f,-0.9492234735318563f,1.588382947982037f,0f,0f,0f,1f],start_interpolation:0}
execute if entity @s[tag=aj.animal_bear.bone.front_leg_right] run data modify entity @s {} merge value {transformation:[-0.729925472085449f,-0.616936490476917f,0.2942756733385543f,-0.49960468177800815f,-0.6198232093386372f,0.4159233283043311f,-0.6654524582097503f,-0.24250000000000005f,0.2881457866531909f,-0.6681295919881656f,-0.6859845872494083f,0.9893448341246782f,0f,0f,0f,1f],start_interpolation:0}
execute if entity @s[tag=aj.animal_bear.bone.front_body] run data modify entity @s {} merge value {transformation:[-2.094680493820625f,0f,-0.9035569662768265f,-0.062499999999999924f,0f,2.28125f,0f,0.12543749999999998f,0.9035569662768265f,0f,-2.094680493820625f,-0.6609375f,0f,0f,0f,1f],start_interpolation:0}