execute if entity @s[tag=aj.animal_bear.bone.head] run data modify entity @s {} merge value {transformation:[-0.9659258262890683f,-1.3877787807814457e-17f,-0.2588190451025206f,0.4236186356567826f,0f,1f,5.551115123125783e-17f,0.5398888763349186f,0.25881904510252063f,1.1102230246251565e-16f,-0.9659258262890682f,0.9118004902049102f,0f,0f,0f,1f],start_interpolation:0}
execute if entity @s[tag=aj.animal_bear.bone.front_leg_left_under] run data modify entity @s {} merge value {transformation:[-0.9659258262890683f,-0.1234977746926944f,-0.22745460591892414f,1.599106632350924f,0f,0.8788171126619654f,-0.47715876025960835f,-0.2861330952946497f,0.25881904510252063f,-0.4608999697748296f,-0.8488721457049822f,0.786854949634198f,0f,0f,0f,1f],start_interpolation:0}
execute if entity @s[tag=aj.animal_bear.bone.front_leg_left] run data modify entity @s {} merge value {transformation:[-0.9659258262890683f,-0.1234977746926944f,-0.22745460591892414f,1.3072779380927664f,0f,0.8788171126619654f,-0.47715876025960835f,0.4425242521458812f,0.25881904510252063f,-0.4608999697748296f,-0.8488721457049822f,0.37493637310927297f,0f,0f,0f,1f],start_interpolation:0}
execute if entity @s[tag=aj.animal_bear.bone.front_leg_right_under] run data modify entity @s {} merge value {transformation:[-0.9832623195050323f,0.09768821371944628f,0.1537927954810869f,-1.002627543127127f,-0.14804422267663528f,0.06363719710475468f,-0.9869312110156016f,0.6552107217997518f,-0.10619848950740518f,-0.9931804065953751f,-0.04810988236725561f,1.6984805202211826f,0f,0f,0f,1f],start_interpolation:0}
execute if entity @s[tag=aj.animal_bear.bone.front_leg_right] run data modify entity @s {} merge value {transformation:[-0.9832623195050323f,0.14560049777251938f,0.10952491081931186f,-0.7308255553771675f,-0.14804422267663528f,-0.2880881364426425f,-0.9460909754210092f,0.4425242521458812f,-0.10619848950740518f,-0.9464701372412129f,0.30482152177453864f,0.9210445582755915f,0f,0f,0f,1f],start_interpolation:0}
execute if entity @s[tag=aj.animal_bear.bone.front_body] run data modify entity @s {} merge value {transformation:[-2.203518291221937f,-0.2817292985177091f,-0.5188808197525456f,-0.062499999999999924f,0f,2.0048015382601085f,-1.0885184218422315f,0.12543749999999998f,0.5904309466401252f,-1.05142805604883f,-1.9364895823894905f,-0.6609375f,0f,0f,0f,1f],start_interpolation:0}