execute if entity @s[tag=aj.animal_boar.bone.rear_body] run data modify entity @s {} merge value {transformation:[-1.171875f,1.5623844119605533e-17f,1.426603022784495e-16f,-4.0569027596204264e-17f,0f,1.1649097713542809f,-0.12757836896714597f,-0.4944096874999999f,-1.4351329677508045e-16f,-0.12757836896714597f,-1.1649097713542809f,0.33127125f,0f,0f,0f,1f],start_interpolation:0}
execute if entity @s[tag=aj.animal_boar.bone.head] run data modify entity @s {} merge value {transformation:[-1f,-4.43858583473381e-17f,1.141380453897324e-16f,-1.0850577832812486e-16f,0f,0.9320078692827984f,0.36243803828370164f,-0.6657024335485097f,-1.2246467991473532e-16f,0.36243803828370164f,-0.9320078692827984f,0.886016918540683f,0f,0f,0f,1f],start_interpolation:0}
execute if entity @s[tag=aj.animal_boar.bone.front_body] run data modify entity @s {} merge value {transformation:[-1f,-2.1265768495757713e-17f,1.2060416625018976e-16f,-4.4362906839537814e-17f,0f,0.984807753012208f,0.17364817766693033f,-0.5565721875f,-1.2246467991473532e-16f,0.17364817766693033f,-0.984807753012208f,0.362250625f,0f,0f,0f,1f],start_interpolation:0}
execute if entity @s[tag=aj.animal_boar.bone.front_leg_left_under] run data modify entity @s {} merge value {transformation:[-1f,3.169619151431765e-17f,1.1829179713786698e-16f,0.6005856249999999f,0f,0.9659258262890683f,-0.25881904510252074f,-1.1584758774422617f,-1.2246467991473532e-16f,-0.25881904510252074f,-0.9659258262890683f,0.7800930393088421f,0f,0f,0f,1f],start_interpolation:0}
execute if entity @s[tag=aj.animal_boar.bone.front_leg_left] run data modify entity @s {} merge value {transformation:[-1f,3.169619151431765e-17f,1.1829179713786698e-16f,0.5624999999999999f,0f,0.9659258262890683f,-0.25881904510252074f,-0.5625f,-1.2246467991473532e-16f,-0.25881904510252074f,-0.9659258262890683f,0.46875000000000006f,0f,0f,0f,1f],start_interpolation:0}
execute if entity @s[tag=aj.animal_boar.bone.rear_leg_right_under] run data modify entity @s {} merge value {transformation:[-1f,-8.27359385291814e-17f,9.029043306084036e-17f,0.46875000000000017f,0f,0.7372773368101241f,0.6755902076156601f,-1.162611827059062f,-1.2246467991473532e-16f,0.6755902076156601f,-0.7372773368101241f,-1.2625939979818674f,0f,0f,0f,1f],start_interpolation:0}
execute if entity @s[tag=aj.animal_boar.bone.rear_leg_right] run data modify entity @s {} merge value {transformation:[-1f,-2.6506208041798655e-17f,1.195617780139768e-16f,0.4687500000000001f,0f,0.9762960071199334f,0.21643961393810288f,-0.5625f,-1.2246467991473532e-16f,0.21643961393810288f,-0.9762960071199334f,-0.9374999999999999f,0f,0f,0f,1f],start_interpolation:0}
execute if entity @s[tag=aj.animal_boar.bone.front_leg_right_under] run data modify entity @s {} merge value {transformation:[-1f,3.4269170634161425e-17f,1.1757219811956103e-16f,-0.5625000000000001f,0f,0.9600498543859287f,-0.27982901403099203f,-1.1721245380238399f,-1.2246467991473532e-16f,-0.27982901403099203f,-0.9600498543859287f,0.7291555445631293f,0f,0f,0f,1f],start_interpolation:0}
execute if entity @s[tag=aj.animal_boar.bone.front_leg_right] run data modify entity @s {} merge value {transformation:[-1f,3.169619151431765e-17f,1.1829179713786698e-16f,-0.5625000000000001f,0f,0.9659258262890683f,-0.25881904510252074f,-0.5625f,-1.2246467991473532e-16f,-0.25881904510252074f,-0.9659258262890683f,0.46874999999999994f,0f,0f,0f,1f],start_interpolation:0}
execute if entity @s[tag=aj.animal_boar.bone.right_leg_left_under] run data modify entity @s {} merge value {transformation:[-1f,-8.659560562354933e-17f,8.659560562354935e-17f,-0.5624999999999999f,0f,0.7071067811865476f,0.7071067811865475f,-1.1478602525454784f,-1.2246467991473532e-16f,0.7071067811865475f,-0.7071067811865476f,-1.2884610907777296f,0f,0f,0f,1f],start_interpolation:0}
execute if entity @s[tag=aj.animal_boar.bone.right_leg_left] run data modify entity @s {} merge value {transformation:[-1f,-3.169619151431765e-17f,1.1829179713786698e-16f,-0.4687499999999999f,0f,0.9659258262890683f,0.25881904510252074f,-0.5625f,-1.2246467991473532e-16f,0.25881904510252074f,-0.9659258262890683f,-0.9375000000000001f,0f,0f,0f,1f],start_interpolation:0}
execute if entity @s[tag=aj.animal_boar.bone.tale] run data modify entity @s {} merge value {transformation:[-1f,4.6865204053262974e-17f,1.1314261122877003e-16f,1.6934569019459494e-16f,0f,0.9238795325112867f,-0.3826834323650897f,-0.2578125f,-1.2246467991473532e-16f,-0.3826834323650897f,-0.9238795325112867f,-1.3828125f,0f,0f,0f,1f],start_interpolation:0}