execute if entity @s[tag=aj.animal_boar.bone.rear_body] run data modify entity @s {} merge value {transformation:[-1.171875f,2.3377666416594834e-17f,1.415964373286515e-16f,-3.932654687804432e-17f,0f,1.1562226547869676f,-0.19089313288428367f,-0.51114578125f,-1.4351329677508045e-16f,-0.19089313288428367f,-1.1562226547869676f,0.32112562499999997f,0f,0f,0f,1f],start_interpolation:0}
execute if entity @s[tag=aj.animal_boar.bone.head] run data modify entity @s {} merge value {transformation:[-1f,-6.466966030315958e-17f,1.0399727334354743e-16f,-1.0775135254406129e-16f,0f,0.8492021815265789f,0.528067850650368f,-0.7587537441046992f,-1.2246467991473532e-16f,0.528067850650368f,-0.8492021815265789f,0.8798565645138008f,0f,0f,0f,1f],start_interpolation:0}
execute if entity @s[tag=aj.animal_boar.bone.front_body] run data modify entity @s {} merge value {transformation:[-1f,-3.169619151431765e-17f,1.1829179713786698e-16f,-4.501736574304466e-17f,0f,0.9659258262890683f,0.25881904510252074f,-0.6043895312500001f,-1.2246467991473532e-16f,0.25881904510252074f,-0.9659258262890683f,0.3675946875f,0f,0f,0f,1f],start_interpolation:0}
execute if entity @s[tag=aj.animal_boar.bone.front_leg_left_under] run data modify entity @s {} merge value {transformation:[-1f,4.6865204053262974e-17f,1.1314261122877003e-16f,0.6005856249999999f,0f,0.9238795325112867f,-0.3826834323650897f,-1.175238799797677f,-1.2246467991473532e-16f,-0.3826834323650897f,-0.9238795325112867f,0.8552199183847982f,0f,0f,0f,1f],start_interpolation:0}
execute if entity @s[tag=aj.animal_boar.bone.front_leg_left] run data modify entity @s {} merge value {transformation:[-1f,4.6865204053262974e-17f,1.1314261122877003e-16f,0.5624999999999999f,0f,0.9238795325112867f,-0.3826834323650897f,-0.625f,-1.2246467991473532e-16f,-0.3826834323650897f,-0.9238795325112867f,0.46875000000000006f,0f,0f,0f,1f],start_interpolation:0}
execute if entity @s[tag=aj.animal_boar.bone.rear_leg_right_under] run data modify entity @s {} merge value {transformation:[-1f,-1.0983523321605183e-16f,5.4164742877577516e-17f,0.46875000000000017f,0f,0.44228869021900125f,0.8968727415326884f,-1.1861529977368201f,-1.2246467991473532e-16f,0.8968727415326884f,-0.44228869021900125f,-1.325994048385532f,0f,0f,0f,1f],start_interpolation:0}
execute if entity @s[tag=aj.animal_boar.bone.rear_leg_right] run data modify entity @s {} merge value {transformation:[-1f,-3.9364981230315354e-17f,1.15965495210237e-16f,0.4687500000000001f,0f,0.9469301294951057f,0.3214394653031616f,-0.625f,-1.2246467991473532e-16f,0.3214394653031616f,-0.9469301294951057f,-0.9374999999999999f,0f,0f,0f,1f],start_interpolation:0}
execute if entity @s[tag=aj.animal_boar.bone.front_leg_right_under] run data modify entity @s {} merge value {transformation:[-1f,4.809658576312897e-17f,1.126246698754254e-16f,-0.5625000000000001f,0f,0.9196502204050921f,-0.392738427084574f,-1.1954193714263046f,-1.2246467991473532e-16f,-0.392738427084574f,-0.9196502204050921f,0.8064997086625232f,0f,0f,0f,1f],start_interpolation:0}
execute if entity @s[tag=aj.animal_boar.bone.front_leg_right] run data modify entity @s {} merge value {transformation:[-1f,4.6865204053262974e-17f,1.1314261122877003e-16f,-0.5625000000000001f,0f,0.9238795325112867f,-0.3826834323650897f,-0.625f,-1.2246467991473532e-16f,-0.3826834323650897f,-0.9238795325112867f,0.46874999999999994f,0f,0f,0f,1f],start_interpolation:0}
execute if entity @s[tag=aj.animal_boar.bone.right_leg_left_under] run data modify entity @s {} merge value {transformation:[-1f,-1.1314261122877003e-16f,4.6865204053262974e-17f,-0.5624999999999998f,0f,0.38268343236508967f,0.9238795325112867f,-1.1595427996420775f,-1.2246467991473532e-16f,0.9238795325112867f,-0.38268343236508967f,-1.3618634148354565f,0f,0f,0f,1f],start_interpolation:0}
execute if entity @s[tag=aj.animal_boar.bone.right_leg_left] run data modify entity @s {} merge value {transformation:[-1f,-4.6865204053262974e-17f,1.1314261122877003e-16f,-0.4687499999999999f,0f,0.9238795325112867f,0.3826834323650897f,-0.625f,-1.2246467991473532e-16f,0.3826834323650897f,-0.9238795325112867f,-0.9375000000000001f,0f,0f,0f,1f],start_interpolation:0}
execute if entity @s[tag=aj.animal_boar.bone.tale] run data modify entity @s {} merge value {transformation:[-1f,6.80377307569005e-17f,1.0182565992946029e-16f,1.6934569019459494e-16f,0f,0.8314696123025453f,-0.5555702330196022f,-0.3203125f,-1.2246467991473532e-16f,-0.5555702330196022f,-0.8314696123025453f,-1.3828125f,0f,0f,0f,1f],start_interpolation:0}