execute if entity @s[tag=aj.animal_alpha.bone.bone4] run data modify entity @s {} merge value {transformation:[-0.324418826323328f,-0.7970720516940405f,0.5093413094725844f,-0.14153824714909213f,-0.5f,0.6015917957689932f,0.6229665410464978f,-1.56875f,-0.8029647720336144f,-0.05256858065128395f,-0.5937037301561403f,0.8338890335238254f,0f,0f,0f,1f],start_interpolation:0}
execute if entity @s[tag=aj.animal_alpha.bone.bone] run data modify entity @s {} merge value {transformation:[-0.324418826323328f,0.3013825141217297f,0.8966164203875923f,0.046825824176988926f,-0.5f,0.75f,-0.4330127018922193f,-1.1f,-0.8029647720336144f,-0.5887856827247631f,-0.09262286268163122f,0.46589798182084846f,0f,0f,0f,1f],start_interpolation:0}
execute if entity @s[tag=aj.animal_alpha.bone.bone5] run data modify entity @s {} merge value {transformation:[0.08360290062232478f,-0.3616548073777597f,0.9285560593244165f,-0.5791061417291868f,0.14785582586917195f,0.9260059859979322f,0.3473493466994613f,-1.4142947385066034f,-0.9854690303424449f,0.10825301010389074f,0.13088955664745774f,0.14179015061274697f,0f,0f,0f,1f],start_interpolation:0}
execute if entity @s[tag=aj.animal_alpha.bone.bone2] run data modify entity @s {} merge value {transformation:[0.08360290062232478f,0.8516485080835166f,0.5174025257830256f,-0.04682582417698901f,0.14785582586917195f,0.5028715816105651f,-0.8516212932783176f,-1.1f,-0.9854690303424449f,0.14769898810624743f,-0.08387967064975699f,0.2341020181791516f,0f,0f,0f,1f],start_interpolation:0}
execute if entity @s[tag=aj.animal_alpha.bone.head] run data modify entity @s {} merge value {transformation:[-0.9975640502598242f,0f,0.06975647374412569f,-4.336808689942018e-17f,0f,1f,0f,-0.2250000000000001f,-0.06975647374412569f,0f,-0.9975640502598242f,0.35000000000000003f,0f,0f,0f,1f],start_interpolation:0}
execute if entity @s[tag=aj.animal_alpha.bone.bone6] run data modify entity @s {} merge value {transformation:[-0.33377691873755666f,0.9206837573831539f,0.20232248369595565f,-0.3081061727159558f,-0.45399049973954675f,0.03109567925281885f,-0.8904637470880229f,-0.7005578614446784f,-0.8261268635411264f,-0.3890687312322124f,0.4076026591094044f,1.0880710223022387f,0f,0f,0f,1f],start_interpolation:0}
execute if entity @s[tag=aj.animal_alpha.bone.left_down_arm] run data modify entity @s {} merge value {transformation:[-0.33377691873755666f,0.9206837573831539f,0.20232248369595565f,0.20977844081206826f,-0.45399049973954675f,0.03109567925281885f,-0.8904637470880229f,-0.6830665418649677f,-0.8261268635411264f,-0.3890687312322124f,0.4076026591094044f,0.8692198609841193f,0f,0f,0f,1f],start_interpolation:0}
execute if entity @s[tag=aj.animal_alpha.bone.left_upper_arm] run data modify entity @s {} merge value {transformation:[-0.33377691873755666f,-0.17006783455061897f,0.9271838545667874f,0.09365164835397788f,-0.45399049973954675f,0.8910065241883679f,0f,-0.3500000000000001f,-0.8261268635411264f,-0.4209326614852151f,-0.37460659341591174f,0.581795963641697f,0f,0f,0f,1f],start_interpolation:0}
execute if entity @s[tag=aj.animal_alpha.bone.bone7] run data modify entity @s {} merge value {transformation:[-0.2619110741194825f,0.7441318887791842f,0.6145488762950448f,-0.7534251235993185f,0.9261368642178083f,0.3728854004230979f,-0.056806574338810284f,-0.6942509979783883f,-0.2714278872746567f,0.5542780982983447f,-0.7868307897867155f,-0.5142057952356471f,0f,0f,0f,1f],start_interpolation:0}
execute if entity @s[tag=aj.animal_alpha.bone.left_down_arm2] run data modify entity @s {} merge value {transformation:[-0.2619110741194825f,0.7441318887791842f,0.6145488762950448f,-0.29644163139258706f,0.9261368642178083f,0.3728854004230979f,-0.056806574338810284f,-0.4880533711365713f,-0.2714278872746567f,0.5542780982983447f,-0.7868307897867155f,-0.25160128930449793f,0f,0f,0f,1f],start_interpolation:0}
execute if entity @s[tag=aj.animal_alpha.bone.left_upper_arm2] run data modify entity @s {} merge value {transformation:[0.5185498191348787f,0.7441318887791842f,0.42115771057539486f,-0.03570265744355376f,0.20067193238827297f,0.3728854004230979f,-0.9059179067127784f,-0.3500000000000001f,-0.831165964550246f,0.5542780982983447f,0.04403327287437994f,0.09479112426980868f,0f,0f,0f,1f],start_interpolation:0}
execute if entity @s[tag=aj.animal_alpha.bone.upperbody] run data modify entity @s {} merge value {transformation:[-0.37460659341591174f,0f,0.9271838545667874f,-0.01228974535505928f,0f,1f,0f,-0.6000000000000001f,-0.9271838545667874f,0f,-0.37460659341591174f,0.1527401151802329f,0f,0f,0f,1f],start_interpolation:0}
execute if entity @s[tag=aj.animal_alpha.bone.downbody] run data modify entity @s {} merge value {transformation:[-0.37460659341591174f,0f,0.9271838545667874f,-4.2862637970157366e-17f,0f,1f,0f,-1.1f,-0.9271838545667874f,0f,-0.37460659341591174f,0.35000000000000003f,0f,0f,0f,1f],start_interpolation:0}