execute if entity @s[tag=aj.animal_alpha.bone.bone4] run data modify entity @s {} merge value {transformation:[-0.20533495396307277f,0.7299971623844823f,-0.6518755246146205f,0.4779888720929166f,-0.6087614290087207f,0.426268439019125f,0.6691074207087072f,-1.5808809515945377f,0.7663204807600037f,0.5342278173277786f,0.35686630544358566f,0.12366720971709988f,0f,0f,0f,1f],start_interpolation:0}
execute if entity @s[tag=aj.animal_alpha.bone.bone] run data modify entity @s {} merge value {transformation:[-0.20533495396307277f,-0.7130183863281625f,-0.6704046072626336f,0.03235238063781505f,-0.6087614290087207f,0.6294095225512604f,-0.4829629131445341f,-1.1875f,0.7663204807600037f,0.30894729919482655f,-0.563297867107607f,0.3167592717138665f,0f,0f,0f,1f],start_interpolation:0}
execute if entity @s[tag=aj.animal_alpha.bone.bone5] run data modify entity @s {} merge value {transformation:[-0.7404021790361035f,0.39130644074248905f,-0.5465197916928857f,0.3465017308484577f,0.17247772184077084f,0.8964541894383604f,0.4081927506791741f,-1.3414523432714835f,0.6496584092792207f,0.20796431345752006f,-0.7312282787070911f,1.0308856671262383f,0f,0f,0f,1f],start_interpolation:0}
execute if entity @s[tag=aj.animal_alpha.bone.bone2] run data modify entity @s {} merge value {transformation:[-0.7404021790361035f,-0.6061665783780366f,-0.29045945076043544f,-0.03235238063781516f,0.17247772184077084f,0.2463237492343735f,-0.9537169632714622f,-1.1875f,0.6496584092792207f,-0.7562319021441676f,-0.07782841018681426f,0.5582407282861336f,0f,0f,0f,1f],start_interpolation:0}
execute if entity @s[tag=aj.animal_alpha.bone.head] run data modify entity @s {} merge value {transformation:[-0.9762960071199335f,0f,-0.2164396139381028f,-5.551115123125783e-17f,0f,1f,0f,-0.3125f,0.2164396139381028f,0f,-0.9762960071199335f,0.43750000000000006f,0f,0f,0f,1f],start_interpolation:0}
execute if entity @s[tag=aj.animal_alpha.bone.bone6] run data modify entity @s {} merge value {transformation:[-0.21828576865292554f,-0.8601108969159177f,0.4610429136317973f,0.6366430869326986f,-0.5372996083468239f,-0.2884568631765659f,-0.792528718064327f,-0.5770643209629662f,0.8146535791819436f,-0.4207159173276325f,-0.3991712199460495f,0.10378073845800895f,0f,0f,0f,1f],start_interpolation:0}
execute if entity @s[tag=aj.animal_alpha.bone.left_down_arm] run data modify entity @s {} merge value {transformation:[-0.21828576865292554f,-0.8601108969159177f,0.4610429136317973f,0.15283070741749483f,-0.5372996083468239f,-0.2884568631765659f,-0.792528718064327f,-0.7393213064997846f,0.8146535791819436f,-0.4207159173276325f,-0.3991712199460495f,-0.13287196503878435f,0f,0f,0f,1f],start_interpolation:0}
execute if entity @s[tag=aj.animal_alpha.bone.left_upper_arm] run data modify entity @s {} merge value {transformation:[-0.21828576865292554f,-0.1390633715662834f,-0.9659258262890683f,0.06470476127563016f,-0.5372996083468239f,0.8433914458128857f,0f,-0.4375f,0.8146535791819436f,0.5189915681571986f,-0.25881904510252085f,0.196018543427733f,0f,0f,0f,1f],start_interpolation:0}
execute if entity @s[tag=aj.animal_alpha.bone.bone7] run data modify entity @s {} merge value {transformation:[-0.9778872992209203f,-0.12491053618183076f,-0.167731296940022f,-0.11191729558072994f,0.16043002384823685f,0.0664523406957207f,-0.9848077446202959f,-0.42234810367592257f,0.13415900070613407f,-0.9899401216067706f,-0.04494349967129959f,1.672324231677853f,0f,0f,0f,1f],start_interpolation:0}
execute if entity @s[tag=aj.animal_alpha.bone.left_down_arm2] run data modify entity @s {} merge value {transformation:[-0.9778872992209203f,-0.12491053618183076f,-0.167731296940022f,-0.19266267824176112f,0.16043002384823685f,0.0664523406957207f,-0.9848077446202959f,-0.4465191460733482f,0.13415900070613407f,-0.9899401216067706f,-0.04494349967129959f,1.1126739445445883f,0f,0f,0f,1f],start_interpolation:0}
execute if entity @s[tag=aj.animal_alpha.bone.left_upper_arm2] run data modify entity @s {} merge value {transformation:[-0.9778872992209203f,-0.12491053618183076f,-0.167731296940022f,-0.12507512541869703f,0.16043002384823685f,0.0664523406957207f,-0.9848077446202959f,-0.4375f,0.13415900070613407f,-0.9899401216067706f,-0.04494349967129959f,0.6628052662533596f,0f,0f,0f,1f],start_interpolation:0}
execute if entity @s[tag=aj.animal_alpha.bone.upperbody] run data modify entity @s {} merge value {transformation:[-0.25881904510252085f,0f,-0.9659258262890683f,-0.10889893509978948f,0f,1f,0f,-0.6875f,0.9659258262890683f,0f,-0.25881904510252085f,0.6024349021102928f,0f,0f,0f,1f],start_interpolation:0}
execute if entity @s[tag=aj.animal_alpha.bone.downbody] run data modify entity @s {} merge value {transformation:[-0.25881904510252085f,0f,-0.9659258262890683f,-5.35782974626967e-17f,0f,1f,0f,-1.1875f,0.9659258262890683f,0f,-0.25881904510252085f,0.4375f,0f,0f,0f,1f],start_interpolation:0}