execute if entity @s[tag=aj.animal_alpha.bone.bone4] run data modify entity @s {} merge value {transformation:[-0.8007888022949119f,-0.41600745683369306f,0.4309003248755371f,0.14271070896585242f,-0.25881904510252074f,0.8891394111741462f,0.377417288142862f,-1.5081329386826372f,-0.5401388673399645f,0.19070632751866357f,-0.8196835368805722f,0.4663796996529024f,0f,0f,0f,1f],start_interpolation:0}
execute if entity @s[tag=aj.animal_alpha.bone.bone] run data modify entity @s {} merge value {transformation:[-0.8007888022949119f,-0.0625296198343556f,0.5956738543552599f,0.10362969656938016f,-0.25881904510252074f,0.9330127018922193f,-0.25f,-0.925f,-0.5401388673399645f,-0.35436893875049436f,-0.7633299805703615f,0.2448991129338434f,0f,0f,0f,1f],start_interpolation:0}
execute if entity @s[tag=aj.animal_alpha.bone.bone5] run data modify entity @s {} merge value {transformation:[-0.6758250024874742f,-0.09071389142037933f,0.7314585127785287f,-0.35405569443031865f,0.0807023656122555f,0.9773235428814538f,0.19576981563619278f,-1.471569800622033f,-0.73263066697852f,0.19133656846775182f,-0.6531788601674078f,0.2759027390565386f,0f,0f,0f,1f],start_interpolation:0}
execute if entity @s[tag=aj.animal_alpha.bone.bone2] run data modify entity @s {} merge value {transformation:[-0.6758250024874742f,0.40068159657750146f,0.6186394945175338f,-0.10362969656938022f,0.0807023656122555f,0.8745116809952528f,-0.47824308462061743f,-0.925f,-0.73263066697852f,-0.2732829631846112f,-0.6233528116850418f,0.10510088706615664f,0f,0f,0f,1f],start_interpolation:0}
execute if entity @s[tag=aj.animal_alpha.bone.head] run data modify entity @s {} merge value {transformation:[-0.9993908270190957f,0f,0.034899496702501254f,-2.7755575615628914e-17f,0f,1f,0f,-0.050000000000000044f,-0.034899496702501254f,0f,-0.9993908270190957f,0.17500000000000002f,0f,0f,0f,1f],start_interpolation:0}
execute if entity @s[tag=aj.animal_alpha.bone.bone6] run data modify entity @s {} merge value {transformation:[-0.7969220629908463f,0.22406901423281747f,0.5609886829332184f,0.28081058491941296f,-0.27563735581699916f,0.6914737964294635f,-0.6677484832851647f,-0.9500513329874629f,-0.5375307187469629f,-0.6867729360655954f,-0.4892889337510252f,0.8357331655685889f,0f,0f,0f,1f],start_interpolation:0}
execute if entity @s[tag=aj.animal_alpha.bone.left_down_arm] run data modify entity @s {} merge value {transformation:[-0.7969220629908463f,0.22406901423281747f,0.5609886829332184f,0.4068494054253728f,-0.27563735581699916f,0.6914737964294635f,-0.6677484832851647f,-0.5610973224958897f,-0.5375307187469629f,-0.6867729360655954f,-0.4892889337510252f,0.44942338903169154f,0f,0f,0f,1f],start_interpolation:0}
execute if entity @s[tag=aj.animal_alpha.bone.left_upper_arm] run data modify entity @s {} merge value {transformation:[-0.7969220629908463f,-0.22851372437201523f,0.559192903470747f,0.20725939313876035f,-0.27563735581699916f,0.9612616959383189f,0f,-0.17500000000000004f,-0.5375307187469629f,-0.15413445330430717f,-0.8290375725550415f,0.3147982258676868f,0f,0f,0f,1f],start_interpolation:0}
execute if entity @s[tag=aj.animal_alpha.bone.bone7] run data modify entity @s {} merge value {transformation:[-0.8023149500460601f,0.5342524642486275f,0.26620485603545435f,-0.783268995391487f,0.45910981703862874f,0.8373436377427568f,-0.2967723171565766f,-0.9702879474232342f,-0.3814562842991906f,-0.1158876040653003f,-0.91709387000059f,0.04952222144058084f,0f,0f,0f,1f],start_interpolation:0}
execute if entity @s[tag=aj.animal_alpha.bone.left_down_arm2] run data modify entity @s {} merge value {transformation:[-0.8023149500460601f,0.5342524642486275f,0.26620485603545435f,-0.4661141807494181f,0.45910981703862874f,0.8373436377427568f,-0.2967723171565766f,-0.5178304210152196f,-0.3814562842991906f,-0.1158876040653003f,-0.91709387000059f,-0.07298292272118745f,0f,0f,0f,1f],start_interpolation:0}
execute if entity @s[tag=aj.animal_alpha.bone.left_upper_arm2] run data modify entity @s {} merge value {transformation:[-0.48055112775043884f,0.5342524642486275f,0.6954458412141454f,-0.17230983667183872f,0.18805936397789236f,0.8373436377427568f,-0.5133120960506945f,-0.17500000000000004f,-0.8565654027790359f,-0.1158876040653003f,-0.5028576080621552f,-0.01661307415237684f,0f,0f,0f,1f],start_interpolation:0}
execute if entity @s[tag=aj.animal_alpha.bone.upperbody] run data modify entity @s {} merge value {transformation:[-0.8290375725550415f,0f,0.559192903470747f,-0.12049498838714862f,0f,1f,0f,-0.42500000000000004f,-0.559192903470747f,0f,-0.8290375725550415f,0.01833648231454485f,0f,0f,0f,1f],start_interpolation:0}
execute if entity @s[tag=aj.animal_alpha.bone.downbody] run data modify entity @s {} merge value {transformation:[-0.8290375725550415f,0f,0.559192903470747f,-2.1431318985078683e-17f,0f,1f,0f,-0.925f,-0.559192903470747f,0f,-0.8290375725550415f,0.17500000000000002f,0f,0f,0f,1f],start_interpolation:0}