execute if entity @s[tag=aj.animal_alpha.bone.bone4] run data modify entity @s {} merge value {transformation:[-0.06914529963441834f,-0.8686896213383566f,0.49050715521538424f,-0.34182548001064106f,-0.6087614290087207f,0.426268439019125f,0.6691074207087072f,-1.5808809515945377f,-0.7903343913115048f,-0.2523362036554033f,-0.5582991941916556f,0.8958881797307869f,0f,0f,0f,1f],start_interpolation:0}
execute if entity @s[tag=aj.animal_alpha.bone.bone] run data modify entity @s {} merge value {transformation:[-0.06914529963441834f,0.5643519165665573f,0.8226334796287591f,0.01089446784345724f,-0.6087614290087207f,0.6294095225512604f,-0.4829629131445341f,-1.1875f,-0.7903343913115048f,-0.53418214795091f,0.30003496916330463f,0.5620243372614682f,0f,0f,0f,1f],start_interpolation:0}
execute if entity @s[tag=aj.animal_alpha.bone.bone5] run data modify entity @s {} merge value {transformation:[0.4735542017996282f,-0.4388357591270805f,0.7636554160544378f,-0.5285549704857544f,0.17247772184077084f,0.8964541894383604f,0.4081927506791741f,-1.3414523432714835f,-0.8637116726237608f,-0.06158784579583565f,0.5002090401259194f,-0.0015895610312674502f,0f,0f,0f,1f],start_interpolation:0}
execute if entity @s[tag=aj.animal_alpha.bone.bone2] run data modify entity @s {} merge value {transformation:[0.4735542017996282f,0.8282568042276752f,0.29956148652401215f,-0.010894467843457347f,0.17247772184077084f,0.2463237492343735f,-0.9537169632714622f,-1.1875f,-0.8637116726237608f,0.5033043580316788f,-0.02620820023933104f,0.31297566273853183f,0f,0f,0f,1f],start_interpolation:0}
execute if entity @s[tag=aj.animal_alpha.bone.head] run data modify entity @s {} merge value {transformation:[-0.9961946980917453f,0f,0.08715574274765818f,-5.551115123125783e-17f,0f,1f,0f,-0.3125f,-0.08715574274765818f,0f,-0.9961946980917453f,0.4375f,0f,0f,0f,1f],start_interpolation:0}
execute if entity @s[tag=aj.animal_alpha.bone.bone6] run data modify entity @s {} merge value {transformation:[-0.0735064078868435f,0.952133181233224f,-0.2967140259480047f,-0.48411010120189024f,-0.5372996083468239f,-0.2884568631765659f,-0.792528718064327f,-0.5770643209629662f,-0.8401820867347284f,0.10116839072079867f,0.5327842132130428f,0.9688382873251495f,0f,0f,0f,1f],start_interpolation:0}
execute if entity @s[tag=aj.animal_alpha.bone.left_down_arm] run data modify entity @s {} merge value {transformation:[-0.0735064078868435f,0.952133181233224f,-0.2967140259480047f,0.051464813241798316f,-0.5372996083468239f,-0.2884568631765659f,-0.792528718064327f,-0.7393213064997846f,-0.8401820867347284f,0.10116839072079867f,0.5327842132130428f,1.0257455071055988f,0f,0f,0f,1f],start_interpolation:0}
execute if entity @s[tag=aj.animal_alpha.bone.left_upper_arm] run data modify entity @s {} merge value {transformation:[-0.0735064078868435f,-0.046828746443493365f,0.9961946980917454f,0.021788935686914535f,-0.5372996083468239f,0.8433914458128857f,0f,-0.4375f,-0.8401820867347284f,-0.5352550211218773f,-0.08715574274765835f,0.6865486745229363f,0f,0f,0f,1f],start_interpolation:0}
execute if entity @s[tag=aj.animal_alpha.bone.bone7] run data modify entity @s {} merge value {transformation:[-0.21090376238275096f,0.4559569713842554f,0.8646518624619376f,-0.3603959300457796f,0.9768725665076805f,0.0664523406957207f,0.20323404050689148f,-0.49660071524637184f,0.03520783744419719f,0.8875175078059909f,-0.45942690552507454f,-0.7333649068067707f,0f,0f,0f,1f],start_interpolation:0}
execute if entity @s[tag=aj.animal_alpha.bone.left_down_arm2] run data modify entity @s {} merge value {transformation:[-0.21090376238275096f,0.4559569713842554f,0.8646518624619376f,-0.049879392238264805f,0.9768725665076805f,0.0664523406957207f,0.20323404050689148f,-0.4465191460733482f,0.03520783744419719f,0.8875175078059909f,-0.45942690552507454f,-0.262850490261218f,0f,0f,0f,1f],start_interpolation:0}
execute if entity @s[tag=aj.animal_alpha.bone.left_upper_arm2] run data modify entity @s {} merge value {transformation:[0.8730283983882199f,0.4559569713842554f,0.1729874442085237f,0.04047323294381945f,0.16043002384823685f,0.0664523406957207f,-0.9848077446202959f,-0.4375f,-0.46052537721145614f,0.8875175078059909f,-0.01513440722621255f,0.183004091555335f,0f,0f,0f,1f],start_interpolation:0}
execute if entity @s[tag=aj.animal_alpha.bone.upperbody] run data modify entity @s {} merge value {transformation:[-0.08715574274765835f,0f,0.9961946980917454f,0.0459204668655481f,0f,1f,0f,-0.6875f,-0.9961946980917454f,0f,-0.08715574274765835f,0.2452662601860691f,0f,0f,0f,1f],start_interpolation:0}
execute if entity @s[tag=aj.animal_alpha.bone.downbody] run data modify entity @s {} merge value {transformation:[-0.08715574274765835f,0f,0.9961946980917454f,-5.35782974626967e-17f,0f,1f,0f,-1.1875f,-0.9961946980917454f,0f,-0.08715574274765835f,0.4375f,0f,0f,0f,1f],start_interpolation:0}