execute if entity @s[tag=aj.animal_alpha.bone.bone4] run data modify entity @s {} merge value {transformation:[-0.581416228682944f,-0.6386550311762432f,0.5040584491677274f,0.03185097016006311f,-0.3826834323650897f,0.7613933178744163f,0.5232911293815916f,-1.545970869120796f,-0.7179892475639008f,0.11135513750815351f,-0.6870891308506952f,0.6818889182841676f,0f,0f,0f,1f],start_interpolation:0}
execute if entity @s[tag=aj.animal_alpha.bone.bone] run data modify entity @s {} merge value {transformation:[-0.581416228682944f,0.07490252595386646f,0.8101510850636645f,0.07866504888122965f,-0.3826834323650897f,0.8535533905932737f,-0.35355339059327373f,-1.0125f,-0.7179892475639008f,-0.5155930769632739f,-0.4676058376134402f,0.3596432451821214f,0f,0f,0f,1f],start_interpolation:0}
execute if entity @s[tag=aj.animal_alpha.bone.bone5] run data modify entity @s {} merge value {transformation:[-0.3226682134052158f,-0.22729442482928924f,0.9188157968273123f,-0.5049591795288855f,0.11677912403629563f,0.9537617970442007f,0.27694958149152754f,-1.4604539197882698f,-0.9392805013664457f,0.19666133056739782f,-0.28120537123650236f,0.2561069609977199f,0f,0f,0f,1f],start_interpolation:0}
execute if entity @s[tag=aj.animal_alpha.bone.bone2] run data modify entity @s {} merge value {transformation:[-0.3226682134052158f,0.6820706090362492f,0.6562506444543932f,-0.0786650488812297f,0.11677912403629563f,0.7167262716612319f,-0.687507154653612f,-1.0125f,-0.9392805013664457f,-0.14520032988774595f,-0.31091639383166686f,0.16535675481787865f,0f,0f,0f,1f],start_interpolation:0}
execute if entity @s[tag=aj.animal_alpha.bone.head] run data modify entity @s {} merge value {transformation:[-0.9986295347545738f,0f,0.052335956242944015f,-2.7755575615628914e-17f,0f,1f,0f,-0.13749999999999996f,-0.052335956242944015f,0f,-0.9986295347545738f,0.2625f,0f,0f,0f,1f],start_interpolation:0}
execute if entity @s[tag=aj.animal_alpha.bone.bone6] run data modify entity @s {} merge value {transformation:[-0.5855307477220864f,0.616145700422356f,0.5267999803749606f,-0.015152586056313921f,-0.36650122672429725f,0.3784349182597588f,-0.8499787429408543f,-0.8366146741727128f,-0.7230702554258471f,-0.6907615279477962f,0.004232874392911645f,1.0603345466084024f,0f,0f,0f,1f],start_interpolation:0}
execute if entity @s[tag=aj.animal_alpha.bone.left_down_arm] run data modify entity @s {} merge value {transformation:[-0.5855307477220864f,0.616145700422356f,0.5267999803749606f,0.3314293704312613f,-0.36650122672429725f,0.3784349182597588f,-0.8499787429408543f,-0.6237450326515985f,-0.7230702554258471f,-0.6907615279477962f,0.004232874392911645f,0.671781187137767f,0f,0f,0f,1f],start_interpolation:0}
execute if entity @s[tag=aj.animal_alpha.bone.left_upper_arm] run data modify entity @s {} merge value {transformation:[-0.5855307477220864f,-0.23064669532237986f,0.777145961456971f,0.1573300977624593f,-0.36650122672429725f,0.9304175679820246f,0f,-0.26249999999999996f,-0.7230702554258471f,-0.2848249482178133f,-0.6293203910498374f,0.4567864903642428f,0f,0f,0f,1f],start_interpolation:0}
execute if entity @s[tag=aj.animal_alpha.bone.bone7] run data modify entity @s {} merge value {transformation:[-0.5281794829724833f,0.7537253721534806f,0.39105561898407426f,-0.8840354455812314f,0.7284801027613415f,0.6388401690853583f,-0.24738629356497538f,-0.8597862569317177f,-0.4362833639364967f,0.1542118728732908f,-0.8864962067697563f,-0.19213716956919008f,0f,0f,0f,1f],start_interpolation:0}
execute if entity @s[tag=aj.animal_alpha.bone.left_down_arm2] run data modify entity @s {} merge value {transformation:[-0.5281794829724833f,0.7537253721534806f,0.39105561898407426f,-0.43562394755839395f,0.7284801027613415f,0.6388401690853583f,-0.24738629356497538f,-0.5159003051690146f,-0.4362833639364967f,0.1542118728732908f,-0.8864962067697563f,-0.16079900400107378f,0f,0f,0f,1f],start_interpolation:0}
execute if entity @s[tag=aj.animal_alpha.bone.left_upper_arm2] run data modify entity @s {} merge value {transformation:[0.023115023441220073f,0.7537253721534806f,0.6567828857875402f,-0.1087584751713987f,0.2087381504466368f,0.6388401690853583f,-0.7404806701805983f,-0.26249999999999996f,-0.977698358513212f,0.1542118728732908f,-0.14256443464441942f,0.02888098519514242f,0f,0f,0f,1f],start_interpolation:0}
execute if entity @s[tag=aj.animal_alpha.bone.upperbody] run data modify entity @s {} merge value {transformation:[-0.6293203910498374f,0f,0.777145961456971f,-0.06942595073078386f,0f,1f,0f,-0.5125f,-0.777145961456971f,0f,-0.6293203910498374f,0.07745260778620311f,0f,0f,0f,1f],start_interpolation:0}
execute if entity @s[tag=aj.animal_alpha.bone.downbody] run data modify entity @s {} merge value {transformation:[-0.6293203910498374f,0f,0.777145961456971f,-3.2146978477618024e-17f,0f,1f,0f,-1.0125f,-0.777145961456971f,0f,-0.6293203910498374f,0.2625f,0f,0f,0f,1f],start_interpolation:0}