execute if entity @s[tag=aj.animal_bear.bone.head] run data modify entity @s {} merge value {transformation:[-0.9948217482960331f,0.01121162520598984f,-0.10101479385448761f,0.16670166814025028f,0f,0.99389694641452f,0.11031255553151162f,-0.295245f,0.10163507818280171f,0.10974132935286163f,-0.9887502978581815f,0.9675829593826806f,0f,0f,0f,1f],start_interpolation:0}
execute if entity @s[tag=aj.animal_bear.bone.front_leg_left_under] run data modify entity @s {} merge value {transformation:[-0.9948217482960331f,0f,-0.10163507818280171f,1.3047628177297395f,0f,1f,0f,-1.1087500000000001f,0.10163507818280171f,0f,-0.9948217482960331f,0.6172657447537625f,0f,0f,0f,1f],start_interpolation:0}
execute if entity @s[tag=aj.animal_bear.bone.front_leg_left] run data modify entity @s {} merge value {transformation:[-0.9948217482960331f,0f,-0.10163507818280171f,1.1234502759507943f,0f,1f,0f,-0.24250000000000005f,0.10163507818280171f,0f,-0.9948217482960331f,0.5670748078082262f,0f,0f,0f,1f],start_interpolation:0}
execute if entity @s[tag=aj.animal_bear.bone.front_leg_right_under] run data modify entity @s {} merge value {transformation:[-0.9815552845948396f,-0.17410268305290516f,-0.07897771228469028f,-0.971969466908917f,-0.16640786245227487f,0.9814344546465243f,-0.09536684196692252f,-1.0674304854183665f,0.09411507104607873f,-0.08046531542508759f,-0.9923042307757902f,0.9888768695181711f,0f,0f,0f,1f],start_interpolation:0}
execute if entity @s[tag=aj.animal_bear.bone.front_leg_right] run data modify entity @s {} merge value {transformation:[-0.9815552845948396f,-0.18446092937288677f,-0.05023334369554307f,-0.9756236129538355f,-0.16640786245227487f,0.9537080733322811f,-0.25049817199910446f,-0.24250000000000005f,0.09411507104607873f,-0.23751858115886224f,-0.9668129483029655f,0.7815248227739378f,0f,0f,0f,1f],start_interpolation:0}
execute if entity @s[tag=aj.animal_bear.bone.front_body] run data modify entity @s {} merge value {transformation:[-2.2694371133003255f,0f,-0.2318550221045164f,-0.062499999999999924f,0f,2.28125f,0f,0.12543749999999998f,0.2318550221045164f,0f,-2.2694371133003255f,-0.6609375f,0f,0f,0f,1f],start_interpolation:0}