execute if entity @s[tag=aj.animal_bear.bone.head] run data modify entity @s {} merge value {transformation:[-0.9396926207859084f,2.7755575615628914e-17f,-0.3420201433256686f,0.5277304646310949f,0f,1f,5.551115123125783e-17f,0.8057024606202087f,0.3420201433256686f,0f,-0.9396926207859084f,0.7779695988379502f,0f,0f,0f,1f],start_interpolation:0}
execute if entity @s[tag=aj.animal_bear.bone.front_leg_left_under] run data modify entity @s {} merge value {transformation:[-0.9396926207859084f,-0.21056862603097423f,-0.26951555089073914f,1.7336233055710513f,0f,0.7880107536067219f,-0.6156614753256583f,0.021303463323078753f,0.3420201433256686f,-0.5785325452656868f,-0.7404878902641792f,0.6767945757130156f,0f,0f,0f,1f],start_interpolation:0}
execute if entity @s[tag=aj.animal_bear.bone.front_leg_left] run data modify entity @s {} merge value {transformation:[-0.9396926207859084f,-0.21056862603097423f,-0.26951555089073914f,1.3680922122305692f,0f,0.7880107536067219f,-0.6156614753256583f,0.6618319297584837f,0.3420201433256686f,-0.5785325452656868f,-0.7404878902641792f,0.18496865737906631f,0f,0f,0f,1f],start_interpolation:0}
execute if entity @s[tag=aj.animal_bear.bone.front_leg_right_under] run data modify entity @s {} merge value {transformation:[-0.9571678839693885f,0.2084102086551331f,0.20098464325884957f,-0.9931233028139246f,-0.26955120707872915f,-0.38802055253006795f,-0.8813524820278551f,1.245382033142841f,-0.10569668235078727f,-0.8977779434484813f,0.42757803451235904f,1.3962766876111767f,0f,0f,0f,1f],start_interpolation:0}
execute if entity @s[tag=aj.animal_bear.bone.front_leg_right] run data modify entity @s {} merge value {transformation:[-0.9571678839693885f,0.27766649312834846f,0.08204243104252805f,-0.6146592176276977f,-0.26955120707872915f,-0.7511417199375867f,-0.6026012473697709f,0.6618319297584837f,-0.10569668235078727f,-0.5989051971414245f,0.7938140690218509f,0.9066311597962271f,0f,0f,0f,1f],start_interpolation:0}
execute if entity @s[tag=aj.animal_bear.bone.front_body] run data modify entity @s {} merge value {transformation:[-2.1436737911678536f,-0.48035967813315994f,-0.6148323504694987f,-0.062499999999999924f,0f,1.7976495316653343f,-1.404477740586658f,0.12543749999999998f,0.7802334519616815f,-1.319777368887348f,-1.6892379996651588f,-0.6609375f,0f,0f,0f,1f],start_interpolation:0}