execute if entity @s[tag=aj.animal_bear.bone.head] run data modify entity @s {} merge value {transformation:[-0.9537169507482269f,0.09790023217916997f,-0.284322919221734f,0.4912819579755953f,0f,0.9455185755993168f,0.3255681544571567f,-0.295245f,0.30070579950427306f,0.31049986752960723f,-0.9017570927963874f,0.8875901343439812f,0f,0f,0f,1f],start_interpolation:0}
execute if entity @s[tag=aj.animal_bear.bone.front_leg_left_under] run data modify entity @s {} merge value {transformation:[-0.9537169507482269f,0f,-0.30070579950427306f,1.5349911751334022f,0f,1f,0f,-1.1087500000000001f,0.30070579950427306f,0f,-0.9537169507482269f,0.31437429271872547f,0f,0f,0f,1f],start_interpolation:0}
execute if entity @s[tag=aj.animal_bear.bone.front_leg_left] run data modify entity @s {} merge value {transformation:[-0.9537169507482269f,0f,-0.30070579950427306f,1.347274948311521f,0f,1f,0f,-0.24250000000000005f,0.30070579950427306f,0f,-0.9537169507482269f,0.3018848513553778f,0f,0f,0f,1f],start_interpolation:0}
execute if entity @s[tag=aj.animal_bear.bone.front_leg_right_under] run data modify entity @s {} merge value {transformation:[-0.841638780262945f,-0.5214966461575835f,-0.1403047098421651f,-0.3520891152555886f,-0.4807181789290782f,0.8418434578669663f,-0.24537649621286045f,-0.8497425282793708f,0.24607762190945556f,-0.13907135036728857f,-0.9592210191099888f,1.4431475815664154f,0f,0f,0f,1f],start_interpolation:0}
execute if entity @s[tag=aj.animal_bear.bone.front_leg_right] run data modify entity @s {} merge value {transformation:[-0.841638780262945f,-0.52735867980785f,0.11634855559405796f,-0.6650678177672377f,-0.4807181789290782f,0.633422010121453f,-0.6063716595791797f,-0.24250000000000005f,0.24607762190945556f,-0.5662767697204425f,-0.7866234321899951f,0.9363740883093941f,0f,0f,0f,1f],start_interpolation:0}
execute if entity @s[tag=aj.animal_bear.bone.front_body] run data modify entity @s {} merge value {transformation:[-2.1756667938943925f,0f,-0.6859851051191229f,-0.062499999999999924f,0f,2.28125f,0f,0.12543749999999998f,0.6859851051191229f,0f,-2.1756667938943925f,-0.6609375f,0f,0f,0f,1f],start_interpolation:0}