execute if entity @s[tag=aj.animal_bear.bone.head] run data modify entity @s {} merge value {transformation:[-0.8511166724369998f,0.2246289556997464f,-0.4744915617384679f,0.8809556595795992f,0f,0.9038337699485206f,0.42788376494165414f,0.16909641198724334f,0.5249765803345602f,0.364179006206956f,-0.7692679907147737f,0.7495841676548483f,0f,0f,0f,1f],start_interpolation:0}
execute if entity @s[tag=aj.animal_bear.bone.front_leg_left_under] run data modify entity @s {} merge value {transformation:[-0.8511166724369998f,-0.14323460842897656f,-0.5050586667387925f,1.87379240807959f,0f,0.9620594244736131f,-0.2728399966674612f,-0.6770707817932275f,0.5249765803345602f,-0.23221867007133173f,-0.8188248160446367f,0.13478990361771376f,0f,0f,0f,1f],start_interpolation:0}
execute if entity @s[tag=aj.animal_bear.bone.front_leg_left] run data modify entity @s {} merge value {transformation:[-0.8511166724369998f,-0.14323460842897656f,-0.5050586667387925f,1.5660129024233447f,0f,0.9620594244736131f,-0.2728399966674612f,0.13766219353484804f,0.5249765803345602f,-0.23221867007133173f,-0.8188248160446367f,-0.03032940254867944f,0f,0f,0f,1f],start_interpolation:0}
execute if entity @s[tag=aj.animal_bear.bone.front_leg_right_under] run data modify entity @s {} merge value {transformation:[-0.6986462036447592f,-0.6420811977351213f,0.31563462681999543f,-0.17079763466762837f,-0.6267745012215371f,0.336513680464835f,-0.7027889209986907f,0.28721785754176893f,0.3450321821964717f,-0.6888325474126804f,-0.6375441277854405f,1.9126347603554463f,0f,0f,0f,1f],start_interpolation:0}
execute if entity @s[tag=aj.animal_bear.bone.front_leg_right] run data modify entity @s {} merge value {transformation:[-0.6986462036447592f,-0.19357170966690102f,0.688784055673038f,-0.22984327641872496f,-0.6267745012215371f,-0.2986731680033009f,-0.7196860866609588f,0.13766219353484804f,0.3450321821964717f,-0.9345182352054479f,0.08734106317898732f,1.0773711819572427f,0f,0f,0f,1f],start_interpolation:0}
execute if entity @s[tag=aj.animal_bear.bone.front_body] run data modify entity @s {} merge value {transformation:[-1.9416099089969059f,-0.3267539504786028f,-1.1521650834978705f,-0.062499999999999924f,0f,2.19469806208043f,-0.6224162423976459f,0.12543749999999998f,1.1976028238882155f,-0.5297488411002255f,-1.8679441116018276f,-0.6609375f,0f,0f,0f,1f],start_interpolation:0}