execute if entity @s[tag=aj.animal_bear.bone.head] run data modify entity @s {} merge value {transformation:[-0.9371805543403824f,0.13161981981211116f,-0.32306165293776484f,0.5693590217989478f,0f,0.9260902469700378f,0.377302073234397f,-0.295245f,0.34884467684953063f,0.35360016614758777f,-0.8679137710246017f,0.8574058300401879f,0f,0f,0f,1f],start_interpolation:0}
execute if entity @s[tag=aj.animal_bear.bone.front_leg_left_under] run data modify entity @s {} merge value {transformation:[-0.9371805543403824f,0f,-0.34884467684953063f,1.5825490143022958f,0f,1f,0f,-1.1087500000000001f,0.34884467684953063f,0f,-0.9371805543403824f,0.23182500379838353f,0f,0f,0f,1f],start_interpolation:0}
execute if entity @s[tag=aj.animal_bear.bone.front_leg_left] run data modify entity @s {} merge value {transformation:[-0.9371805543403824f,0f,-0.34884467684953063f,1.394440449538083f,0f,1f,0f,-0.24250000000000005f,0.34884467684953063f,0f,-0.9371805543403824f,0.22890339120247727f,0f,0f,0f,1f],start_interpolation:0}
execute if entity @s[tag=aj.animal_bear.bone.front_leg_right_under] run data modify entity @s {} merge value {transformation:[-0.7885628571242447f,-0.5990910194923893f,-0.1387752525763055f,-0.21625929454418485f,-0.5522061533162318f,0.7891441718138397f,-0.2689234841584854f,-0.7708809380586885f,0.2706233260525375f,-0.13543052261517152f,-0.9531115301686592f,1.5215855051022338f,0f,0f,0f,1f],start_interpolation:0}
execute if entity @s[tag=aj.animal_bear.bone.front_leg_right] run data modify entity @s {} merge value {transformation:[-0.7885628571242447f,-0.5813064923653428f,0.20062747144384113f,-0.5830105201201238f,-0.5522061533162318f,0.5257839988785633f,-0.6470081535521457f,-0.24250000000000005f,0.2706233260525375f,-0.6209943224033276f,-0.7356147544327081f,0.9649656593549869f,0f,0f,0f,1f],start_interpolation:0}
execute if entity @s[tag=aj.animal_bear.bone.front_body] run data modify entity @s {} merge value {transformation:[-2.137943139588997f,0f,-0.7958019190629918f,-0.062499999999999924f,0f,2.28125f,0f,0.12543749999999998f,0.7958019190629918f,0f,-2.137943139588997f,-0.6609375f,0f,0f,0f,1f],start_interpolation:0}