execute if entity @s[tag=aj.animal_bear.bone.head] run data modify entity @s {} merge value {transformation:[-0.9793406217655515f,0.04434199104758706f,-0.19729605771479225f,0.3310296084233021f,0f,0.9756622801842143f,0.21927862418790325f,-0.295245f,0.20221757233203777f,0.21474846415207588f,-0.9555057041088041f,0.9358551410778739f,0f,0f,0f,1f],start_interpolation:0}
execute if entity @s[tag=aj.animal_bear.bone.front_leg_left_under] run data modify entity @s {} merge value {transformation:[-0.9793406217655515f,0f,-0.20221757233203777f,1.4275930734281193f,0f,1f,0f,-1.1087500000000001f,0.20221757233203777f,0f,-0.9793406217655515f,0.47168502324720013f,0f,0f,0f,1f],start_interpolation:0}
execute if entity @s[tag=aj.animal_bear.bone.front_leg_left] run data modify entity @s {} merge value {transformation:[-0.9793406217655515f,0f,-0.20221757233203777f,1.2421182538270639f,0f,1f,0f,-0.24250000000000005f,0.20221757233203777f,0f,-0.9793406217655515f,0.4401817019656513f,0f,0f,0f,1f],start_interpolation:0}
execute if entity @s[tag=aj.animal_bear.bone.front_leg_right_under] run data modify entity @s {} merge value {transformation:[-0.9275102675490408f,-0.3523917092825502f,-0.1246787344338617f,-0.6537518422648799f,-0.32815658772827616f,0.9273478726812481f,-0.17983096775610713f,-0.9847176732744868f,0.17899150125534166f,-0.12588092096297387f,-0.9757643343635145f,1.2457381157170468f,0f,0f,0f,1f],start_interpolation:0}
execute if entity @s[tag=aj.animal_bear.bone.front_leg_right] run data modify entity @s {} merge value {transformation:[-0.9275102675490408f,-0.3737222798123788f,-0.007507407205209066f,-0.8242904580982496f,-0.32815658772827616f,0.8237132582744238f,-0.46239563370934494f,-0.24250000000000005f,0.17899150125534166f,-0.4264130928041147f,-0.8866419326670651f,0.8668607795862511f,0f,0f,0f,1f],start_interpolation:0}
execute if entity @s[tag=aj.animal_bear.bone.front_body] run data modify entity @s {} merge value {transformation:[-2.2341207934026643f,0f,-0.46130883688246116f,-0.062499999999999924f,0f,2.28125f,0f,0.12543749999999998f,0.46130883688246116f,0f,-2.2341207934026643f,-0.6609375f,0f,0f,0f,1f],start_interpolation:0}