execute if entity @s[tag=aj.animal_bear.bone.head] run data modify entity @s {} merge value {transformation:[-0.8191520442889919f,0.35312891501591853f,-0.4519843998600457f,0.9313024806797349f,0f,0.7880107536067219f,0.6156614753256584f,-0.295245f,0.5735764363510459f,0.5043203561029899f,-0.6455006197386554f,0.6493941071518139f,0f,0f,0f,1f],start_interpolation:0}
execute if entity @s[tag=aj.animal_bear.bone.front_leg_left_under] run data modify entity @s {} merge value {transformation:[-0.8191520442889919f,0f,-0.5735764363510459f,1.7543363247908605f,0f,1f,0f,-1.1087500000000001f,0.5735764363510459f,0f,-0.8191520442889919f,-0.21114097203902077f,0f,0f,0f,1f],start_interpolation:0}
execute if entity @s[tag=aj.animal_bear.bone.front_leg_left] run data modify entity @s {} merge value {transformation:[-0.8191520442889919f,0f,-0.5735764363510459f,1.571552529889806f,0f,1f,0f,-0.24250000000000005f,0.5735764363510459f,0f,-0.8191520442889919f,-0.16660500590622218f,0f,0f,0f,1f],start_interpolation:0}
execute if entity @s[tag=aj.animal_bear.bone.front_leg_right_under] run data modify entity @s {} merge value {transformation:[-0.4612309903832705f,-0.883589283229685f,-0.08084523530622395f,0.25597269254650723f,-0.8425887077416343f,0.46473029521177567f,-0.27215808328737634f,-0.4112972368062916f,0.27804719580738474f,-0.05740845995170962f,-0.9588503666524942f,1.7679316915876786f,0f,0f,0f,1f],start_interpolation:0}
execute if entity @s[tag=aj.animal_bear.bone.front_leg_right] run data modify entity @s {} merge value {transformation:[-0.4612309903832705f,-0.5730305320449759f,0.6774230457065357f,-0.1568582835599668f,-0.8425887077416343f,0.04361949629731199f,-0.5367882349018572f,-0.24250000000000005f,0.27804719580738474f,-0.8183723778861433f,-0.5029477189695061f,1.0436412747944848f,0f,0f,0f,1f],start_interpolation:0}
execute if entity @s[tag=aj.animal_bear.bone.front_body] run data modify entity @s {} merge value {transformation:[-1.8686906010342628f,0f,-1.3084712454258236f,-0.062499999999999924f,0f,2.28125f,0f,0.12543749999999998f,1.3084712454258236f,0f,-1.8686906010342628f,-0.6609375f,0f,0f,0f,1f],start_interpolation:0}