execute if entity @s[tag=aj.animal_bear.bone.head] run data modify entity @s {} merge value {transformation:[-0.8968727415326883f,0.21104192310174458f,-0.38869086970130506f,0.7204040397996208f,0f,0.8788171126619654f,0.47715876025960835f,-0.295245f,0.4422886902190012f,0.4279506854603737f,-0.7881871131389783f,0.7853244250231555f,0f,0f,0f,1f],start_interpolation:0}
execute if entity @s[tag=aj.animal_bear.bone.front_leg_left_under] run data modify entity @s {} merge value {transformation:[-0.8968727415326883f,0f,-0.4422886902190012f,1.6647665233130982f,0f,1f,0f,-1.1087500000000001f,0.4422886902190012f,0f,-0.8968727415326883f,0.06000736965869664f,0f,0f,0f,1f],start_interpolation:0}
execute if entity @s[tag=aj.animal_bear.bone.front_leg_left] run data modify entity @s {} merge value {transformation:[-0.8968727415326883f,0f,-0.4422886902190012f,1.4773350937203018f,0f,1f,0f,-0.24250000000000005f,0.4422886902190012f,0f,-0.8968727415326883f,0.07621931459485887f,0f,0f,0f,1f],start_interpolation:0}
execute if entity @s[tag=aj.animal_bear.bone.front_leg_right_under] run data modify entity @s {} merge value {transformation:[-0.6667487810917713f,-0.735195982018137f,-0.1222003720821847f,0.015018140596932239f,-0.6830957862490743f,0.6684135736774472f,-0.29428462639509845f,-0.6092327752241514f,0.2980372623035518f,-0.11273935669556984f,-0.9478732128984724f,1.6451000042285686f,0f,0f,0f,1f],start_interpolation:0}
execute if entity @s[tag=aj.animal_bear.bone.front_leg_right] run data modify entity @s {} merge value {transformation:[-0.6667487810917713f,-0.6333219095158935f,0.39287328980191494f,-0.4150663909136703f,-0.6830957862490743f,0.30850459568809174f,-0.6619705894132201f,-0.24250000000000005f,0.2980372623035518f,-0.7097381724033653f,-0.6383145908657692f,1.0094484509569515f,0f,0f,0f,1f],start_interpolation:0}
execute if entity @s[tag=aj.animal_bear.bone.front_body] run data modify entity @s {} merge value {transformation:[-2.045990941621445f,0f,-1.0089710745620966f,-0.062499999999999924f,0f,2.28125f,0f,0.12543749999999998f,1.0089710745620966f,0f,-2.045990941621445f,-0.6609375f,0f,0f,0f,1f],start_interpolation:0}