execute if entity @s[tag=aj.animal_alpha.bone.bone4] run data modify entity @s {} merge value {transformation:[-0.790334391311505f,-0.3993490194290891f,-0.46464170130466975f,0.3920668616040614f,-0.6087614290087207f,0.426268439019125f,0.6691074207087072f,-1.6433809515945377f,-0.06914529963441714f,0.8116745521311011f,-0.5800028870283693f,0.8537306549659109f,0f,0f,0f,1f],start_interpolation:0}
execute if entity @s[tag=aj.animal_alpha.bone.bone] run data modify entity @s {} merge value {transformation:[-0.790334391311505f,-0.42806803894814915f,0.43832556843214016f,0.12452433726146815f,-0.6087614290087207f,0.6294095225512604f,-0.4829629131445341f,-1.25f,-0.06914529963441714f,-0.6485378993959261f,-0.7580353029942513f,0.4483944678434571f,0f,0f,0f,1f],start_interpolation:0}
execute if entity @s[tag=aj.animal_alpha.bone.bone5] run data modify entity @s {} merge value {transformation:[-0.7683581273979994f,-0.13685521789856034f,0.625217112206134f,-0.5242014113919683f,0.17247772184077084f,0.8964541894383604f,0.4081927506791741f,-1.4039523432714835f,-0.6163418073845531f,0.4214742406984681f,-0.6651933860897842f,0.8817779307218583f,0f,0f,0f,1f],start_interpolation:0}
execute if entity @s[tag=aj.animal_alpha.bone.bone2] run data modify entity @s {} merge value {transformation:[-0.7683581273979994f,0.6394833186088f,0.026208267445901462f,-0.12452433726146826f,0.17247772184077084f,0.2463237492343735f,-0.9537169632714622f,-1.25f,-0.6163418073845531f,-0.7282758377045047f,-0.29956148064419913f,0.4266055321565429f,0f,0f,0f,1f],start_interpolation:0}
execute if entity @s[tag=aj.animal_alpha.bone.head] run data modify entity @s {} merge value {transformation:[-0.9978589232386035f,0f,-0.06540312923014295f,-5.551115123125783e-17f,0f,1f,0f,-0.375f,0.06540312923014295f,0f,-0.9978589232386035f,0.4375f,0f,0f,0f,1f],start_interpolation:0}
execute if entity @s[tag=aj.animal_alpha.bone.bone6] run data modify entity @s {} merge value {transformation:[-0.8401820867347286f,0.26496760735897623f,0.47316617396062505f,0.4392012279661746f,-0.5372996083468239f,-0.2884568631765659f,-0.792528718064327f,-0.6395643209629662f,-0.07350640788684222f,-0.9201004320924944f,0.3847232808952141f,1.0065213062938256f,0f,0f,0f,1f],start_interpolation:0}
execute if entity @s[tag=aj.animal_alpha.bone.left_down_arm] run data modify entity @s {} merge value {transformation:[-0.8401820867347286f,0.26496760735897623f,0.47316617396062505f,0.5882455071055988f,-0.5372996083468239f,-0.2884568631765659f,-0.792528718064327f,-0.8018213064997846f,-0.07350640788684222f,-0.9201004320924944f,0.3847232808952141f,0.48896481324179747f,0f,0f,0f,1f],start_interpolation:0}
execute if entity @s[tag=aj.animal_alpha.bone.left_upper_arm] run data modify entity @s {} merge value {transformation:[-0.8401820867347286f,-0.5352550211218774f,0.08715574274765682f,0.24904867452293636f,-0.5372996083468239f,0.8433914458128857f,0f,-0.5f,-0.07350640788684222f,-0.046828746443492546f,-0.9961946980917457f,0.4592889356869142f,0f,0f,0f,1f],start_interpolation:0}
execute if entity @s[tag=aj.animal_alpha.bone.bone7] run data modify entity @s {} merge value {transformation:[-0.21972056180514574f,0.9532102197968212f,-0.20763706700617596f,-1.2215754901482834f,0.8223290803015648f,0.0664523406957207f,-0.5651185451800729f,-0.5110786786409365f,-0.5248788035446026f,-0.2949141625811754f,-0.7984534290105031f,0.5807995815948468f,0f,0f,0f,1f],start_interpolation:0}
execute if entity @s[tag=aj.animal_alpha.bone.left_down_arm2] run data modify entity @s {} merge value {transformation:[-0.21972056180514574f,0.9532102197968212f,-0.20763706700617596f,-0.6983720582004573f,0.8223290803015648f,0.0664523406957207f,-0.5651185451800729f,-0.5090191460733482f,-0.5248788035446026f,-0.2949141625811754f,-0.7984534290105031f,0.3650070258297791f,0f,0f,0f,1f],start_interpolation:0}
execute if entity @s[tag=aj.animal_alpha.bone.left_upper_arm2] run data modify entity @s {} merge value {transformation:[-0.30192917150512155f,0.9532102197968212f,0.015134472872451617f,-0.24360144060120792f,0.16043002384823685f,0.0664523406957207f,-0.9848077446202959f,-0.5f,-0.9397345278546942f,-0.2949141625811754f,-0.17298743846522202f,0.35344889568235166f,0f,0f,0f,1f],start_interpolation:0}
execute if entity @s[tag=aj.animal_alpha.bone.upperbody] run data modify entity @s {} merge value {transformation:[-0.9961946980917457f,0f,0.08715574274765682f,-0.1813392719704738f,0f,1f,0f,-0.75f,-0.08715574274765682f,0f,-0.9961946980917457f,0.35889612960408024f,0f,0f,0f,1f],start_interpolation:0}
execute if entity @s[tag=aj.animal_alpha.bone.downbody] run data modify entity @s {} merge value {transformation:[-0.9961946980917457f,0f,0.08715574274765682f,-5.35782974626967e-17f,0f,1f,0f,-1.25f,-0.08715574274765682f,0f,-0.9961946980917457f,0.4375f,0f,0f,0f,1f],start_interpolation:0}