execute if entity @s[tag=aj.animal_alpha.bone.bone4] run data modify entity @s {} merge value {transformation:[-0.7512501812573535f,0.06922887225861568f,-0.6563768189131864f,0.3723950455426664f,-0.3214394653031619f,0.830198980313934f,0.4554627572385275f,-1.591672918841011f,0.5764545388028538f,0.5531518926402629f,-0.6014342427581626f,0.18622971810848626f,0f,0f,0f,1f],start_interpolation:0}
execute if entity @s[tag=aj.animal_alpha.bone.bone] run data modify entity @s {} merge value {transformation:[-0.7512501812573535f,-0.4371614048100193f,-0.4944826299328663f,0.09916916753640433f,-0.3214394653031619f,0.8966766701456174f,-0.30438071450436066f,-1.0312500000000002f,0.5764545388028538f,-0.06971983477532184f,-0.8141494391894469f,0.1426548213739101f,0f,0f,0f,1f],start_interpolation:0}
execute if entity @s[tag=aj.animal_alpha.bone.bone5] run data modify entity @s {} merge value {transformation:[-0.9300011024712546f,0.17507031587219657f,-0.323184674609828f,-0.014768671149205922f,0.09926906235770054f,0.9662387448315932f,0.23775689526255733f,-1.5332616510037027f,0.35389772909821565f,0.18903193509742483f,-0.9159821640471222f,0.6574549667815279f,0f,0f,0f,1f],start_interpolation:0}
execute if entity @s[tag=aj.animal_alpha.bone.bone2] run data modify entity @s {} merge value {transformation:[-0.9300011024712546f,-0.13504079421951753f,-0.3418507471087536f,-0.09916916753640438f,0.09926906235770054f,0.803218641605924f,-0.5873546348121867f,-1.0312500000000002f,0.35389772909821565f,-0.5801756610487001f,-0.7335888491967623f,0.2948451786260904f,0f,0f,0f,1f],start_interpolation:0}
execute if entity @s[tag=aj.animal_alpha.bone.head] run data modify entity @s {} merge value {transformation:[-0.9940563382223196f,0f,-0.1088668748519645f,-2.7755575615628914e-17f,0f,1f,0f,-0.15625000000000022f,0.1088668748519645f,0f,-0.9940563382223196f,0.21875000000000025f,0f,0f,0f,1f],start_interpolation:0}
execute if entity @s[tag=aj.animal_alpha.bone.bone6] run data modify entity @s {} merge value {transformation:[-0.7512501812573535f,-0.6449388061305353f,-0.14027509225701174f,0.7665917808345193f,-0.3214394653031618f,0.5431368091492363f,-0.7756797513747561f,-0.9608664536376592f,0.5764545388028538f,-0.5376396031674989f,-0.6153404113167633f,0.2113151248251649f,0f,0f,0f,1f],start_interpolation:0}
execute if entity @s[tag=aj.animal_alpha.bone.left_down_arm] run data modify entity @s {} merge value {transformation:[-0.7512501812573535f,-0.6449388061305353f,-0.14027509225701174f,0.4038137023860931f,-0.3214394653031618f,0.5431368091492363f,-0.7756797513747561f,-0.6553519984912137f,0.5764545388028538f,-0.5376396031674989f,-0.6153404113167633f,-0.09110715195655322f,0f,0f,0f,1f],start_interpolation:0}
execute if entity @s[tag=aj.animal_alpha.bone.left_upper_arm] run data modify entity @s {} merge value {transformation:[-0.7512501812573535f,-0.2550150734996919f,-0.6087614290087211f,0.1983383350728087f,-0.3214394653031618f,0.9469301294951056f,0f,-0.2812500000000002f,0.5764545388028538f,0.195679948237752f,-0.7933533402912348f,0.06655964274782f,0f,0f,0f,1f],start_interpolation:0}
execute if entity @s[tag=aj.animal_alpha.bone.bone7] run data modify entity @s {} merge value {transformation:[-0.9770902470828347f,0.10871391336097241f,-0.18296429732969277f,-0.4558008500490747f,0.20166474181613236f,0.7476762255802805f,-0.6327018204575187f,-0.9641742690746693f,0.06801456435086473f,-0.6551042258631588f,-0.7524709112599592f,1.0319912518447425f,0f,0f,0f,1f],start_interpolation:0}
execute if entity @s[tag=aj.animal_alpha.bone.left_down_arm2] run data modify entity @s {} merge value {transformation:[-0.9770902470828347f,0.10871391336097241f,-0.18296429732969277f,-0.40608454236663355f,0.20166474181613236f,0.7476762255802805f,-0.6327018204575187f,-0.5831502559643564f,0.06801456435086473f,-0.6551042258631588f,-0.7524709112599592f,0.6164656928429684f,0f,0f,0f,1f],start_interpolation:0}
execute if entity @s[tag=aj.animal_alpha.bone.left_upper_arm2] run data modify entity @s {} merge value {transformation:[-0.9770902470828347f,0.10871391336097241f,-0.18296429732969277f,-0.2363859243858538f,0.20166474181613236f,0.7476762255802805f,-0.6327018204575187f,-0.2812500000000002f,0.06801456435086473f,-0.6551042258631588f,-0.7524709112599592f,0.32135577348397837f,0f,0f,0f,1f],start_interpolation:0}
execute if entity @s[tag=aj.animal_alpha.bone.upperbody] run data modify entity @s {} merge value {transformation:[-0.7933533402912348f,0f,-0.6087614290087211f,-0.1868013406176516f,0f,1f,0f,-0.5312500000000002f,0.6087614290087211f,0f,-0.7933533402912348f,0.2833081841709333f,0f,0f,0f,1f],start_interpolation:0}
execute if entity @s[tag=aj.animal_alpha.bone.downbody] run data modify entity @s {} merge value {transformation:[-0.7933533402912348f,0f,-0.6087614290087211f,-2.678914873134838e-17f,0f,1f,0f,-1.0312500000000002f,0.6087614290087211f,0f,-0.7933533402912348f,0.21875000000000025f,0f,0f,0f,1f],start_interpolation:0}