execute if entity @s[tag=aj.animal_alpha.bone.bone4] run data modify entity @s {} merge value {transformation:[-0.9481234362068872f,-0.18060650630099145f,0.26161658891781786f,0.17303357984058684f,-0.13052619222005157f,0.9715413129295705f,0.19766231410064103f,-1.514351820715334f,-0.2898704242584585f,0.1532604552806635f,-0.9447149675893702f,0.2257080262862472f,0f,0f,0f,1f],start_interpolation:0}
execute if entity @s[tag=aj.animal_alpha.bone.bone] run data modify entity @s {} merge value {transformation:[-0.9481234362068872f,-0.08559277655233187f,0.3061630714460958f,0.11953809449537942f,-0.13052619222005157f,0.9829629131445341f,-0.12940952255126037f,-0.9f,-0.2898704242584585f,-0.16265850111344812f,-0.9431422740794453f,0.12404646309034212f,0f,0f,0f,1f],start_interpolation:0}
execute if entity @s[tag=aj.animal_alpha.bone.bone5] run data modify entity @s {} merge value {transformation:[-0.9153160676384882f,-0.003908983660656062f,0.4027172906265079f,-0.20332820846982444f,0.0412153836797601f,0.9937935992664653f,0.10332267033489978f,-1.5057493414573118f,-0.40062175236867087f,0.11117104795649338f,-0.9094741390635088f,0.18007345064949365f,0f,0f,0f,1f],start_interpolation:0}
execute if entity @s[tag=aj.animal_alpha.bone.bone2] run data modify entity @s {} merge value {transformation:[-0.9153160676384882f,0.134064182359112f,0.37976741741649883f,-0.11953809449537944f,0.0412153836797601f,0.9691989463316988f,-0.24280587838364812f,-0.9f,-0.40062175236867087f,-0.2065918619837372f,-0.892648875029341f,0.0509535369096579f,0f,0f,0f,1f],start_interpolation:0}
execute if entity @s[tag=aj.animal_alpha.bone.head] run data modify entity @s {} merge value {transformation:[-0.9998476951563913f,0f,0.01745240643728374f,0f,0f,1f,0f,-0.025000000000000022f,-0.01745240643728374f,0f,-0.9998476951563913f,0.08750000000000001f,0f,0f,0f,1f],start_interpolation:0}
execute if entity @s[tag=aj.animal_alpha.bone.bone6] run data modify entity @s {} merge value {transformation:[-0.9402913444274046f,-0.05205846516733845f,0.33636602652367414f,0.46213979983424636f,-0.18223552549214744f,0.9116580752168577f,-0.3683337713820105f,-1.070202248682194f,-0.2874759135014705f,-0.4076388966920543f,-0.8667110989598437f,0.4491345184291661f,0f,0f,0f,1f],start_interpolation:0}
execute if entity @s[tag=aj.animal_alpha.bone.left_down_arm] run data modify entity @s {} merge value {transformation:[-0.9402913444274046f,-0.05205846516733845f,0.33636602652367414f,0.4328569131776185f,-0.18223552549214744f,0.9116580752168577f,-0.3683337713820105f,-0.5573945813727117f,-0.2874759135014705f,-0.4076388966920543f,-0.8667110989598437f,0.21983763903988557f,0f,0f,0f,1f],start_interpolation:0}
execute if entity @s[tag=aj.animal_alpha.bone.left_upper_arm] run data modify entity @s {} merge value {transformation:[-0.9402913444274046f,-0.17427269973356357f,0.2923717047227369f,0.23907618899075883f,-0.18223552549214744f,0.9832549075639546f,0f,-0.15000000000000002f,-0.2874759135014705f,-0.05328051124918292f,-0.9563047559630354f,0.16059292618068424f,0f,0f,0f,1f],start_interpolation:0}
execute if entity @s[tag=aj.animal_alpha.bone.bone7] run data modify entity @s {} merge value {transformation:[-0.9547304433208825f,0.2511919693447312f,0.15934985137434782f,-0.5888081692397351f,0.21858102089307496f,0.9557334632613402f,-0.1969667091358982f,-1.0753246565995447f,-0.2017724408873824f,-0.15321926034020672f,-0.9673736301756151f,0.1060309217977563f,0f,0f,0f,1f],start_interpolation:0}
execute if entity @s[tag=aj.animal_alpha.bone.left_down_arm2] run data modify entity @s {} merge value {transformation:[-0.9547304433208825f,0.2511919693447312f,0.15934985137434782f,-0.43755332077242703f,0.21858102089307496f,0.9557334632613402f,-0.1969667091358982f,-0.5500350028360345f,-0.2017724408873824f,-0.15321926034020672f,-0.9673736301756151f,-0.040615764029585916f,0f,0f,0f,1f],start_interpolation:0}
execute if entity @s[tag=aj.animal_alpha.bone.left_upper_arm2] run data modify entity @s {} merge value {transformation:[-0.8548310139081545f,0.2511919693447312f,0.45405564878930005f,-0.2208029574455878f,0.1447870987264156f,0.9557334632613402f,-0.2561449652928427f,-0.15000000000000002f,-0.49829773600041943f,-0.15321926034020672f,-0.8533599618904417f,-0.045361973428373926f,0f,0f,0f,1f],start_interpolation:0}
execute if entity @s[tag=aj.animal_alpha.bone.upperbody] run data modify entity @s {} merge value {transformation:[-0.9563047559630354f,0f,0.2923717047227369f,-0.1610339101978981f,0f,1f,0f,-0.4f,-0.2923717047227369f,0f,-0.9563047559630354f,-0.02708874188320287f,0f,0f,0f,1f],start_interpolation:0}
execute if entity @s[tag=aj.animal_alpha.bone.downbody] run data modify entity @s {} merge value {transformation:[-0.9563047559630354f,0f,0.2923717047227369f,-1.0715659492539341e-17f,0f,1f,0f,-0.9f,-0.2923717047227369f,0f,-0.9563047559630354f,0.08750000000000001f,0f,0f,0f,1f],start_interpolation:0}