execute if entity @s[tag=aj.animal_boar.bone.rear_body] run data modify entity @s {} merge value {transformation:[-1.1674156618262643f,0.10213563603241195f,1.4351329677508045e-16f,-4.305398903252414e-17f,0.10213563603241195f,1.1674156618262643f,0f,-0.5859375f,-1.4296718535300236e-16f,1.2508007974597236e-17f,-1.171875f,0.3515625f,0f,0f,0f,1f],start_interpolation:0}
execute if entity @s[tag=aj.animal_boar.bone.head] run data modify entity @s {} merge value {transformation:[-0.9961946980917455f,0.08670442837426463f,-0.008858080728238285f,0.001679138535427511f,0.0871557427476582f,0.9910361511988691f,-0.10124832602584728f,-0.6023731988090358f,-1.2026394135858519e-16f,-0.10163507818280187f,-0.9948217482960331f,0.886321875f,0f,0f,0f,1f],start_interpolation:0}
execute if entity @s[tag=aj.animal_boar.bone.front_body] run data modify entity @s {} merge value {transformation:[-0.9948217482960331f,-0.10163507818280187f,1.2246467991473532e-16f,-4.305398903252414e-17f,-0.10163507818280187f,0.9948217482960331f,0f,-0.5859375f,-1.2183052697729108e-16f,-1.2446707317765931e-17f,-1f,0.3515625f,0f,0f,0f,1f],start_interpolation:0}
execute if entity @s[tag=aj.animal_boar.bone.front_leg_left_under] run data modify entity @s {} merge value {transformation:[-1f,-3.0814879110195774e-33f,1.2246467991473532e-16f,0.6005856249999999f,0f,1f,0f,-1.2322557379650472f,-1.2246467991473532e-16f,0f,-1f,0.5283233672208955f,0f,0f,0f,1f],start_interpolation:0}
execute if entity @s[tag=aj.animal_boar.bone.front_leg_left] run data modify entity @s {} merge value {transformation:[-1f,-1.5984848350717833e-17f,1.2141697760125282e-16f,0.5624999999999999f,0f,0.9914448613738104f,0.13052619222005157f,-0.5625f,-1.2246467991473532e-16f,0.13052619222005157f,-0.9914448613738104f,0.46875000000000006f,0f,0f,0f,1f],start_interpolation:0}