execute if entity @s[tag=aj.animal_boar.bone.rear_body] run data modify entity @s {} merge value {transformation:[-1.1486396341975122f,-0.232202511561794f,1.4351329677508045e-16f,-4.305398903252414e-17f,-0.232202511561794f,1.1486396341975122f,0f,-0.5859375f,-1.40667785139377e-16f,-2.843660625381273e-17f,-1.171875f,0.3515625f,0f,0f,0f,1f],start_interpolation:0}
execute if entity @s[tag=aj.animal_boar.bone.head] run data modify entity @s {} merge value {transformation:[-0.9980579158045318f,-0.06217185232374255f,0.003880396699914083f,-0.0016449852855712488f,-0.06229283024485206f,0.9961196033000861f,-0.0621718523237426f,-0.6023766521975057f,-1.2222684319536986e-16f,-0.062292830244852125f,-0.9980579158045318f,0.886321875f,0f,0f,0f,1f],start_interpolation:0}
execute if entity @s[tag=aj.animal_boar.bone.front_body] run data modify entity @s {} merge value {transformation:[-0.9950307753654014f,0.09956784659581665f,1.2246467991473532e-16f,-4.305398903252414e-17f,0.09956784659581665f,0.9950307753654014f,0f,-0.5859375f,-1.218561254104348e-16f,1.2193544463156154e-17f,-1f,0.3515625f,0f,0f,0f,1f],start_interpolation:0}
execute if entity @s[tag=aj.animal_boar.bone.front_leg_left_under] run data modify entity @s {} merge value {transformation:[-1f,4.2739556928571395e-18f,1.2239007774061617e-16f,0.6005856249999999f,0f,0.9993908270190958f,-0.034899496702500976f,-1.2122398162900585f,-1.2246467991473532e-16f,-0.034899496702500976f,-0.9993908270190958f,0.2956607000808501f,0f,0f,0f,1f],start_interpolation:0}
execute if entity @s[tag=aj.animal_boar.bone.front_leg_left] run data modify entity @s {} merge value {transformation:[-1f,-5.654789612090135e-17f,1.0862749776607361e-16f,0.5624999999999999f,0f,0.8870108331782217f,0.4617486132350339f,-0.5625f,-1.2246467991473532e-16f,0.4617486132350339f,-0.8870108331782217f,0.46875000000000006f,0f,0f,0f,1f],start_interpolation:0}