execute if entity @s[tag=aj.animal_boar.bone.head] run data modify entity @s {} merge value {transformation:[-0.9629839316560435f,0.06442592880427928f,-0.26174653210687343f,-1.0854312472330306e-16f,0.10850223065625403f,0.981524679033614f,-0.15759622581324162f,-0.60245875f,0.24675739769029342f,-0.18016271574792364f,-0.9521828514205909f,0.886321875f,0f,0f,0f,1f],start_interpolation:0}
execute if entity @s[tag=aj.animal_boar.bone.front_leg_left_under] run data modify entity @s {} merge value {transformation:[-1f,6.39876194838473e-17f,1.0441830481007122e-16f,0.6005856249999999f,0f,0.8526401643540923f,-0.5224985647159488f,-1.2322557379650472f,-1.2246467991473532e-16f,-0.5224985647159488f,-0.8526401643540923f,0.5283233672208955f,0f,0f,0f,1f],start_interpolation:0}
execute if entity @s[tag=aj.animal_boar.bone.front_leg_left] run data modify entity @s {} merge value {transformation:[-1f,-1.598484835071784e-17f,1.2141697760125282e-16f,0.5624999999999999f,0f,0.9914448613738104f,0.13052619222005163f,-0.5625f,-1.2246467991473532e-16f,0.13052619222005163f,-0.9914448613738104f,0.46875000000000006f,0f,0f,0f,1f],start_interpolation:0}