execute if entity @s[tag=aj.animal_bear.bone.front_leg_right_under2] run data modify entity @s {} merge value {transformation:[-1f,-9.607736115124078e-17f,7.593904463997837e-17f,-0.9177724999999998f,0f,0.6200893571342373f,0.7845311906921536f,-1.405842044136535f,-1.2246467991473532e-16f,0.7845311906921536f,-0.6200893571342373f,-1.4351382882740675f,0f,0f,0f,1f],start_interpolation:0}
execute if entity @s[tag=aj.animal_bear.bone.rear_leg_right] run data modify entity @s {} merge value {transformation:[-1f,9.304035214525644e-18f,1.221107397215554e-16f,-0.8674999999999998f,0f,0.9971098589942311f,-0.07597321301948835f,-0.5567857142857143f,-1.2246467991473532e-16f,-0.07597321301948835f,-0.9971098589942311f,-1.69375f,0f,0f,0f,1f],start_interpolation:0}
execute if entity @s[tag=aj.animal_bear.bone.front_leg_left_under2] run data modify entity @s {} merge value {transformation:[-1f,-7.539678551159044e-17f,9.650348470981658e-17f,0.9177725000000002f,0f,0.7880107536067221f,0.6156614753256581f,-1.4292561412490308f,-1.2246467991473532e-16f,0.6156614753256581f,-0.7880107536067221f,-1.5307407279446628f,0f,0f,0f,1f],start_interpolation:0}
execute if entity @s[tag=aj.animal_bear.bone.rear_leg_left] run data modify entity @s {} merge value {transformation:[-1f,-4.2739556928571264e-18f,1.2239007774061617e-16f,0.8675000000000003f,0f,0.9993908270190958f,0.034899496702500844f,-0.5567857142857143f,-1.2246467991473532e-16f,0.034899496702500844f,-0.9993908270190958f,-1.69375f,0f,0f,0f,1f],start_interpolation:0}
execute if entity @s[tag=aj.animal_bear.bone.head] run data modify entity @s {} merge value {transformation:[-1f,4.756954299352591e-17f,1.128482893357523e-16f,-1.1796119636642288e-16f,0f,0.9214762118704076f,-0.38843479627469474f,0.20470695866015448f,-1.2246467991473532e-16f,-0.38843479627469474f,-0.9214762118704076f,0.945379530509378f,0f,0f,0f,1f],start_interpolation:0}
execute if entity @s[tag=aj.animal_bear.bone.front_leg_left_under] run data modify entity @s {} merge value {transformation:[-1f,4.516741354962737e-17f,-1.1383102643767877e-16f,1.1677724999999999f,0f,-0.9295008692868209f,-0.368819920821862f,0.17223642800288952f,-1.2246467991473532e-16f,-0.368819920821862f,0.9295008692868209f,1.5155477603702492f,0f,0f,0f,1f],start_interpolation:0}
execute if entity @s[tag=aj.animal_bear.bone.front_leg_left] run data modify entity @s {} merge value {transformation:[-1f,1.2237904095048066e-16f,4.579100638679884e-18f,0.9925f,0f,0.03739119427632537f,-0.9993007047883986f,0.1363156029913024f,-1.2246467991473532e-16f,-0.9993007047883986f,-0.03739119427632537f,0.6473475095455621f,0f,0f,0f,1f],start_interpolation:0}
execute if entity @s[tag=aj.animal_bear.bone.front_leg_right_under] run data modify entity @s {} merge value {transformation:[-1f,1.128482893357523e-16f,-4.756954299352591e-17f,-1.2707031250000003f,0f,-0.38843479627469474f,-0.9214762118704076f,-0.4020900278257832f,-1.2246467991473532e-16f,-0.9214762118704076f,0.38843479627469474f,1.2877900979479984f,0f,0f,0f,1f],start_interpolation:0}
execute if entity @s[tag=aj.animal_bear.bone.front_leg_right] run data modify entity @s {} merge value {transformation:[-1f,9.430224107132415e-17f,7.813248463695778e-17f,-1.1175000000000002f,0f,0.6380001539330086f,-0.7700362352392628f,0.1363156029913024f,-1.2246467991473532e-16f,-0.7700362352392628f,-0.6380001539330086f,0.6473475095455619f,0f,0f,0f,1f],start_interpolation:0}
execute if entity @s[tag=aj.animal_bear.bone.front_body] run data modify entity @s {} merge value {transformation:[-2.28125f,1.0851801995398098e-16f,2.5743516004718496e-16f,-0.06249999999999991f,0f,2.1021176083293676f,-0.8861168790016474f,-0.045991071428571395f,-2.7937255105548995e-16f,-0.8861168790016474f,-2.1021176083293676f,-0.7323660714285714f,0f,0f,0f,1f],start_interpolation:0}
execute if entity @s[tag=aj.animal_bear.bone.rear_body] run data modify entity @s {} merge value {transformation:[-1f,0f,1.2246467991473532e-16f,0.015625000000000187f,0f,1f,0f,-0.6650669642857143f,-1.2246467991473532e-16f,0f,-1f,-1.5203125f,0f,0f,0f,1f],start_interpolation:0}