execute if entity @s[tag=aj.animal_bear.bone.front_leg_right_under2] run data modify entity @s {} merge value {transformation:[-1f,-7.492711378998878e-17f,9.686859886320566e-17f,-0.9177724999999998f,0f,0.7909921369218401f,0.6118263146742061f,-1.2892232045473655f,-1.2246467991473532e-16f,0.6118263146742061f,-0.7909921369218401f,-1.2681394660035719f,0f,0f,0f,1f],start_interpolation:0}
execute if entity @s[tag=aj.animal_bear.bone.rear_leg_right] run data modify entity @s {} merge value {transformation:[-1f,3.3902572295676285e-17f,1.1767843225653128e-16f,-0.8674999999999998f,0f,0.9609173219450994f,-0.2768355114248498f,-0.5103571428571428f,-1.2246467991473532e-16f,-0.2768355114248498f,-0.9609173219450994f,-1.69375f,0f,0f,0f,1f],start_interpolation:0}
execute if entity @s[tag=aj.animal_bear.bone.front_leg_left_under2] run data modify entity @s {} merge value {transformation:[-1f,-5.1755810150196545e-17f,1.1099069304367547e-16f,0.9177725000000002f,0f,0.9063077870366502f,0.42261826174069905f,-1.3142230658232308f,-1.2246467991473532e-16f,0.42261826174069905f,-0.9063077870366502f,-1.3174838088594165f,0f,0f,0f,1f],start_interpolation:0}
execute if entity @s[tag=aj.animal_bear.bone.rear_leg_left] run data modify entity @s {} merge value {transformation:[-1f,2.650620804179871e-17f,1.195617780139768e-16f,0.8675000000000003f,0f,0.9762960071199333f,-0.21643961393810335f,-0.5103571428571428f,-1.2246467991473532e-16f,-0.21643961393810335f,-0.9762960071199333f,-1.69375f,0f,0f,0f,1f],start_interpolation:0}
execute if entity @s[tag=aj.animal_bear.bone.head] run data modify entity @s {} merge value {transformation:[-1f,5.856922040980843e-17f,1.0755112387700027e-16f,-1.1102230246251565e-16f,0f,0.8782215733702284f,-0.4782539786213184f,0.4526535576966136f,-1.2246467991473532e-16f,-0.4782539786213184f,-0.8782215733702284f,0.8942238298747479f,0f,0f,0f,1f],start_interpolation:0}
execute if entity @s[tag=aj.animal_bear.bone.front_leg_left_under] run data modify entity @s {} merge value {transformation:[-1f,8.390397254811019e-18f,-1.2217691705279294e-16f,1.1677724999999999f,0f,-0.997650237912329f,-0.06851279291835606f,0.47711480324478484f,-1.2246467991473532e-16f,-0.06851279291835606f,0.997650237912329f,1.4647917865372961f,0f,0f,0f,1f],start_interpolation:0}
execute if entity @s[tag=aj.animal_bear.bone.front_leg_left] run data modify entity @s {} merge value {transformation:[-1f,1.2222684319536986e-16f,-7.628671516918809e-18f,0.9925f,0f,-0.06229283024485249f,-0.9980579158045318f,0.3549276474931783f,-1.2246467991473532e-16f,-0.9980579158045318f,0.06229283024485249f,0.6044823769811208f,0f,0f,0f,1f],start_interpolation:0}
execute if entity @s[tag=aj.animal_bear.bone.front_leg_right_under] run data modify entity @s {} merge value {transformation:[-1f,1.0755112387700028e-16f,-5.856922040980843e-17f,-1.2707031250000003f,0f,-0.4782539786213185f,-0.8782215733702283f,-0.11703503540436272f,-1.2246467991473532e-16f,-0.8782215733702283f,0.4782539786213185f,1.295350351551741f,0f,0f,0f,1f],start_interpolation:0}
execute if entity @s[tag=aj.animal_bear.bone.front_leg_right] run data modify entity @s {} merge value {transformation:[-1f,1.016131152963773e-16f,6.835475569690606e-17f,-1.1175000000000002f,0f,0.5581589381076837f,-0.8297340536644877f,0.3549276474931783f,-1.2246467991473532e-16f,-0.8297340536644877f,-0.5581589381076837f,0.6044823769811204f,0f,0f,0f,1f],start_interpolation:0}
execute if entity @s[tag=aj.animal_bear.bone.front_body] run data modify entity @s {} merge value {transformation:[-2.28125f,1.3361103405987549e-16f,2.453510013444069e-16f,-0.06249999999999991f,0f,2.0034429642508336f,-1.0910168887298826f,0.0361517857142859f,-2.7937255105548995e-16f,-1.0910168887298826f,-2.0034429642508336f,-0.7502232142857143f,0f,0f,0f,1f],start_interpolation:0}
execute if entity @s[tag=aj.animal_bear.bone.rear_body] run data modify entity @s {} merge value {transformation:[-1f,0f,1.2246467991473532e-16f,0.015625000000000187f,0f,1f,0f,-0.6186383928571428f,-1.2246467991473532e-16f,0f,-1f,-1.5203125f,0f,0f,0f,1f],start_interpolation:0}