execute if entity @s[tag=aj.animal_bear.bone.front_leg_right_under2] run data modify entity @s {} merge value {transformation:[-1f,1.0876623301055273e-17f,1.2198072344508177e-16f,-0.9177724999999999f,0f,0.9960481955287801f,-0.08881436924203773f,-1.0015650626892376f,-1.2246467991473532e-16f,-0.08881436924203773f,-0.9960481955287801f,-1.0465685283780366f,0f,0f,0f,1f],start_interpolation:0}
execute if entity @s[tag=aj.animal_bear.bone.rear_leg_right] run data modify entity @s {} merge value {transformation:[-1f,6.889427636315017e-17f,1.0124809386362029e-16f,-0.8674999999999998f,0f,0.8267534274707872f,-0.5625644586758978f,-0.39416666666666667f,-1.2246467991473532e-16f,-0.5625644586758978f,-0.8267534274707872f,-1.69375f,0f,0f,0f,1f],start_interpolation:0}
execute if entity @s[tag=aj.animal_bear.bone.front_leg_left_under2] run data modify entity @s {} merge value {transformation:[-1f,1.8523529922397296e-18f,1.2245067012887564e-16f,0.9177725000000001f,0f,0.9998856014169193f,-0.015125610041437365f,-0.9817113470910424f,-1.2246467991473532e-16f,-0.015125610041437365f,-0.9998856014169193f,-1.0284922174776303f,0f,0f,0f,1f],start_interpolation:0}
execute if entity @s[tag=aj.animal_bear.bone.rear_leg_left] run data modify entity @s {} merge value {transformation:[-1f,7.192528051749483e-17f,9.911786846526843e-17f,0.8675000000000003f,0f,0.8093588170424171f,-0.5873144858384639f,-0.39416666666666667f,-1.2246467991473532e-16f,-0.5873144858384639f,-0.8093588170424171f,-1.69375f,0f,0f,0f,1f],start_interpolation:0}
execute if entity @s[tag=aj.animal_bear.bone.head] run data modify entity @s {} merge value {transformation:[-1f,6.96580474759327e-17f,1.0072414928138774e-16f,-1.0408340855860843e-16f,0f,0.8224750952806623f,-0.5688011231028518f,0.7791944324171651f,-1.2246467991473532e-16f,-0.5688011231028518f,-0.8224750952806623f,0.821655023406455f,0f,0f,0f,1f],start_interpolation:0}
execute if entity @s[tag=aj.animal_bear.bone.front_leg_left_under] run data modify entity @s {} merge value {transformation:[-1f,8.555032396913341e-17f,-8.762841945051215e-17f,1.1677724999999999f,0f,-0.7155403460942573f,-0.6985714087416622f,0.734722312752349f,-1.2246467991473532e-16f,-0.6985714087416622f,0.7155403460942573f,1.4088532630860156f,0f,0f,0f,1f],start_interpolation:0}
execute if entity @s[tag=aj.animal_bear.bone.front_leg_left] run data modify entity @s {} merge value {transformation:[-1f,1.2244602795081332e-16f,-2.1373033680837667e-18f,0.9925f,0f,-0.017452406437283352f,-0.9998476951563913f,0.6512558270447804f,-1.2246467991473532e-16f,-0.9998476951563913f,0.017452406437283352f,0.5439282218453363f,0f,0f,0f,1f],start_interpolation:0}
execute if entity @s[tag=aj.animal_bear.bone.front_leg_right_under] run data modify entity @s {} merge value {transformation:[-1f,1.2236132077075047e-16f,-5.030408120230731e-18f,-1.2707031250000003f,0f,-0.04107639952787273f,-0.999156008540121f,0.2089918040275237f,-1.2246467991473532e-16f,-0.999156008540121f,0.04107639952787273f,1.2541745638139152f,0f,0f,0f,1f],start_interpolation:0}
execute if entity @s[tag=aj.animal_bear.bone.front_leg_right] run data modify entity @s {} merge value {transformation:[-1f,1.0441830481007122e-16f,6.398761948384729e-17f,-1.1175000000000002f,0f,0.5224985647159489f,-0.8526401643540922f,0.6512558270447804f,-1.2246467991473532e-16f,-0.8526401643540922f,-0.5224985647159489f,0.5439282218453361f,0f,0f,0f,1f],start_interpolation:0}
execute if entity @s[tag=aj.animal_bear.bone.front_body] run data modify entity @s {} merge value {transformation:[-2.28125f,1.5890742080447148e-16f,2.297769655481658e-16f,-0.06249999999999991f,0f,1.876271311109011f,-1.2975775620783807f,0.19043750000000004f,-2.7937255105548995e-16f,-1.2975775620783807f,-1.876271311109011f,-0.7692708333333333f,0f,0f,0f,1f],start_interpolation:0}
execute if entity @s[tag=aj.animal_bear.bone.rear_body] run data modify entity @s {} merge value {transformation:[-1f,0f,1.2246467991473532e-16f,0.015625000000000187f,0f,1f,0f,-0.5024479166666667f,-1.2246467991473532e-16f,0f,-1f,-1.5203125f,0f,0f,0f,1f],start_interpolation:0}