execute if entity @s[tag=aj.animal_bear.bone.front_leg_right_under2] run data modify entity @s {} merge value {transformation:[-1f,-4.935356417131902e-17f,1.1207954108670355e-16f,-0.9177724999999999f,0f,0.9151989060416252f,0.40300243470754904f,-1.140160260922695f,-1.2246467991473532e-16f,0.40300243470754904f,-0.9151989060416252f,-1.1188696900001833f,0f,0f,0f,1f],start_interpolation:0}
execute if entity @s[tag=aj.animal_bear.bone.rear_leg_right] run data modify entity @s {} merge value {transformation:[-1f,5.708887865227199e-17f,1.0834416348306327e-16f,-0.8674999999999998f,0f,0.8846972331818177f,-0.4661660708378897f,-0.46392857142857136f,-1.2246467991473532e-16f,-0.4661660708378897f,-0.8846972331818177f,-1.69375f,0f,0f,0f,1f],start_interpolation:0}
execute if entity @s[tag=aj.animal_bear.bone.front_leg_left_under2] run data modify entity @s {} merge value {transformation:[-1f,-2.5461838666528224e-17f,1.1978853283323184e-16f,0.9177725000000001f,0f,0.9781476007338059f,0.20791169081775868f,-1.1479799374652306f,-1.2246467991473532e-16f,0.20791169081775868f,-0.9781476007338059f,-1.1281968218417096f,0f,0f,0f,1f],start_interpolation:0}
execute if entity @s[tag=aj.animal_bear.bone.rear_leg_left] run data modify entity @s {} merge value {transformation:[-1f,5.559780123493442e-17f,1.091168287866693e-16f,0.8675000000000003f,0f,0.8910065241883676f,-0.45399049973954747f,-0.46392857142857136f,-1.2246467991473532e-16f,-0.45399049973954747f,-0.8910065241883676f,-1.69375f,0f,0f,0f,1f],start_interpolation:0}
execute if entity @s[tag=aj.animal_bear.bone.head] run data modify entity @s {} merge value {transformation:[-1f,6.898681060031161e-17f,1.0118506702975152e-16f,-1.0408340855860843e-16f,0f,0.8262387743159947f,-0.5633200580636222f,0.6964607750016952f,-1.2246467991473532e-16f,-0.5633200580636222f,-0.8262387743159947f,0.8267248757158476f,0f,0f,0f,1f],start_interpolation:0}
execute if entity @s[tag=aj.animal_bear.bone.front_leg_left_under] run data modify entity @s {} merge value {transformation:[-1f,3.530057382908671e-18f,-1.2241379220288842e-16f,1.1677724999999999f,0f,-0.9995844702988459f,-0.028825106025398034f,0.7776106899073606f,-1.2246467991473532e-16f,-0.028825106025398034f,0.9995844702988459f,1.3920219984881528f,0f,0f,0f,1f],start_interpolation:0}
execute if entity @s[tag=aj.animal_bear.bone.front_leg_left] run data modify entity @s {} merge value {transformation:[-1f,1.2085990015982773e-16f,-1.9760626507655195e-17f,0.9925f,0f,-0.161357760632807f,-0.986895978856721f,0.5703715542645197f,-1.2246467991473532e-16f,-0.986895978856721f,0.161357760632807f,0.5481535716231762f,0f,0f,0f,1f],start_interpolation:0}
execute if entity @s[tag=aj.animal_bear.bone.front_leg_right_under] run data modify entity @s {} merge value {transformation:[-1f,1.0421502955936269e-16f,-6.431815793817275e-17f,-1.2707031250000003f,0f,-0.5251976160224608f,-0.8509802959671413f,0.16954239646745445f,-1.2246467991473532e-16f,-0.8509802959671413f,0.5251976160224608f,1.2825807760449972f,0f,0f,0f,1f],start_interpolation:0}
execute if entity @s[tag=aj.animal_bear.bone.front_leg_right] run data modify entity @s {} merge value {transformation:[-1f,1.0791411272997229e-16f,5.789768648505229e-17f,-1.1175000000000002f,0f,0.4727704879918268f,-0.8811856022904424f,0.5703715542645197f,-1.2246467991473532e-16f,-0.8811856022904424f,-0.4727704879918268f,0.5481535716231758f,0f,0f,0f,1f],start_interpolation:0}
execute if entity @s[tag=aj.animal_bear.bone.front_body] run data modify entity @s {} merge value {transformation:[-2.28125f,1.5737616168196086e-16f,2.3082843416162065e-16f,-0.06249999999999991f,0f,1.8848572039083629f,-1.285073882457638f,0.11829464285714308f,-2.7937255105548995e-16f,-1.285073882457638f,-1.8848572039083629f,-0.7680803571428572f,0f,0f,0f,1f],start_interpolation:0}
execute if entity @s[tag=aj.animal_bear.bone.rear_body] run data modify entity @s {} merge value {transformation:[-1f,0f,1.2246467991473532e-16f,0.015625000000000187f,0f,1f,0f,-0.5722098214285714f,-1.2246467991473532e-16f,0f,-1f,-1.5203125f,0f,0f,0f,1f],start_interpolation:0}