execute if entity @s[tag=aj.animal_bear.bone.front_leg_right_under2] run data modify entity @s {} merge value {transformation:[-1f,-6.59330592874666e-18f,1.22287064498043e-16f,-0.9177724999999999f,0f,0.9985496600585901f,0.0538384286256019f,-0.9629285057844794f,-1.2246467991473532e-16f,0.0538384286256019f,-0.9985496600585901f,-0.993546876771267f,0f,0f,0f,1f],start_interpolation:0}
execute if entity @s[tag=aj.animal_bear.bone.front_leg_left_under] run data modify entity @s {} merge value {transformation:[-1f,2.0607661767780632e-17f,-1.2071835860002126e-16f,1.1677724999999999f,0f,-0.9857402043109091f,-0.16827432841965925f,1.0715539974839596f,-1.2246467991473532e-16f,-0.16827432841965925f,0.9857402043109091f,1.2977841427612982f,0f,0f,0f,1f],start_interpolation:0}
execute if entity @s[tag=aj.animal_bear.bone.front_leg_right_under] run data modify entity @s {} merge value {transformation:[-1f,1.091370375039326e-16f,-5.555812156187238e-17f,-1.2707031250000003f,0f,-0.4536664906204311f,-0.8911715408876915f,0.4556105051398545f,-1.2246467991473532e-16f,-0.8911715408876915f,0.4536664906204311f,1.2494308088977522f,0f,0f,0f,1f],start_interpolation:0}