execute if entity @s[tag=aj.animal_bear.bone.front_leg_right_under2] run data modify entity @s {} merge value {transformation:[-1f,1.0041918815934528e-17f,1.22052274428266e-16f,-0.9177724999999999f,0f,0.9966324536449493f,-0.08199848987419145f,-1.0189911969054228f,-1.2246467991473532e-16f,-0.08199848987419145f,-0.9966324536449493f,-1.075158353626187f,0f,0f,0f,1f],start_interpolation:0}
execute if entity @s[tag=aj.animal_bear.bone.rear_leg_right] run data modify entity @s {} merge value {transformation:[-1f,6.416976625445835e-17f,1.0430646636458717e-16f,-0.8674999999999998f,0f,0.8517269341430476f,-0.5239859059700792f,-0.38250000000000006f,-1.2246467991473532e-16f,-0.5239859059700792f,-0.8517269341430476f,-1.69375f,0f,0f,0f,1f],start_interpolation:0}
execute if entity @s[tag=aj.animal_bear.bone.front_leg_left_under2] run data modify entity @s {} merge value {transformation:[-1f,1.7098739461452156e-18f,1.2245274254873538e-16f,0.9177725000000001f,0f,0.9999025240093042f,-0.013962180339145147f,-1.0014709460933355f,-1.2246467991473532e-16f,-0.013962180339145147f,-0.9999025240093042f,-1.0576276559545454f,0f,0f,0f,1f],start_interpolation:0}
execute if entity @s[tag=aj.animal_bear.bone.rear_leg_left] run data modify entity @s {} merge value {transformation:[-1f,6.705715489809583e-17f,1.02474073811825e-16f,0.8675000000000003f,0f,0.8367643134589617f,-0.5475632234925502f,-0.38250000000000006f,-1.2246467991473532e-16f,-0.5475632234925502f,-0.8367643134589617f,-1.69375f,0f,0f,0f,1f],start_interpolation:0}
execute if entity @s[tag=aj.animal_bear.bone.head] run data modify entity @s {} merge value {transformation:[-1f,6.489639307497148e-17f,1.0385593864809739e-16f,-1.1102230246251565e-16f,0f,0.8480480961564261f,-0.5299192642332048f,0.6995385520423989f,-1.2246467991473532e-16f,-0.5299192642332048f,-0.8480480961564261f,0.8556576612575731f,0f,0f,0f,1f],start_interpolation:0}
execute if entity @s[tag=aj.animal_bear.bone.front_leg_left_under] run data modify entity @s {} merge value {transformation:[-1f,1.000097466579467e-16f,-7.067990096223889e-17f,1.1677724999999999f,0f,-0.5771451900372334f,-0.816641555161679f,0.5620963083928504f,-1.2246467991473532e-16f,-0.816641555161679f,0.5771451900372334f,1.4409292502949227f,0f,0f,0f,1f],start_interpolation:0}
execute if entity @s[tag=aj.animal_bear.bone.front_leg_left] run data modify entity @s {} merge value {transformation:[-1f,1.217938055844715e-16f,1.2801044796052378e-17f,0.9925f,0f,0.1045284632676538f,-0.9945218953682733f,0.5846598160834495f,-1.2246467991473532e-16f,-0.9945218953682733f,-0.1045284632676538f,0.5722792233437582f,0f,0f,0f,1f],start_interpolation:0}
execute if entity @s[tag=aj.animal_bear.bone.front_leg_right_under] run data modify entity @s {} merge value {transformation:[-1f,1.220440752774557e-16f,1.014108062729511e-17f,-1.2707031250000003f,0f,0.08280820751220463f,-0.9965655024977613f,0.08803385971613464f,-1.2246467991473532e-16f,-0.9965655024977613f,-0.08280820751220463f,1.2456364775538886f,0f,0f,0f,1f],start_interpolation:0}
execute if entity @s[tag=aj.animal_bear.bone.front_leg_right] run data modify entity @s {} merge value {transformation:[-1f,9.907600726170915e-17f,7.198293278059969e-17f,-1.1175000000000002f,0f,0.5877852522924734f,-0.8090169943749472f,0.5846598160834495f,-1.2246467991473532e-16f,-0.8090169943749472f,-0.5877852522924734f,0.572279223343758f,0f,0f,0f,1f],start_interpolation:0}
execute if entity @s[tag=aj.animal_bear.bone.front_body] run data modify entity @s {} merge value {transformation:[-2.28125f,1.4804489670227867e-16f,2.3692136004097217e-16f,-0.06249999999999991f,0f,1.934609719356847f,-1.2088783215319985f,0.18543749999999992f,-2.7937255105548995e-16f,-1.2088783215319985f,-1.934609719356847f,-0.7609374999999999f,0f,0f,0f,1f],start_interpolation:0}
execute if entity @s[tag=aj.animal_bear.bone.rear_body] run data modify entity @s {} merge value {transformation:[-1f,0f,1.2246467991473532e-16f,0.015625000000000187f,0f,1f,0f,-0.49078125000000006f,-1.2246467991473532e-16f,0f,-1f,-1.5203125f,0f,0f,0f,1f],start_interpolation:0}