execute if entity @s[tag=aj.animal_alpha.bone.bone4] run data modify entity @s {} merge value {transformation:[-1f,-1.4924690131530345e-17f,1.2155184676135683e-16f,0.125f,0f,0.992546151641322f,0.12186934340514746f,-1.44847753141239f,-1.2246467991473532e-16f,0.12186934340514746f,-0.992546151641322f,-0.0435977960900783f,0f,0f,0f,1f],start_interpolation:0}
execute if entity @s[tag=aj.animal_alpha.bone.bone] run data modify entity @s {} merge value {transformation:[-1f,-8.542704229054943e-18f,1.221663621095163e-16f,0.125f,0f,0.9975640502598242f,0.0697564737441253f,-0.825f,-1.2246467991473532e-16f,0.0697564737441253f,-0.9975640502598242f,1.5308084989341915e-17f,0f,0f,0f,1f],start_interpolation:0}
execute if entity @s[tag=aj.animal_alpha.bone.bone5] run data modify entity @s {} merge value {transformation:[-1f,-1.5407439555097887e-33f,1.2246467991473532e-16f,-0.125f,0f,0.9999999999999999f,0f,-1.4465761846051708f,-1.2246467991473532e-16f,0f,-0.9999999999999999f,0.0653302895422834f,0f,0f,0f,1f],start_interpolation:0}
execute if entity @s[tag=aj.animal_alpha.bone.bone2] run data modify entity @s {} merge value {transformation:[-1f,1.2801044796052349e-17f,1.217938055844715e-16f,-0.125f,0f,0.9945218953682733f,-0.10452846326765346f,-0.825f,-1.2246467991473532e-16f,-0.10452846326765346f,-0.9945218953682733f,-1.5308084989341915e-17f,0f,0f,0f,1f],start_interpolation:0}
execute if entity @s[tag=aj.animal_alpha.bone.head] run data modify entity @s {} merge value {transformation:[-0.9999999999999999f,0f,1.249000902703301e-16f,0f,0f,1f,0f,0.050000000000000044f,-1.249000902703301e-16f,0f,-0.9999999999999999f,0f,0f,0f,0f,1f],start_interpolation:0}
execute if entity @s[tag=aj.animal_alpha.bone.bone6] run data modify entity @s {} merge value {transformation:[-0.971285682473643f,-0.23156963826644764f,0.05458594741191339f,0.5907929466751882f,-0.23214480803042709f,0.8722144019226591f,-0.43052389618140186f,-0.941939933407443f,0.05208561342852511f,-0.43083354060686224f,-0.9009270498558302f,0.11070180254030301f,0f,0f,0f,1f],start_interpolation:0}
execute if entity @s[tag=aj.animal_alpha.bone.left_down_arm] run data modify entity @s {} merge value {transformation:[-0.971285682473643f,-0.23156963826644764f,0.05458594741191339f,0.46053502515031147f,-0.23214480803042709f,0.8722144019226591f,-0.43052389618140186f,-0.4513193323259472f,0.05208561342852511f,-0.43083354060686224f,-0.9009270498558302f,-0.131642064051057f,0f,0f,0f,1f],start_interpolation:0}
execute if entity @s[tag=aj.animal_alpha.bone.left_upper_arm] run data modify entity @s {} merge value {transformation:[-0.971285682473643f,-0.2044958426342004f,-0.12159594305336807f,0.24965738368864343f,-0.23214480803042709f,0.9264855618965727f,0.2961980616103154f,-0.07499999999999996f,0.05208561342852511f,0.31592080327594824f,-0.947354809420026f,0.01308398906073599f,0f,0f,0f,1f],start_interpolation:0}
execute if entity @s[tag=aj.animal_alpha.bone.bone7] run data modify entity @s {} merge value {transformation:[-0.9521755335943481f,0.30537338271431136f,-0.010433137300791595f,-0.6293172886420305f,0.2723366185635431f,0.832692289087053f,-0.48213723967801836f,-0.8797352476865777f,-0.13854428683166148f,-0.46192060878962987f,-0.8760335791290901f,0.07216968095436999f,0f,0f,0f,1f],start_interpolation:0}
execute if entity @s[tag=aj.animal_alpha.bone.left_down_arm2] run data modify entity @s {} merge value {transformation:[-0.9521755335943481f,0.30537338271431136f,-0.010433137300791595f,-0.4581968319465298f,0.2723366185635431f,0.832692289087053f,-0.48213723967801836f,-0.4414794125549866f,-0.13854428683166148f,-0.46192060878962987f,-0.8760335791290901f,-0.24241276018536495f,0f,0f,0f,1f],start_interpolation:0}
execute if entity @s[tag=aj.animal_alpha.bone.left_upper_arm2] run data modify entity @s {} merge value {transformation:[-0.9521755335943481f,0.2120880087400613f,0.2199555177143645f,-0.24638638642345947f,0.2723366185635431f,0.915477691143839f,0.29619818231603134f,-0.07499999999999996f,-0.13854428683166148f,0.34193460422516664f,-0.9294547901967501f,-0.07549833498289685f,0f,0f,0f,1f],start_interpolation:0}
execute if entity @s[tag=aj.animal_alpha.bone.upperbody] run data modify entity @s {} merge value {transformation:[-0.9986295347545738f,0f,0.05233595624294395f,-0.18397204050129862f,0f,1f,0f,-0.32499999999999996f,-0.05233595624294395f,0f,-0.9986295347545738f,-0.07222733771771285f,0f,0f,0f,1f],start_interpolation:0}
execute if entity @s[tag=aj.animal_alpha.bone.downbody] run data modify entity @s {} merge value {transformation:[-0.9986295347545738f,0f,0.05233595624294395f,0f,0f,1f,0f,-0.825f,-0.05233595624294395f,0f,-0.9986295347545738f,0f,0f,0f,0f,1f],start_interpolation:0}