execute if entity @s[tag=aj.animal_alpha.bone.bone4] run data modify entity @s {} merge value {transformation:[-1f,0f,1.2246467991473532e-16f,0.12499999999999997f,0f,1f,0f,-1.456785322684471f,-1.2246467991473532e-16f,0f,-1f,0.1931356214843422f,0f,0f,0f,1f],start_interpolation:0}
execute if entity @s[tag=aj.animal_alpha.bone.bone] run data modify entity @s {} merge value {transformation:[-1f,3.784366730434151e-17f,1.1647083184890923e-16f,0.125f,0f,0.9510565162951535f,-0.3090169943749475f,-0.862375f,-1.2246467991473532e-16f,-0.3090169943749475f,-0.9510565162951535f,1.5308084989341915e-17f,0f,0f,0f,1f],start_interpolation:0}
execute if entity @s[tag=aj.animal_alpha.bone.bone5] run data modify entity @s {} merge value {transformation:[-1f,-5.27224036703695e-17f,1.1053481794365604e-16f,-0.12499999999999999f,0f,0.9025852843498606f,0.43051109680829514f,-1.483951184605171f,-1.2246467991473532e-16f,0.43051109680829514f,-0.9025852843498606f,-0.06533028954228344f,0f,0f,0f,1f],start_interpolation:0}
execute if entity @s[tag=aj.animal_alpha.bone.bone2] run data modify entity @s {} merge value {transformation:[-1f,-1.280104479605235e-17f,1.217938055844715e-16f,-0.125f,0f,0.9945218953682733f,0.10452846326765347f,-0.862375f,-1.2246467991473532e-16f,0.10452846326765347f,-0.9945218953682733f,-1.5308084989341915e-17f,0f,0f,0f,1f],start_interpolation:0}
execute if entity @s[tag=aj.animal_alpha.bone.head] run data modify entity @s {} merge value {transformation:[-0.9999999999999999f,0f,1.1102230246251565e-16f,0f,0f,1f,0f,0.012624999999999997f,-1.1102230246251565e-16f,0f,-0.9999999999999999f,0f,0f,0f,0f,1f],start_interpolation:0}
execute if entity @s[tag=aj.animal_alpha.bone.bone6] run data modify entity @s {} merge value {transformation:[-0.9455295648050862f,-0.23964764907637975f,-0.22032441165624062f,0.5636352654703813f,-0.23214480803042709f,0.9708452788579788f,-0.059734685264841714f,-1.0347948016835602f,0.22821619176565974f,-0.005333742713879874f,-0.9735958715014367f,-0.21036331755929916f,0f,0f,0f,1f],start_interpolation:0}
execute if entity @s[tag=aj.animal_alpha.bone.left_down_arm] run data modify entity @s {} merge value {transformation:[-0.9455295648050862f,-0.23964764907637975f,-0.22032441165624062f,0.42883346286491775f,-0.23214480803042709f,0.9708452788579788f,-0.059734685264841714f,-0.4886943323259472f,0.22821619176565974f,-0.005333742713879874f,-0.9735958715014367f,-0.2133635478358566f,0f,0f,0f,1f],start_interpolation:0}
execute if entity @s[tag=aj.animal_alpha.bone.left_upper_arm] run data modify entity @s {} merge value {transformation:[-0.9455295648050862f,-0.14349954724760994f,-0.29220150926926297f,0.2478612153434526f,-0.23214480803042709f,0.9264855618965727f,0.2961980616103154f,-0.112375f,0.22821619176565974f,0.3478970875660257f,-0.9093321649865118f,-0.032631548055012866f,0f,0f,0f,1f],start_interpolation:0}
execute if entity @s[tag=aj.animal_alpha.bone.bone7] run data modify entity @s {} merge value {transformation:[-0.9614789571836725f,0.13670057153116635f,-0.23847676749748617f,-0.5566897738977521f,0.2723366185635431f,0.591447057349042f,-0.7589618860934548f,-0.7641082644329819f,0.0372958587831526f,-0.7946718392495179f,-0.6058924713358103f,0.3300173933765709f,0f,0f,0f,1f],start_interpolation:0}
execute if entity @s[tag=aj.animal_alpha.bone.left_down_arm2] run data modify entity @s {} merge value {transformation:[-0.9614789571836725f,0.13670057153116635f,-0.23847676749748617f,-0.49470050038006386f,0.2723366185635431f,0.591447057349042f,-0.7589618860934548f,-0.4788544125549867f,0.0372958587831526f,-0.7946718392495179f,-0.6058924713358103f,-0.15485379565977106f,0f,0f,0f,1f],start_interpolation:0}
execute if entity @s[tag=aj.animal_alpha.bone.left_upper_arm2] run data modify entity @s {} merge value {transformation:[-0.9614789571836725f,0.27084920771405485f,0.04689266012572081f,-0.2560191023572058f,0.2723366185635431f,0.915477691143839f,0.29619818231603134f,-0.112375f,0.0372958587831526f,0.29755890794700535f,-0.953974693175355f,-0.029333755780850283f,0f,0f,0f,1f],start_interpolation:0}
execute if entity @s[tag=aj.animal_alpha.bone.upperbody] run data modify entity @s {} merge value {transformation:[-0.9914448613738104f,0f,-0.13052619222005146f,-0.19405379852134266f,0f,1f,0f,-0.362375f,0.13052619222005146f,0f,-0.9914448613738104f,-0.0374916427946035f,0f,0f,0f,1f],start_interpolation:0}
execute if entity @s[tag=aj.animal_alpha.bone.downbody] run data modify entity @s {} merge value {transformation:[-0.9914448613738104f,0f,-0.13052619222005146f,0f,0f,1f,0f,-0.862375f,0.13052619222005146f,0f,-0.9914448613738104f,0f,0f,0f,0f,1f],start_interpolation:0}