execute if entity @s[tag=aj.animal_alpha.bone.bone4] run data modify entity @s {} merge value {transformation:[-1f,-7.024285468436541e-17f,1.0031719290535247e-16f,0.12500000000000003f,0f,0.8191520442889919f,0.573576436351046f,-1.4623078879911928f,-1.2246467991473532e-16f,0.573576436351046f,-0.8191520442889919f,-0.21376258957854288f,0f,0f,0f,1f],start_interpolation:0}
execute if entity @s[tag=aj.animal_alpha.bone.bone] run data modify entity @s {} merge value {transformation:[-1f,-4.188538737676991e-17f,1.1507915602278503e-16f,0.125f,0f,0.9396926207859084f,0.34202014332566866f,-0.875f,-1.2246467991473532e-16f,0.34202014332566866f,-0.9396926207859084f,1.5308084989341915e-17f,0f,0f,0f,1f],start_interpolation:0}
execute if entity @s[tag=aj.animal_alpha.bone.bone5] run data modify entity @s {} merge value {transformation:[-1f,0f,1.2246467991473532e-16f,-0.12500000000000003f,0f,1f,0f,-1.4162658773652743f,-1.2246467991473532e-16f,0f,-1f,0.31249999999999994f,0f,0f,0f,1f],start_interpolation:0}
execute if entity @s[tag=aj.animal_alpha.bone.bone2] run data modify entity @s {} merge value {transformation:[-1f,6.123233995736765e-17f,1.0605752387249069e-16f,-0.125f,0f,0.8660254037844387f,-0.49999999999999994f,-0.875f,-1.2246467991473532e-16f,-0.49999999999999994f,-0.8660254037844387f,-1.5308084989341915e-17f,0f,0f,0f,1f],start_interpolation:0}
execute if entity @s[tag=aj.animal_alpha.bone.head] run data modify entity @s {} merge value {transformation:[-1f,0f,1.3877787807814457e-16f,0f,0f,1f,0f,0f,-1.3877787807814457e-16f,0f,-1f,0f,0f,0f,0f,1f],start_interpolation:0}
execute if entity @s[tag=aj.animal_alpha.bone.bone6] run data modify entity @s {} merge value {transformation:[-0.9608899678938958f,-0.017556692831540766f,0.2763733564178845f,0.4877167937419968f,-0.23214480803042709f,0.5952118574553319f,-0.76930594229415f,-0.8361260021445714f,-0.1509942307023161f,-0.8033770019619635f,-0.5760087976873471f,0.41888481025621765f,0f,0f,0f,1f],start_interpolation:0}
execute if entity @s[tag=aj.animal_alpha.bone.left_down_arm] run data modify entity @s {} merge value {transformation:[-0.9608899678938958f,-0.017556692831540766f,0.2763733564178845f,0.4778411540242551f,-0.23214480803042709f,0.5952118574553319f,-0.76930594229415f,-0.5013193323259473f,-0.1509942307023161f,-0.8033770019619635f,-0.5760087976873471f,-0.033014753347386794f,0f,0f,0f,1f],start_interpolation:0}
execute if entity @s[tag=aj.animal_alpha.bone.left_upper_arm] run data modify entity @s {} merge value {transformation:[-0.9608899678938958f,-0.26571074620628815f,0.07802736027423732f,0.24148145657226705f,-0.23214480803042709f,0.9264855618965727f,0.2961980616103154f,-0.125f,-0.1509942307023161f,0.26650009933898633f,-0.951934051994636f,0.06470476127563021f,0f,0f,0f,1f],start_interpolation:0}
execute if entity @s[tag=aj.animal_alpha.bone.bone7] run data modify entity @s {} merge value {transformation:[-0.9025632367344314f,0.2678163862611531f,0.3371260698099209f,-0.5695007816214084f,0.2723366185635431f,0.9615733756305181f,-0.03477656492389425f,-1.0301909010394097f,-0.333485186904669f,0.06042372488143566f,-0.9408169872970038f,-0.3075672213596627f,0f,0f,0f,1f],start_interpolation:0}
execute if entity @s[tag=aj.animal_alpha.bone.left_down_arm2] run data modify entity @s {} merge value {transformation:[-0.9025632367344314f,0.2678163862611531f,0.3371260698099209f,-0.3977836849863897f,0.2723366185635431f,0.9615733756305181f,-0.03477656492389425f,-0.49147941255498667f,-0.333485186904669f,0.06042372488143566f,-0.9408169872970038f,-0.33237993781991787f,0f,0f,0f,1f],start_interpolation:0}
execute if entity @s[tag=aj.animal_alpha.bone.left_upper_arm2] run data modify entity @s {} merge value {transformation:[-0.9025632367344314f,0.13636117517994564f,0.40839347888893984f,-0.22530526625335953f,0.2723366185635431f,0.915477691143839f,0.29619818231603134f,-0.125f,-0.333485186904669f,0.37855808923002804f,-0.8634126494288049f,-0.12507512541869698f,0f,0f,0f,1f],start_interpolation:0}
execute if entity @s[tag=aj.animal_alpha.bone.upperbody] run data modify entity @s {} merge value {transformation:[-0.9659258262890683f,0f,0.25881904510252085f,-0.16493490211029277f,0f,1f,0f,-0.375f,-0.25881904510252085f,0f,-0.9659258262890683f,-0.10889893509978943f,0f,0f,0f,1f],start_interpolation:0}
execute if entity @s[tag=aj.animal_alpha.bone.downbody] run data modify entity @s {} merge value {transformation:[-0.9659258262890683f,0f,0.25881904510252085f,0f,0f,1f,0f,-0.875f,-0.25881904510252085f,0f,-0.9659258262890683f,0f,0f,0f,0f,1f],start_interpolation:0}