execute if entity @s[tag=aj.animal_alpha.bone.bone4] run data modify entity @s {} merge value {transformation:[-1f,-7.476289853398326e-18f,1.222362586004928e-16f,0.12499999999999997f,0f,0.998134798421867f,0.061048539534857005f,-1.4474423668979064f,-1.2246467991473532e-16f,0.061048539534857005f,-0.998134798421867f,0.2641364135879371f,0f,0f,0f,1f],start_interpolation:0}
execute if entity @s[tag=aj.animal_alpha.bone.bone] run data modify entity @s {} merge value {transformation:[-1f,5.1755810150196575e-17f,1.1099069304367546e-16f,0.125f,0f,0.90630778703665f,-0.42261826174069933f,-0.881f,-1.2246467991473532e-16f,-0.42261826174069933f,-0.90630778703665f,1.5308084989341915e-17f,0f,0f,0f,1f],start_interpolation:0}
execute if entity @s[tag=aj.animal_alpha.bone.bone5] run data modify entity @s {} merge value {transformation:[-1f,-7.58171423393782e-17f,9.617358657193277e-17f,-0.12499999999999999f,0f,0.785316930880745f,0.6190939493098339f,-1.5025761846051708f,-1.2246467991473532e-16f,0.6190939493098339f,-0.785316930880745f,-0.06533028954228343f,0f,0f,0f,1f],start_interpolation:0}
execute if entity @s[tag=aj.animal_alpha.bone.bone2] run data modify entity @s {} merge value {transformation:[-1f,-1.2801044796052349e-17f,1.217938055844715e-16f,-0.125f,0f,0.9945218953682733f,0.10452846326765346f,-0.881f,-1.2246467991473532e-16f,0.10452846326765346f,-0.9945218953682733f,-1.5308084989341915e-17f,0f,0f,0f,1f],start_interpolation:0}
execute if entity @s[tag=aj.animal_alpha.bone.head] run data modify entity @s {} merge value {transformation:[-1f,0f,8.326672684688674e-17f,0f,0f,1f,0f,-0.006000000000000005f,-8.326672684688674e-17f,0f,-1f,0f,0f,0f,0f,1f],start_interpolation:0}
execute if entity @s[tag=aj.animal_alpha.bone.bone6] run data modify entity @s {} merge value {transformation:[-0.9076522377888854f,-0.149339565877176f,-0.3922564330899435f,0.4813187074908958f,-0.23214480803042709f,0.9572209546043391f,0.17273341359121597f,-1.045756119290888f,0.34968014433385386f,0.24784216374534518f,-0.9034921463569457f,-0.40692340921739845f,0f,0f,0f,1f],start_interpolation:0}
execute if entity @s[tag=aj.animal_alpha.bone.left_down_arm] run data modify entity @s {} merge value {transformation:[-0.9076522377888854f,-0.149339565877176f,-0.3922564330899435f,0.39731520168498424f,-0.23214480803042709f,0.9572209546043391f,0.17273341359121597f,-0.5073193323259473f,0.34968014433385386f,0.24784216374534518f,-0.9034921463569457f,-0.2675121921106418f,0f,0f,0f,1f],start_interpolation:0}
execute if entity @s[tag=aj.animal_alpha.bone.left_upper_arm] run data modify entity @s {} merge value {transformation:[-0.9076522377888854f,-0.09686220660367204f,-0.4083933498095877f,0.24148145657226705f,-0.23214480803042709f,0.9264855618965727f,0.2961980616103154f,-0.131f,0.34968014433385386f,0.36365122924178267f,-0.8634127518919301f,-0.06470476127563016f,0f,0f,0f,1f],start_interpolation:0}
execute if entity @s[tag=aj.animal_alpha.bone.bone7] run data modify entity @s {} merge value {transformation:[-0.9483852849862603f,-0.05094110744762817f,-0.3130021641994492f,-0.4624637371174025f,0.2723366185635431f,0.3748601969481954f,-0.8861786495585048f,-0.65295210774094f,0.1624749747219707f,-0.9256807421114309f,-0.34163876576455077f,0.4530902129308181f,0f,0f,0f,1f],start_interpolation:0}
execute if entity @s[tag=aj.animal_alpha.bone.left_down_arm2] run data modify entity @s {} merge value {transformation:[-0.9483852849862603f,-0.05094110744762817f,-0.3130021641994492f,-0.510680745319159f,0.2723366185635431f,0.3748601969481954f,-0.8861786495585048f,-0.4974794125549867f,0.1624749747219707f,-0.9256807421114309f,-0.34163876576455077f,-0.08895762736714616f,0f,0f,0f,1f],start_interpolation:0}
execute if entity @s[tag=aj.animal_alpha.bone.left_upper_arm2] run data modify entity @s {} merge value {transformation:[-0.9483852849862603f,0.30737128641074696f,-0.07802719725667667f,-0.25765764689117465f,0.2723366185635431f,0.915477691143839f,0.29619818231603134f,-0.131f,0.1624749747219707f,0.25966033449132775f,-0.9519340277986427f,0.004334397132563388f,0f,0f,0f,1f],start_interpolation:0}
execute if entity @s[tag=aj.animal_alpha.bone.upperbody] run data modify entity @s {} merge value {transformation:[-0.9659258262890683f,0f,-0.25881904510252063f,-0.19728728274810786f,0f,1f,0f,-0.381f,0.25881904510252063f,0f,-0.9659258262890683f,-0.011841793186344152f,0f,0f,0f,1f],start_interpolation:0}
execute if entity @s[tag=aj.animal_alpha.bone.downbody] run data modify entity @s {} merge value {transformation:[-0.9659258262890683f,0f,-0.25881904510252063f,0f,0f,1f,0f,-0.881f,0.25881904510252063f,0f,-0.9659258262890683f,0f,0f,0f,0f,1f],start_interpolation:0}