execute if entity @s[tag=aj.animal_alpha.bone.bone4] run data modify entity @s {} merge value {transformation:[-1f,0f,1.2246467991473532e-16f,0.12499999999999999f,0f,1f,0f,-1.4570922504586286f,-1.2246467991473532e-16f,0f,-1f,0.12994480676109954f,0f,0f,0f,1f],start_interpolation:0}
execute if entity @s[tag=aj.animal_alpha.bone.bone] run data modify entity @s {} merge value {transformation:[-1f,2.5461838666528298e-17f,1.1978853283323184e-16f,0.125f,0f,0.9781476007338057f,-0.20791169081775923f,-0.84575f,-1.2246467991473532e-16f,-0.20791169081775923f,-0.9781476007338057f,1.5308084989341915e-17f,0f,0f,0f,1f],start_interpolation:0}
execute if entity @s[tag=aj.animal_alpha.bone.bone5] run data modify entity @s {} merge value {transformation:[-1f,-3.580520723499545e-17f,1.1711355583995222e-16f,-0.125f,0f,0.9563047559630354f,0.29237170472273666f,-1.4692275314123902f,-1.2246467991473532e-16f,0.29237170472273666f,-0.9563047559630354f,-0.04359779609007832f,0f,0f,0f,1f],start_interpolation:0}
execute if entity @s[tag=aj.animal_alpha.bone.bone2] run data modify entity @s {} merge value {transformation:[-1f,-8.542704229054942e-18f,1.221663621095163e-16f,-0.125f,0f,0.9975640502598242f,0.06975647374412529f,-0.84575f,-1.2246467991473532e-16f,0.06975647374412529f,-0.9975640502598242f,-1.5308084989341915e-17f,0f,0f,0f,1f],start_interpolation:0}
execute if entity @s[tag=aj.animal_alpha.bone.head] run data modify entity @s {} merge value {transformation:[-1f,0f,1.249000902703301e-16f,0f,0f,1f,0f,0.029249999999999998f,-1.249000902703301e-16f,0f,-1f,0f,0f,0f,0f,1f],start_interpolation:0}
execute if entity @s[tag=aj.animal_alpha.bone.bone6] run data modify entity @s {} merge value {transformation:[-0.9545842806432575f,-0.2526176160583227f,-0.15796579125179144f,0.5798295047054869f,-0.23214480803042709f,0.9629673388894108f,-0.1371229095985167f,-1.0137384604512407f,0.1867555601670559f,-0.09422443573328887f,-0.9778773524616636f,-0.14145377498390987f,0f,0f,0f,1f],start_interpolation:0}
execute if entity @s[tag=aj.animal_alpha.bone.left_down_arm] run data modify entity @s {} merge value {transformation:[-0.9545842806432575f,-0.2526176160583227f,-0.15796579125179144f,0.43773209567268034f,-0.23214480803042709f,0.9629673388894108f,-0.1371229095985167f,-0.4720693323259472f,0.1867555601670559f,-0.09422443573328887f,-0.9778773524616636f,-0.19445502008388488f,0f,0f,0f,1f],start_interpolation:0}
execute if entity @s[tag=aj.animal_alpha.bone.left_upper_arm] run data modify entity @s {} merge value {transformation:[-0.9545842806432575f,-0.1585380253013412f,-0.2522588862306856f,0.2490486745229364f,-0.23214480803042709f,0.9264855618965727f,0.2961980616103154f,-0.09575f,0.1867555601670559f,0.34130660428820203f,-0.9212123330785069f,-0.021788935686914507f,0f,0f,0f,1f],start_interpolation:0}
execute if entity @s[tag=aj.animal_alpha.bone.bone7] run data modify entity @s {} merge value {transformation:[-0.9621906647741125f,0.18904339435632908f,-0.1960911004400483f,-0.581556242970414f,0.2723366185635431f,0.6553443096327186f,-0.7045257994008387f,-0.7868277242608386f,-0.004678761687337218f,-0.7312909345002528f,-0.6820496157222142f,0.27769430972403236f,0f,0f,0f,1f],start_interpolation:0}
execute if entity @s[tag=aj.animal_alpha.bone.left_down_arm2] run data modify entity @s {} merge value {transformation:[-0.9621906647741125f,0.18904339435632908f,-0.1960911004400483f,-0.4874750274224819f,0.2723366185635431f,0.6553443096327186f,-0.7045257994008387f,-0.4622294125549867f,-0.004678761687337218f,-0.7312909345002528f,-0.6820496157222142f,-0.17628494191499827f,0f,0f,0f,1f],start_interpolation:0}
execute if entity @s[tag=aj.animal_alpha.bone.left_upper_arm2] run data modify entity @s {} merge value {transformation:[-0.9621906647741125f,0.25761208201383495f,0.08845982038218726f,-0.254495908444665f,0.2723366185635431f,0.915477691143839f,0.29619818231603134f,-0.09575f,-0.004678761687337218f,0.3090899743091692f,-0.951021291544322f,-0.04047323294381959f,0f,0f,0f,1f],start_interpolation:0}
execute if entity @s[tag=aj.animal_alpha.bone.upperbody] run data modify entity @s {} merge value {transformation:[-0.9961946980917455f,0f,-0.08715574274765803f,-0.19223373981393094f,0f,1f,0f,-0.34575f,0.08715574274765803f,0f,-0.9961946980917455f,-0.045920466865548216f,0f,0f,0f,1f],start_interpolation:0}
execute if entity @s[tag=aj.animal_alpha.bone.downbody] run data modify entity @s {} merge value {transformation:[-0.9961946980917455f,0f,-0.08715574274765803f,0f,0f,1f,0f,-0.84575f,0.08715574274765803f,0f,-0.9961946980917455f,0f,0f,0f,0f,1f],start_interpolation:0}