execute if entity @s[tag=aj.animal_alpha.bone.bone4] run data modify entity @s {} merge value {transformation:[-1f,-4.388741623276521e-17f,1.1433062810564193e-16f,0.12500000000000003f,0f,0.9335804264972019f,0.35836794954530027f,-1.4613422504586286f,-1.2246467991473532e-16f,0.35836794954530027f,-0.9335804264972019f,-0.1299448067610995f,0f,0f,0f,1f],start_interpolation:0}
execute if entity @s[tag=aj.animal_alpha.bone.bone] run data modify entity @s {} merge value {transformation:[-1f,-2.5461838666528304e-17f,1.1978853283323184e-16f,0.125f,0f,0.9781476007338057f,0.2079116908177593f,-0.85f,-1.2246467991473532e-16f,0.2079116908177593f,-0.9781476007338057f,1.5308084989341915e-17f,0f,0f,0f,1f],start_interpolation:0}
execute if entity @s[tag=aj.animal_alpha.bone.bone5] run data modify entity @s {} merge value {transformation:[-1f,0f,1.2246467991473532e-16f,-0.12500000000000003f,0f,0.9999999999999999f,0f,-1.444410322684471f,-1.2246467991473532e-16f,0f,-0.9999999999999999f,0.19313562148434213f,0f,0f,0f,1f],start_interpolation:0}
execute if entity @s[tag=aj.animal_alpha.bone.bone2] run data modify entity @s {} merge value {transformation:[-1f,3.7843667304341506e-17f,1.1647083184890923e-16f,-0.125f,0f,0.9510565162951535f,-0.30901699437494745f,-0.85f,-1.2246467991473532e-16f,-0.30901699437494745f,-0.9510565162951535f,-1.5308084989341915e-17f,0f,0f,0f,1f],start_interpolation:0}
execute if entity @s[tag=aj.animal_alpha.bone.head] run data modify entity @s {} merge value {transformation:[-1f,0f,1.1102230246251565e-16f,0f,0f,1f,0f,0.025000000000000022f,-1.1102230246251565e-16f,0f,-1f,0f,0f,0f,0f,1f],start_interpolation:0}
execute if entity @s[tag=aj.animal_alpha.bone.bone6] run data modify entity @s {} merge value {transformation:[-0.9714093070077913f,-0.1471222263836533f,0.18633037530837565f,0.5545287610934072f,-0.23214480803042709f,0.7530127989417614f,-0.6156951459402702f,-0.899889031730688f,-0.049726716794487924f,-0.641347624252099f,-0.765637302188856f,0.277976142051449f,0f,0f,0f,1f],start_interpolation:0}
execute if entity @s[tag=aj.animal_alpha.bone.left_down_arm] run data modify entity @s {} merge value {transformation:[-0.9714093070077913f,-0.1471222263836533f,0.18633037530837565f,0.47177250875260224f,-0.23214480803042709f,0.7530127989417614f,-0.6156951459402702f,-0.4763193323259472f,-0.049726716794487924f,-0.641347624252099f,-0.765637302188856f,-0.08278189659035667f,0f,0f,0f,1f],start_interpolation:0}
execute if entity @s[tag=aj.animal_alpha.bone.left_upper_arm] run data modify entity @s {} merge value {transformation:[-0.9714093070077913f,-0.2363983090922147f,-0.02190428535663222f,0.24692208514878441f,-0.23214480803042709f,0.9264855618965727f,0.2961980616103154f,-0.09999999999999998f,-0.049726716794487924f,0.2928145198850866f,-0.9548753377176035f,0.03910861626005774f,0f,0f,0f,1f],start_interpolation:0}
execute if entity @s[tag=aj.animal_alpha.bone.bone7] run data modify entity @s {} merge value {transformation:[-0.9324775949965216f,0.3218862090322686f,0.16393536306830758f,-0.621654701232975f,0.2723366185635431f,0.9245973243662416f,-0.26636920611092074f,-0.9699173321290651f,-0.2373147720199449f,-0.20373771425443465f,-0.9498276910953377f,-0.11501271347690381f,0f,0f,0f,1f],start_interpolation:0}
execute if entity @s[tag=aj.animal_alpha.bone.left_down_arm2] run data modify entity @s {} merge value {transformation:[-0.9324775949965216f,0.3218862090322686f,0.16393536306830758f,-0.4303477484605547f,0.2723366185635431f,0.9245973243662416f,-0.26636920611092074f,-0.46647941255498665f,-0.2373147720199449f,-0.20373771425443465f,-0.9498276910953377f,-0.2889794084384819f,0f,0f,0f,1f],start_interpolation:0}
execute if entity @s[tag=aj.animal_alpha.bone.left_upper_arm2] run data modify entity @s {} merge value {transformation:[-0.9324775949965216f,0.17518426971935874f,0.3159050592700252f,-0.23714493108377f,0.2723366185635431f,0.915477691143839f,0.29619818231603134f,-0.09999999999999998f,-0.2373147720199449f,0.3622306843171084f,-0.9013715273516694f,-0.10083913754725386f,0f,0f,0f,1f],start_interpolation:0}
execute if entity @s[tag=aj.animal_alpha.bone.upperbody] run data modify entity @s {} merge value {transformation:[-0.9876883405951378f,0f,0.15643446504023098f,-0.17541440979657388f,0f,1f,0f,-0.35f,-0.15643446504023098f,0f,-0.9876883405951378f,-0.09106198348223943f,0f,0f,0f,1f],start_interpolation:0}
execute if entity @s[tag=aj.animal_alpha.bone.downbody] run data modify entity @s {} merge value {transformation:[-0.9876883405951378f,0f,0.15643446504023098f,0f,0f,1f,0f,-0.85f,-0.15643446504023098f,0f,-0.9876883405951378f,0f,0f,0f,0f,1f],start_interpolation:0}