execute if entity @s[tag=aj.animal_alpha.bone.bone4] run data modify entity @s {} merge value {transformation:[-1f,-2.9626887508979314e-17f,1.1882695554102554e-16f,0.12499999999999999f,0f,0.9702957262759964f,0.24192189559966765f,-1.45262984563263f,-1.2246467991473532e-16f,0.24192189559966765f,-0.9702957262759964f,0.10853011104183152f,0f,0f,0f,1f],start_interpolation:0}
execute if entity @s[tag=aj.animal_alpha.bone.bone] run data modify entity @s {} merge value {transformation:[-1f,2.1265768495757722e-17f,1.2060416625018976e-16f,0.125f,0f,0.984807753012208f,-0.17364817766693041f,-0.837125f,-1.2246467991473532e-16f,-0.17364817766693041f,-0.984807753012208f,1.5308084989341915e-17f,0f,0f,0f,1f],start_interpolation:0}
execute if entity @s[tag=aj.animal_alpha.bone.bone5] run data modify entity @s {} merge value {transformation:[-1f,-5.2722403670369516e-17f,1.1053481794365604e-16f,-0.125f,0f,0.9025852843498605f,0.43051109680829525f,-1.4587011846051707f,-1.2246467991473532e-16f,0.43051109680829525f,-0.9025852843498605f,0.06533028954228336f,0f,0f,0f,1f],start_interpolation:0}
execute if entity @s[tag=aj.animal_alpha.bone.bone2] run data modify entity @s {} merge value {transformation:[-1f,1.2801044796052341e-17f,1.217938055844715e-16f,-0.125f,0f,0.9945218953682733f,-0.1045284632676534f,-0.837125f,-1.2246467991473532e-16f,-0.1045284632676534f,-0.9945218953682733f,-1.5308084989341915e-17f,0f,0f,0f,1f],start_interpolation:0}
execute if entity @s[tag=aj.animal_alpha.bone.head] run data modify entity @s {} merge value {transformation:[-1f,0f,1.249000902703301e-16f,0f,0f,1f,0f,0.03787499999999999f,-1.249000902703301e-16f,0f,-1f,0f,0f,0f,0f,1f],start_interpolation:0}
execute if entity @s[tag=aj.animal_alpha.bone.bone6] run data modify entity @s {} merge value {transformation:[-0.9545842806432575f,-0.2592675511023996f,-0.14679641717071773f,0.5835700931677801f,-0.23214480803042709f,0.9560695900484404f,-0.17899644434771178f,-1.001233476728195f,0.18675556016705608f,-0.1367891659817106f,-0.97283661774047f,-0.11751111421917272f,0f,0f,0f,1f],start_interpolation:0}
execute if entity @s[tag=aj.animal_alpha.bone.left_down_arm] run data modify entity @s {} merge value {transformation:[-0.9545842806432575f,-0.2592675511023996f,-0.14679641717071773f,0.43773209567268034f,-0.23214480803042709f,0.9560695900484404f,-0.17899644434771178f,-0.46344433232594723f,0.18675556016705608f,-0.1367891659817106f,-0.97283661774047f,-0.19445502008388493f,0f,0f,0f,1f],start_interpolation:0}
execute if entity @s[tag=aj.animal_alpha.bone.left_upper_arm] run data modify entity @s {} merge value {transformation:[-0.9545842806432575f,-0.15853802530134117f,-0.25225888623068576f,0.2490486745229364f,-0.23214480803042709f,0.9264855618965727f,0.2961980616103154f,-0.08712500000000001f,0.18675556016705608f,0.34130660428820203f,-0.9212123330785069f,-0.02178893568691455f,0f,0f,0f,1f],start_interpolation:0}
execute if entity @s[tag=aj.animal_alpha.bone.bone7] run data modify entity @s {} merge value {transformation:[-0.9621906647741125f,0.19466667406821206f,-0.1905098701610291f,-0.5850681647007868f,0.2723366185635431f,0.6755580009992375f,-0.6851672448937484f,-0.7907828353111985f,-0.00467876168733708f,-0.711144340688397f,-0.7030304658376749f,0.2676731538370799f,0f,0f,0f,1f],start_interpolation:0}
execute if entity @s[tag=aj.animal_alpha.bone.left_down_arm2] run data modify entity @s {} merge value {transformation:[-0.9621906647741125f,0.19466667406821206f,-0.1905098701610291f,-0.4874750274224819f,0.2723366185635431f,0.6755580009992375f,-0.6851672448937484f,-0.4536044125549867f,-0.00467876168733708f,-0.711144340688397f,-0.7030304658376749f,-0.1762849419149982f,0f,0f,0f,1f],start_interpolation:0}
execute if entity @s[tag=aj.animal_alpha.bone.left_upper_arm2] run data modify entity @s {} merge value {transformation:[-0.9621906647741125f,0.257612082013835f,0.08845982038218712f,-0.254495908444665f,0.2723366185635431f,0.915477691143839f,0.29619818231603134f,-0.08712500000000001f,-0.00467876168733708f,0.3090899743091691f,-0.951021291544322f,-0.040473232943819555f,0f,0f,0f,1f],start_interpolation:0}
execute if entity @s[tag=aj.animal_alpha.bone.upperbody] run data modify entity @s {} merge value {transformation:[-0.9961946980917455f,0f,-0.08715574274765818f,-0.19223373981393094f,0f,1f,0f,-0.337125f,0.08715574274765818f,0f,-0.9961946980917455f,-0.04592046686554819f,0f,0f,0f,1f],start_interpolation:0}
execute if entity @s[tag=aj.animal_alpha.bone.downbody] run data modify entity @s {} merge value {transformation:[-0.9961946980917455f,0f,-0.08715574274765818f,0f,0f,1f,0f,-0.837125f,0.08715574274765818f,0f,-0.9961946980917455f,0f,0f,0f,0f,1f],start_interpolation:0}