execute if entity @s[tag=aj.animal_alpha.bone.bone4] run data modify entity @s {} merge value {transformation:[-1f,-4.388741623276522e-17f,1.143306281056419e-16f,0.125f,0f,0.9335804264972017f,0.3583679495453003f,-1.458f,-1.2246467991473532e-16f,0.3583679495453003f,-0.9335804264972017f,1.5308084989341915e-17f,0f,0f,0f,1f],start_interpolation:0}
execute if entity @s[tag=aj.animal_alpha.bone.bone] run data modify entity @s {} merge value {transformation:[-1f,0f,1.2246467991473532e-16f,0.125f,0f,1f,0f,-0.833f,-1.2246467991473532e-16f,0f,-1f,1.5308084989341915e-17f,0f,0f,0f,1f],start_interpolation:0}
execute if entity @s[tag=aj.animal_alpha.bone.bone5] run data modify entity @s {} merge value {transformation:[-1f,-3.5805207234995457e-17f,1.1711355583995222e-16f,-0.12500000000000003f,0f,0.9563047559630354f,0.29237170472273666f,-1.4394348289224976f,-1.2246467991473532e-16f,0.29237170472273666f,-0.9563047559630354f,0.15120118474979227f,0f,0f,0f,1f],start_interpolation:0}
execute if entity @s[tag=aj.animal_alpha.bone.bone2] run data modify entity @s {} merge value {transformation:[-1f,2.962688750897932e-17f,1.1882695554102554e-16f,-0.125f,0f,0.9702957262759965f,-0.24192189559966767f,-0.833f,-1.2246467991473532e-16f,-0.24192189559966767f,-0.9702957262759965f,-1.5308084989341915e-17f,0f,0f,0f,1f],start_interpolation:0}
execute if entity @s[tag=aj.animal_alpha.bone.head] run data modify entity @s {} merge value {transformation:[-1f,0f,1.214306433183765e-16f,0f,0f,1f,0f,0.04200000000000004f,-1.214306433183765e-16f,0f,-1f,0f,0f,0f,0f,1f],start_interpolation:0}
execute if entity @s[tag=aj.animal_alpha.bone.bone6] run data modify entity @s {} merge value {transformation:[-0.9698107204412665f,-0.2424583383439471f,0.026098288922533283f,0.5937299731031607f,-0.23214480803042709f,0.88515076177788f,-0.4032578790656856f,-0.9572166358260047f,0.07467231496149096f,-0.39714239649215377f,-0.9147141423891734f,0.08107000781682763f,0f,0f,0f,1f],start_interpolation:0}
execute if entity @s[tag=aj.animal_alpha.bone.left_down_arm] run data modify entity @s {} merge value {transformation:[-0.9698107204412665f,-0.2424583383439471f,0.026098288922533283f,0.4573471577846905f,-0.23214480803042709f,0.88515076177788f,-0.4032578790656856f,-0.4593193323259472f,0.07467231496149096f,-0.39714239649215377f,-0.9147141423891734f,-0.14232259021000887f,0f,0f,0f,1f],start_interpolation:0}
execute if entity @s[tag=aj.animal_alpha.bone.left_upper_arm] run data modify entity @s {} merge value {transformation:[-0.9698107204412665f,-0.19708932619195893f,-0.14360697761039176f,0.24989423752055015f,-0.23214480803042709f,0.9264855618965727f,0.2961980616103154f,-0.08299999999999996f,0.07467231496149096f,0.32059366977280085f,-0.9442688940550252f,0.0072711796857778815f,0f,0f,0f,1f],start_interpolation:0}
execute if entity @s[tag=aj.animal_alpha.bone.bone7] run data modify entity @s {} merge value {transformation:[-0.9551415046360874f,0.29402880314730084f,-0.03538034823566508f,-0.626893393059633f,0.2723366185635431f,0.8251124873592466f,-0.49499712059082973f,-0.882667866657636f,-0.1163506437923159f,-0.4824276589537575f,-0.8681739926797569f,0.09394107000493432f,0f,0f,0f,1f],start_interpolation:0}
execute if entity @s[tag=aj.animal_alpha.bone.left_down_arm2] run data modify entity @s {} merge value {transformation:[-0.9551415046360874f,0.29402880314730084f,-0.03538034823566508f,-0.4637134630540054f,0.2723366185635431f,0.8251124873592466f,-0.49499712059082973f,-0.44947941255498663f,-0.1163506437923159f,-0.4824276589537575f,-0.8681739926797569f,-0.23168536269903908f,0f,0f,0f,1f],start_interpolation:0}
execute if entity @s[tag=aj.animal_alpha.bone.left_upper_arm2] run data modify entity @s {} merge value {transformation:[-0.9551415046360874f,0.21998704542946018f,0.19826851985307137f,-0.2480764425991057f,0.2723366185635431f,0.915477691143839f,0.29619818231603134f,-0.08299999999999996f,-0.1163506437923159f,0.33690695579219243f,-0.9343212674599414f,-0.06974473906591541f,0f,0f,0f,1f],start_interpolation:0}
execute if entity @s[tag=aj.animal_alpha.bone.upperbody] run data modify entity @s {} merge value {transformation:[-0.9995769500822006f,0f,0.029084718743111485f,-0.18560288321896815f,0f,1f,0f,-0.33299999999999996f,-0.029084718743111485f,0f,-0.9995769500822006f,-0.06792694414447094f,0f,0f,0f,1f],start_interpolation:0}
execute if entity @s[tag=aj.animal_alpha.bone.downbody] run data modify entity @s {} merge value {transformation:[-0.9995769500822006f,0f,0.029084718743111485f,0f,0f,1f,0f,-0.833f,-0.029084718743111485f,0f,-0.9995769500822006f,0f,0f,0f,0f,1f],start_interpolation:0}