execute if entity @s[tag=aj.animal_boar.bone.rear_body] run data modify entity @s {} merge value {transformation:[-1.171875f,0f,1.4351329677508045e-16f,-4.305398903252414e-17f,0f,1.171875f,0f,-1.2984375f,-1.4351329677508045e-16f,0f,-1.171875f,0.3515625f,0f,0f,0f,1f],start_interpolation:0}
execute if entity @s[tag=aj.animal_boar.bone.head] run data modify entity @s {} merge value {transformation:[-1f,0f,1.2246467991473532e-16f,-1.0854312472330306e-16f,0f,1f,0f,-1.31495875f,-1.2246467991473532e-16f,0f,-1f,0.886321875f,0f,0f,0f,1f],start_interpolation:0}
execute if entity @s[tag=aj.animal_boar.bone.front_body] run data modify entity @s {} merge value {transformation:[-1f,0f,1.2246467991473532e-16f,-4.305398903252414e-17f,0f,1f,0f,-1.2984375f,-1.2246467991473532e-16f,0f,-1f,0.3515625f,0f,0f,0f,1f],start_interpolation:0}
execute if entity @s[tag=aj.animal_boar.bone.front_leg_left_under] run data modify entity @s {} merge value {transformation:[-1f,1.164708318489092e-16f,3.7843667304341524e-17f,0.6005856249999998f,0f,0.30901699437494756f,-0.9510565162951534f,-1.719816047242279f,-1.2246467991473532e-16f,-0.9510565162951534f,-0.30901699437494756f,0.9729924206023282f,0f,0f,0f,1f],start_interpolation:0}
execute if entity @s[tag=aj.animal_boar.bone.front_leg_left] run data modify entity @s {} merge value {transformation:[-1f,7.198293278059965e-17f,9.907600726170916e-17f,0.5624999999999999f,0f,0.8090169943749475f,-0.587785252292473f,-1.275f,-1.2246467991473532e-16f,-0.587785252292473f,-0.8090169943749475f,0.46875000000000006f,0f,0f,0f,1f],start_interpolation:0}
execute if entity @s[tag=aj.animal_boar.bone.rear_leg_right_under] run data modify entity @s {} merge value {transformation:[-1f,-1.1647083184890923e-16f,3.7843667304341506e-17f,0.46875000000000017f,0f,0.3090169943749475f,0.9510565162951536f,-1.7495791712335378f,-1.2246467991473532e-16f,0.9510565162951536f,-0.3090169943749475f,-1.428004763209582f,0f,0f,0f,1f],start_interpolation:0}
execute if entity @s[tag=aj.animal_boar.bone.rear_leg_right] run data modify entity @s {} merge value {transformation:[-1f,-6.123233995736765e-17f,1.0605752387249069e-16f,0.4687500000000001f,0f,0.8660254037844387f,0.49999999999999994f,-1.275f,-1.2246467991473532e-16f,0.49999999999999994f,-0.8660254037844387f,-0.9374999999999999f,0f,0f,0f,1f],start_interpolation:0}
execute if entity @s[tag=aj.animal_boar.bone.front_leg_right_under] run data modify entity @s {} merge value {transformation:[-1f,1.1647083184890926e-16f,3.7843667304341475e-17f,-0.5625000000000002f,0f,0.3090169943749472f,-0.9510565162951536f,-1.7344137937426307f,-1.2246467991473532e-16f,-0.9510565162951536f,-0.3090169943749472f,0.9466538513330934f,0f,0f,0f,1f],start_interpolation:0}
execute if entity @s[tag=aj.animal_boar.bone.front_leg_right] run data modify entity @s {} merge value {transformation:[-1f,7.539678551159047e-17f,9.650348470981656e-17f,-0.5625000000000001f,0f,0.7880107536067219f,-0.6156614753256584f,-1.275f,-1.2246467991473532e-16f,-0.6156614753256584f,-0.7880107536067219f,0.46874999999999994f,0f,0f,0f,1f],start_interpolation:0}
execute if entity @s[tag=aj.animal_boar.bone.right_leg_left_under] run data modify entity @s {} merge value {transformation:[-1f,-1.164708318489092e-16f,3.784366730434151e-17f,-0.5624999999999998f,0f,0.3090169943749475f,0.9510565162951534f,-1.7982510860012442f,-1.2246467991473532e-16f,0.9510565162951534f,-0.3090169943749475f,-1.3757106953264817f,0f,0f,0f,1f],start_interpolation:0}
execute if entity @s[tag=aj.animal_boar.bone.right_leg_left] run data modify entity @s {} merge value {transformation:[-1f,-4.981087280387182e-17f,1.1187705205776151e-16f,-0.4687499999999999f,0f,0.9135454576426009f,0.4067366430758002f,-1.275f,-1.2246467991473532e-16f,0.4067366430758002f,-0.9135454576426009f,-0.9375000000000001f,0f,0f,0f,1f],start_interpolation:0}
execute if entity @s[tag=aj.animal_boar.bone.tale] run data modify entity @s {} merge value {transformation:[-1f,1.0605752387249068e-16f,6.123233995736767e-17f,1.6934569019459494e-16f,0f,0.5000000000000001f,-0.8660254037844386f,-0.9703124999999999f,-1.2246467991473532e-16f,-0.8660254037844386f,-0.5000000000000001f,-1.3828125f,0f,0f,0f,1f],start_interpolation:0}