execute if entity @s[tag=aj.animal_boar.bone.rear_body] run data modify entity @s {} merge value {transformation:[-1.171875f,0f,1.4351329677508045e-16f,-4.305398903252414e-17f,0f,1.171875f,0f,-1.4609375f,-1.4351329677508045e-16f,0f,-1.171875f,0.3515625f,0f,0f,0f,1f],start_interpolation:0}
execute if entity @s[tag=aj.animal_boar.bone.head] run data modify entity @s {} merge value {transformation:[-1f,0f,1.2246467991473532e-16f,-1.0854312472330306e-16f,0f,1f,0f,-1.47745875f,-1.2246467991473532e-16f,0f,-1f,0.886321875f,0f,0f,0f,1f],start_interpolation:0}
execute if entity @s[tag=aj.animal_boar.bone.front_body] run data modify entity @s {} merge value {transformation:[-1f,0f,1.2246467991473532e-16f,-4.305398903252414e-17f,0f,1f,0f,-1.4609375f,-1.2246467991473532e-16f,0f,-1f,0.3515625f,0f,0f,0f,1f],start_interpolation:0}
execute if entity @s[tag=aj.animal_boar.bone.front_leg_left_under] run data modify entity @s {} merge value {transformation:[-1f,1.2246467991473532e-16f,-2.465190328815662e-32f,0.6005856249999998f,0f,-2.220446049250313e-16f,-1f,-1.7979587302532987f,-1.2246467991473532e-16f,-1f,2.220446049250313e-16f,1.0363689200540451f,0f,0f,0f,1f],start_interpolation:0}
execute if entity @s[tag=aj.animal_boar.bone.front_leg_left] run data modify entity @s {} merge value {transformation:[-1f,8.659560562354934e-17f,8.659560562354932e-17f,0.5624999999999999f,0f,0.7071067811865475f,-0.7071067811865476f,-1.4375f,-1.2246467991473532e-16f,-0.7071067811865476f,-0.7071067811865475f,0.46875000000000006f,0f,0f,0f,1f],start_interpolation:0}
execute if entity @s[tag=aj.animal_boar.bone.rear_leg_right_under] run data modify entity @s {} merge value {transformation:[-1f,-1.2246467991473532e-16f,0f,0.46875000000000017f,0f,0f,1f,-1.843995361626988f,-1.2246467991473532e-16f,1f,0f,-1.4857534390915794f,0f,0f,0f,1f],start_interpolation:0}
execute if entity @s[tag=aj.animal_boar.bone.rear_leg_right] run data modify entity @s {} merge value {transformation:[-1f,-7.455177354798984e-17f,9.71577628780522e-17f,0.4687500000000001f,0f,0.7933533402912352f,0.6087614290087207f,-1.4375f,-1.2246467991473532e-16f,0.6087614290087207f,-0.7933533402912352f,-0.9374999999999999f,0f,0f,0f,1f],start_interpolation:0}
execute if entity @s[tag=aj.animal_boar.bone.front_leg_right_under] run data modify entity @s {} merge value {transformation:[-1f,1.224646799147353e-16f,2.465190328815662e-32f,-0.5625000000000002f,0f,2.220446049250313e-16f,-1f,-1.8117363234218278f,-1.2246467991473532e-16f,-1f,-2.220446049250313e-16f,1.015924834245612f,0f,0f,0f,1f],start_interpolation:0}
execute if entity @s[tag=aj.animal_boar.bone.front_leg_right] run data modify entity @s {} merge value {transformation:[-1f,9.029043306084033e-17f,8.273593852918141e-17f,-0.5625000000000001f,0f,0.6755902076156602f,-0.737277336810124f,-1.4375f,-1.2246467991473532e-16f,-0.737277336810124f,-0.6755902076156602f,0.46874999999999994f,0f,0f,0f,1f],start_interpolation:0}
execute if entity @s[tag=aj.animal_boar.bone.right_leg_left_under] run data modify entity @s {} merge value {transformation:[-1f,-1.2246467991473532e-16f,2.465190328815662e-32f,-0.5624999999999998f,0f,2.220446049250313e-16f,1f,-1.9120791712335379f,-1.2246467991473532e-16f,1f,-2.220446049250313e-16f,-1.4280047632095823f,0f,0f,0f,1f],start_interpolation:0}
execute if entity @s[tag=aj.animal_boar.bone.right_leg_left] run data modify entity @s {} merge value {transformation:[-1f,-6.123233995736765e-17f,1.0605752387249069e-16f,-0.4687499999999999f,0f,0.8660254037844387f,0.49999999999999994f,-1.4375f,-1.2246467991473532e-16f,0.49999999999999994f,-0.8660254037844387f,-0.9375000000000001f,0f,0f,0f,1f],start_interpolation:0}
execute if entity @s[tag=aj.animal_boar.bone.tale] run data modify entity @s {} merge value {transformation:[-1f,1.1829179713786698e-16f,3.169619151431765e-17f,1.6934569019459494e-16f,0f,0.25881904510252074f,-0.9659258262890683f,-1.1328125f,-1.2246467991473532e-16f,-0.9659258262890683f,-0.25881904510252074f,-1.3828125f,0f,0f,0f,1f],start_interpolation:0}