execute if entity @s[tag=aj.animal_boar.bone.rear_body] run data modify entity @s {} merge value {transformation:[-1.171875f,0f,1.4351329677508045e-16f,-4.305398903252414e-17f,0f,1.171875f,0f,-0.8109375000000001f,-1.4351329677508045e-16f,0f,-1.171875f,0.3515625f,0f,0f,0f,1f],start_interpolation:0}
execute if entity @s[tag=aj.animal_boar.bone.head] run data modify entity @s {} merge value {transformation:[-1f,0f,1.2246467991473532e-16f,-1.0854312472330306e-16f,0f,1f,0f,-0.8274587500000001f,-1.2246467991473532e-16f,0f,-1f,0.886321875f,0f,0f,0f,1f],start_interpolation:0}
execute if entity @s[tag=aj.animal_boar.bone.front_body] run data modify entity @s {} merge value {transformation:[-1f,0f,1.2246467991473532e-16f,-4.305398903252414e-17f,0f,1f,0f,-0.8109375000000001f,-1.2246467991473532e-16f,0f,-1f,0.3515625f,0f,0f,0f,1f],start_interpolation:0}
execute if entity @s[tag=aj.animal_boar.bone.front_leg_left_under] run data modify entity @s {} merge value {transformation:[-1f,3.78436673043415e-17f,1.1647083184890923e-16f,0.6005856249999999f,0f,0.9510565162951536f,-0.30901699437494745f,-1.4127552686756817f,-1.2246467991473532e-16f,-0.30901699437494745f,-0.9510565162951536f,0.7160910269495174f,0f,0f,0f,1f],start_interpolation:0}
execute if entity @s[tag=aj.animal_boar.bone.front_leg_left] run data modify entity @s {} merge value {transformation:[-1f,1.9157696688784726e-17f,1.2095693648649962e-16f,0.5624999999999999f,0f,0.9876883405951378f,-0.15643446504023087f,-0.7875000000000001f,-1.2246467991473532e-16f,-0.15643446504023087f,-0.9876883405951378f,0.46875000000000006f,0f,0f,0f,1f],start_interpolation:0}
execute if entity @s[tag=aj.animal_boar.bone.rear_leg_right_under] run data modify entity @s {} merge value {transformation:[-1f,-3.78436673043415e-17f,1.1647083184890926e-16f,0.46875000000000017f,0f,0.9510565162951535f,0.3090169943749474f,-1.4136620292353035f,-1.2246467991473532e-16f,0.3090169943749474f,-0.9510565162951535f,-1.2090537251519982f,0f,0f,0f,1f],start_interpolation:0}
execute if entity @s[tag=aj.animal_boar.bone.rear_leg_right] run data modify entity @s {} merge value {transformation:[-1f,-1.5984848350717833e-17f,1.2141697760125282e-16f,0.4687500000000001f,0f,0.9914448613738104f,0.13052619222005157f,-0.7875000000000001f,-1.2246467991473532e-16f,0.13052619222005157f,-0.9914448613738104f,-0.9374999999999999f,0f,0f,0f,1f],start_interpolation:0}
execute if entity @s[tag=aj.animal_boar.bone.front_leg_right_under] run data modify entity @s {} merge value {transformation:[-1f,3.78436673043415e-17f,1.1647083184890923e-16f,-0.5625000000000001f,0f,0.9510565162951536f,-0.30901699437494745f,-1.4192767129593697f,-1.2246467991473532e-16f,-0.30901699437494745f,-0.9510565162951536f,0.6695267664901852f,0f,0f,0f,1f],start_interpolation:0}
execute if entity @s[tag=aj.animal_boar.bone.front_leg_right] run data modify entity @s {} merge value {transformation:[-1f,2.021250222242128e-17f,1.2078515049676923e-16f,-0.5625000000000001f,0f,0.9862856015372314f,-0.16504760586067765f,-0.7875000000000001f,-1.2246467991473532e-16f,-0.16504760586067765f,-0.9862856015372314f,0.46874999999999994f,0f,0f,0f,1f],start_interpolation:0}
execute if entity @s[tag=aj.animal_boar.bone.right_leg_left_under] run data modify entity @s {} merge value {transformation:[-1f,-3.7843667304341493e-17f,1.1647083184890926e-16f,-0.5624999999999999f,0f,0.9510565162951536f,0.30901699437494734f,-1.4205559069727445f,-1.2246467991473532e-16f,0.30901699437494734f,-0.9510565162951536f,-1.192569659400949f,0f,0f,0f,1f],start_interpolation:0}
execute if entity @s[tag=aj.animal_boar.bone.right_leg_left] run data modify entity @s {} merge value {transformation:[-1f,-1.2801044796052349e-17f,1.217938055844715e-16f,-0.4687499999999999f,0f,0.9945218953682733f,0.10452846326765346f,-0.7875000000000001f,-1.2246467991473532e-16f,0.10452846326765346f,-0.9945218953682733f,-0.9375000000000001f,0f,0f,0f,1f],start_interpolation:0}
execute if entity @s[tag=aj.animal_boar.bone.tale] run data modify entity @s {} merge value {transformation:[-1f,3.169619151431765e-17f,1.1829179713786698e-16f,1.6934569019459494e-16f,0f,0.9659258262890683f,-0.25881904510252074f,-0.4828125000000001f,-1.2246467991473532e-16f,-0.25881904510252074f,-0.9659258262890683f,-1.3828125f,0f,0f,0f,1f],start_interpolation:0}