execute if entity @s[tag=aj.animal_alpha.bone.bone4] run data modify entity @s {} merge value {transformation:[-0.9238795325112867f,-0.33099534279323395f,-0.19206429250622242f,0.33316919068799195f,-0.3826834323650897f,0.799093445653757f,0.46368421981611563f,-1.4963148834271813f,-9.926482342095557e-17f,0.5018881829276276f,-0.8649325128804006f,0.30776472506466696f,0f,0f,0f,1f],start_interpolation:0}
execute if entity @s[tag=aj.animal_alpha.bone.bone] run data modify entity @s {} merge value {transformation:[-0.9238795325112867f,-0.3330707051007871f,0.18844233815783196f,0.125f,-0.3826834323650897f,0.8041038134834901f,-0.45494004850593467f,-0.99375f,-9.926482342095557e-17f,-0.4924235601034671f,-0.8703556959398997f,1.5308084989341915e-17f,0f,0f,0f,1f],start_interpolation:0}
execute if entity @s[tag=aj.animal_alpha.bone.bone5] run data modify entity @s {} merge value {transformation:[-0.8433914458128857f,0.5106388463682267f,0.16714914809647394f,-0.41322393069228464f,0.5372996083468239f,0.8015424322601192f,0.26237160699451034f,-1.4461709469877901f,-1.0328566345430089e-16f,0.311091140771091f,-0.950380082984561f,0.3207292510872063f,0f,0f,0f,1f],start_interpolation:0}
execute if entity @s[tag=aj.animal_alpha.bone.bone2] run data modify entity @s {} merge value {transformation:[-0.8433914458128857f,0.4611582891076554f,-0.2757243215912417f,-0.125f,0.5372996083468239f,0.7238735151804643f,-0.4328004908622768f,-0.99375f,-1.0328566345430089e-16f,-0.5131668017395301f,-0.8582888986771422f,-1.5308084989341915e-17f,0f,0f,0f,1f],start_interpolation:0}
execute if entity @s[tag=aj.animal_alpha.bone.head] run data modify entity @s {} merge value {transformation:[-0.8647134405201552f,0f,-0.5022655331433723f,0f,0f,1f,0f,-0.11875000000000002f,0.5022655331433723f,0f,-0.8647134405201552f,0f,0f,0f,0f,1f],start_interpolation:0}
execute if entity @s[tag=aj.animal_alpha.bone.bone6] run data modify entity @s {} merge value {transformation:[-0.8420970529402405f,-0.5385359609999016f,0.029181708984814092f,0.8162279534305568f,-0.4999999999999999f,0.7592676426202154f,-0.4165484928191926f,-0.9643745345642221f,0.20216961549491555f,-0.3653651127021481f,-0.9086450247433179f,-0.07160059181726627f,0f,0f,0f,1f],start_interpolation:0}
execute if entity @s[tag=aj.animal_alpha.bone.left_down_arm] run data modify entity @s {} merge value {transformation:[-0.8420970529402405f,-0.5385359609999016f,0.029181708984814092f,0.5133014753681121f,-0.4999999999999999f,0.7592676426202154f,-0.4165484928191926f,-0.537286485590351f,0.20216961549491555f,-0.3653651127021481f,-0.9086450247433179f,-0.2771184677122246f,0f,0f,0f,1f],start_interpolation:0}
execute if entity @s[tag=aj.animal_alpha.bone.left_upper_arm] run data modify entity @s {} merge value {transformation:[-0.8420970529402405f,-0.3770214026312293f,-0.3856519355420668f,0.24309248009941917f,-0.4999999999999999f,0.8137976813493737f,0.2961981327260238f,-0.24375000000000002f,0.20216961549491555f,0.44225354242602016f,-0.8738073304695232f,-0.05836134096397631f,0f,0f,0f,1f],start_interpolation:0}
execute if entity @s[tag=aj.animal_alpha.bone.bone7] run data modify entity @s {} merge value {transformation:[-0.8420970529402405f,0.3428839757749783f,-0.41629692838898774f,-0.7646081286623406f,0.4999999999999999f,0.7856821827979247f,-0.3642849264434209f,-0.9564649055114698f,0.20216961549491555f,-0.5149117271830509f,-0.8330626385692768f,0.2670507720409311f,0f,0f,0f,1f],start_interpolation:0}
execute if entity @s[tag=aj.animal_alpha.bone.left_down_arm2] run data modify entity @s {} merge value {transformation:[-0.8420970529402405f,0.3428839757749783f,-0.41629692838898774f,-0.597754450313227f,0.4999999999999999f,0.7856821827979247f,-0.3642849264434209f,-0.537286485590351f,0.20216961549491555f,-0.5149117271830509f,-0.8330626385692768f,-0.07465348941011482f,0f,0f,0f,1f],start_interpolation:0}
execute if entity @s[tag=aj.animal_alpha.bone.left_upper_arm2] run data modify entity @s {} merge value {transformation:[-0.8420970529402405f,0.5367074362406484f,-0.05308183600208438f,-0.2576828153404132f,0.4999999999999999f,0.8137976813493737f,0.2961981327260238f,-0.24375000000000002f,0.20216961549491555f,0.22288665665394464f,-0.9536503472742327f,-0.002411779060878482f,0f,0f,0f,1f],start_interpolation:0}
execute if entity @s[tag=aj.animal_alpha.bone.upperbody] run data modify entity @s {} merge value {transformation:[-0.9723699203976767f,0f,-0.23344536385590525f,-0.19690969531555844f,0f,1f,0f,-0.49375f,0.23344536385590525f,0f,-0.9723699203976767f,-0.01700211430187256f,0f,0f,0f,1f],start_interpolation:0}
execute if entity @s[tag=aj.animal_alpha.bone.downbody] run data modify entity @s {} merge value {transformation:[-0.9723699203976767f,0f,-0.23344536385590525f,0f,0f,1f,0f,-0.99375f,0.23344536385590525f,0f,-0.9723699203976767f,0f,0f,0f,0f,1f],start_interpolation:0}