execute if entity @s[tag=aj.animal_alpha.bone.bone4] run data modify entity @s {} merge value {transformation:[-0.9238795325112867f,-0.34172824709432514f,-0.17224521631838147f,0.3361808846460924f,-0.38268343236508967f,0.8250049687811041f,0.41583673728972453f,-1.4848357558265446f,-1.1314261122877003e-16f,0.45009844103743507f,-0.892978943411137f,0.2934197267411817f,0f,0f,0f,1f],start_interpolation:0}
execute if entity @s[tag=aj.animal_alpha.bone.bone] run data modify entity @s {} merge value {transformation:[-0.9238795325112867f,-0.33788941543374784f,0.1796589890447075f,0.125f,-0.38268343236508967f,0.8157372093224714f,-0.4337351679539719f,-0.975f,-1.1314261122877003e-16f,-0.46947156278589075f,-0.882947592858927f,1.5308084989341915e-17f,0f,0f,0f,1f],start_interpolation:0}
execute if entity @s[tag=aj.animal_alpha.bone.bone5] run data modify entity @s {} merge value {transformation:[-0.8433914458128857f,0.5158344107549847f,0.15035201964293007f,-0.41655180187012064f,0.5372996083468239f,0.8096978347429987f,0.23600539672399273f,-1.4326446583781443f,-1.0328566345430089e-16f,0.2798290140309921f,-0.9600498543859286f,0.31013531479700507f,0f,0f,0f,1f],start_interpolation:0}
execute if entity @s[tag=aj.animal_alpha.bone.bone2] run data modify entity @s {} merge value {transformation:[-0.8433914458128857f,0.466482882992193f,-0.2666169330799195f,-0.125f,0.5372996083468239f,0.732231453405031f,-0.418504754470849f,-0.975f,-1.0328566345430089e-16f,-0.49621650367520814f,-0.8681988144891423f,-1.5308084989341915e-17f,0f,0f,0f,1f],start_interpolation:0}
execute if entity @s[tag=aj.animal_alpha.bone.head] run data modify entity @s {} merge value {transformation:[-0.9390942520947091f,0f,-0.34365969458561596f,0f,0f,1f,0f,-0.09999999999999998f,0.34365969458561596f,0f,-0.9390942520947091f,0f,0f,0f,0f,1f],start_interpolation:0}
execute if entity @s[tag=aj.animal_alpha.bone.bone6] run data modify entity @s {} merge value {transformation:[-0.8553631939770864f,-0.5136868788149787f,0.06692979099506272f,0.8224104719448717f,-0.4999999999999999f,0.7848855672213958f,-0.36599815077066694f,-0.9600346171523861f,0.13547622075226853f,-0.34652624273043625f,-0.9282056650924995f,-0.041070022830859754f,0f,0f,0f,1f],start_interpolation:0}
execute if entity @s[tag=aj.animal_alpha.bone.left_down_arm] run data modify entity @s {} merge value {transformation:[-0.8553631939770864f,-0.5136868788149787f,0.06692979099506272f,0.5334616026114463f,-0.4999999999999999f,0.7848855672213958f,-0.36599815077066694f,-0.5185364855903509f,0.13547622075226853f,-0.34652624273043625f,-0.9282056650924995f,-0.23599103436673013f,0f,0f,0f,1f],start_interpolation:0}
execute if entity @s[tag=aj.animal_alpha.bone.left_upper_arm] run data modify entity @s {} merge value {transformation:[-0.8553631939770864f,-0.4105579844926308f,-0.3159049663406165f,0.24692208514878444f,-0.4999999999999999f,0.8137976813493737f,0.2961981327260238f,-0.22499999999999998f,0.13547622075226853f,0.41130946402888885f,-0.9013715762164629f,-0.039108616260057696f,0f,0f,0f,1f],start_interpolation:0}
execute if entity @s[tag=aj.animal_alpha.bone.bone7] run data modify entity @s {} merge value {transformation:[-0.8553631939770864f,0.3609792468027705f,-0.3715478297164738f,-0.7698836145306068f,0.4999999999999999f,0.7628737572442912f,-0.40990685589287007f,-0.9220337955469604f,0.13547622075226853f,-0.5363931523478677f,-0.8330237569991626f,0.23246250175264652f,0f,0f,0f,1f],start_interpolation:0}
execute if entity @s[tag=aj.animal_alpha.bone.left_down_arm2] run data modify entity @s {} merge value {transformation:[-0.8553631939770864f,0.3609792468027705f,-0.3715478297164738f,-0.590054527561328f,0.4999999999999999f,0.7628737572442912f,-0.40990685589287007f,-0.5185364855903509f,0.13547622075226853f,-0.5363931523478677f,-0.8330237569991626f,-0.12132263125547674f,0f,0f,0f,1f],start_interpolation:0}
execute if entity @s[tag=aj.animal_alpha.bone.left_upper_arm2] run data modify entity @s {} merge value {transformation:[-0.8553631939770864f,0.5175654608008989f,0.0219043414708244f,-0.2566992392137989f,0.4999999999999999f,0.8137976813493737f,0.2961981327260238f,-0.22499999999999998f,0.13547622075226853f,0.2643091515939929f,-0.954875314370597f,-0.02262190502713841f,0f,0f,0f,1f],start_interpolation:0}
execute if entity @s[tag=aj.animal_alpha.bone.upperbody] run data modify entity @s {} merge value {transformation:[-0.9876883405951378f,0f,-0.15643446504023079f,-0.19496871792660275f,0f,1f,0f,-0.475f,0.15643446504023079f,0f,-0.9876883405951378f,-0.032399059092152835f,0f,0f,0f,1f],start_interpolation:0}
execute if entity @s[tag=aj.animal_alpha.bone.downbody] run data modify entity @s {} merge value {transformation:[-0.9876883405951378f,0f,-0.15643446504023079f,0f,0f,1f,0f,-0.975f,0.15643446504023079f,0f,-0.9876883405951378f,0f,0f,0f,0f,1f],start_interpolation:0}