execute if entity @s[tag=aj.animal_alpha.bone.bone4] run data modify entity @s {} merge value {transformation:[-0.9238795325112867f,-0.33099534279323395f,-0.19206429250622242f,0.33316919068799195f,-0.3826834323650897f,0.799093445653757f,0.46368421981611563f,-1.4963148834271813f,-9.926482342095557e-17f,0.5018881829276276f,-0.8649325128804006f,0.30776472506466696f,0f,0f,0f,1f],start_interpolation:0}
execute if entity @s[tag=aj.animal_alpha.bone.bone] run data modify entity @s {} merge value {transformation:[-0.9238795325112867f,-0.3330707051007871f,0.18844233815783196f,0.125f,-0.3826834323650897f,0.8041038134834901f,-0.45494004850593467f,-0.99375f,-9.926482342095557e-17f,-0.4924235601034671f,-0.8703556959398997f,1.5308084989341915e-17f,0f,0f,0f,1f],start_interpolation:0}
execute if entity @s[tag=aj.animal_alpha.bone.bone5] run data modify entity @s {} merge value {transformation:[-0.8433914458128857f,0.5106388463682267f,0.16714914809647394f,-0.41322393069228464f,0.5372996083468239f,0.8015424322601192f,0.26237160699451034f,-1.4461709469877901f,-1.0328566345430089e-16f,0.311091140771091f,-0.950380082984561f,0.3207292510872063f,0f,0f,0f,1f],start_interpolation:0}
execute if entity @s[tag=aj.animal_alpha.bone.bone2] run data modify entity @s {} merge value {transformation:[-0.8433914458128857f,0.4611582891076554f,-0.2757243215912417f,-0.125f,0.5372996083468239f,0.7238735151804643f,-0.4328004908622768f,-0.99375f,-1.0328566345430089e-16f,-0.5131668017395301f,-0.8582888986771422f,-1.5308084989341915e-17f,0f,0f,0f,1f],start_interpolation:0}
execute if entity @s[tag=aj.animal_alpha.bone.head] run data modify entity @s {} merge value {transformation:[-0.9238795325112867f,0f,0.3826834323650899f,0f,0f,1f,0f,-0.11875000000000002f,-0.3826834323650899f,0f,-0.9238795325112867f,0f,0f,0f,0f,1f],start_interpolation:0}
execute if entity @s[tag=aj.animal_alpha.bone.bone6] run data modify entity @s {} merge value {transformation:[-0.8553631939770864f,-0.35772317649378976f,0.3746837805250052f,0.7814966602740703f,-0.4999999999999999f,0.7592676426202154f,-0.4165484928191926f,-0.9643745345642221f,-0.1354762207522687f,-0.5436421395266686f,-0.8283111841219752f,0.24620659351547058f,0f,0f,0f,1f],start_interpolation:0}
execute if entity @s[tag=aj.animal_alpha.bone.left_down_arm] run data modify entity @s {} merge value {transformation:[-0.8553631939770864f,-0.35772317649378976f,0.3746837805250052f,0.5802773734963135f,-0.4999999999999999f,0.7592676426202154f,-0.4165484928191926f,-0.537286485590351f,-0.1354762207522687f,-0.5436421395266686f,-0.8283111841219752f,-0.0595921099682805f,0f,0f,0f,1f],start_interpolation:0}
execute if entity @s[tag=aj.animal_alpha.bone.left_upper_arm] run data modify entity @s {} merge value {transformation:[-0.8553631939770864f,-0.5175654608008989f,-0.021904341470824207f,0.24692208514878441f,-0.4999999999999999f,0.8137976813493737f,0.2961981327260238f,-0.24375000000000002f,-0.1354762207522687f,0.26430915159399276f,-0.954875314370597f,0.03910861626005774f,0f,0f,0f,1f],start_interpolation:0}
execute if entity @s[tag=aj.animal_alpha.bone.bone7] run data modify entity @s {} merge value {transformation:[-0.8553631939770864f,0.5138316743680449f,-0.06580894168309365f,-0.8086017065232637f,0.4999999999999999f,0.7856821827979247f,-0.3642849264434209f,-0.9564649055114698f,-0.1354762207522687f,-0.34450038904189934f,-0.9289594585129443f,-0.045880120660798995f,0f,0f,0f,1f],start_interpolation:0}
execute if entity @s[tag=aj.animal_alpha.bone.left_down_arm2] run data modify entity @s {} merge value {transformation:[-0.8553631939770864f,0.5138316743680449f,-0.06580894168309365f,-0.5236844485464318f,0.4999999999999999f,0.7856821827979247f,-0.3642849264434209f,-0.537286485590351f,-0.1354762207522687f,-0.34450038904189934f,-0.9289594585129443f,-0.2977215556539264f,0f,0f,0f,1f],start_interpolation:0}
execute if entity @s[tag=aj.animal_alpha.bone.left_upper_arm2] run data modify entity @s {} merge value {transformation:[-0.8553631939770864f,0.41055798449263076f,0.31590496634061666f,-0.23714493108377f,0.4999999999999999f,0.8137976813493737f,0.2961981327260238f,-0.24375000000000002f,-0.1354762207522687f,0.41130946402888896f,-0.9013715762164629f,-0.10083913754725386f,0f,0f,0f,1f],start_interpolation:0}
execute if entity @s[tag=aj.animal_alpha.bone.upperbody] run data modify entity @s {} merge value {transformation:[-0.9876883405951378f,0f,0.15643446504023098f,-0.17541440979657388f,0f,1f,0f,-0.49375f,-0.15643446504023098f,0f,-0.9876883405951378f,-0.09106198348223943f,0f,0f,0f,1f],start_interpolation:0}
execute if entity @s[tag=aj.animal_alpha.bone.downbody] run data modify entity @s {} merge value {transformation:[-0.9876883405951378f,0f,0.15643446504023098f,0f,0f,1f,0f,-0.99375f,-0.15643446504023098f,0f,-0.9876883405951378f,0f,0f,0f,0f,1f],start_interpolation:0}