execute if entity @s[tag=aj.animal_alpha.bone.bone4] run data modify entity @s {} merge value {transformation:[-0.9238795325112867f,-0.29687476601662666f,-0.2414787417337174f,0.32444643036828025f,-0.3826834323650897f,0.7167190864436791f,0.5829812533183308f,-1.5252562771620033f,-1.1314261122877003e-16f,0.6310143615084457f,-0.7757711489673285f,0.3449606158200363f,0f,0f,0f,1f],start_interpolation:0}
execute if entity @s[tag=aj.animal_alpha.bone.bone] run data modify entity @s {} merge value {transformation:[-0.9238795325112867f,-0.31911428858924834f,0.21121713998845862f,0.125f,-0.3826834323650897f,0.7704100434592055f,-0.5099232839657931f,-1.04375f,-1.1314261122877003e-16f,-0.551936985312058f,-0.8338858220671683f,1.5308084989341915e-17f,0f,0f,0f,1f],start_interpolation:0}
execute if entity @s[tag=aj.animal_alpha.bone.bone5] run data modify entity @s {} merge value {transformation:[-0.8433914458128857f,0.49412770323972627f,0.21101820305528948f,-0.40380999479367413f,0.5372996083468239f,0.7756251290295897f,0.3312322298451375f,-1.4813940275838327f,-1.0328566345430089e-16f,0.3927384270845742f,-0.9196502204050923f,0.3483643091985069f,0f,0f,0f,1f],start_interpolation:0}
execute if entity @s[tag=aj.animal_alpha.bone.bone2] run data modify entity @s {} merge value {transformation:[-0.8433914458128857f,0.4460959916698786f,-0.29948161103099125f,-0.125f,0.5372996083468239f,0.7002304441341323f,-0.4700919654472574f,-1.04375f,-1.0328566345430089e-16f,-0.557382894717611f,-0.8302555682897987f,-1.5308084989341915e-17f,0f,0f,0f,1f],start_interpolation:0}
execute if entity @s[tag=aj.animal_alpha.bone.head] run data modify entity @s {} merge value {transformation:[-0.8826743159676033f,0f,0.4699851613946166f,0f,0f,1f,0f,-0.16874999999999996f,-0.4699851613946166f,0f,-0.8826743159676033f,0f,0f,0f,0f,1f],start_interpolation:0}
execute if entity @s[tag=aj.animal_alpha.bone.bone6] run data modify entity @s {} merge value {transformation:[-0.8501140779110444f,-0.2633460753664624f,0.45602072225561885f,0.7301357862379176f,-0.4999999999999999f,0.6753997743757312f,-0.5420656277363576f,-0.9671988586766997f,-0.1652454372666754f,-0.6888279824181747f,-0.7058398940979834f,0.34816132032808106f,0f,0f,0f,1f],start_interpolation:0}
execute if entity @s[tag=aj.animal_alpha.bone.left_down_arm] run data modify entity @s {} merge value {transformation:[-0.8501140779110444f,-0.2633460753664624f,0.45602072225561885f,0.5820036188442825f,-0.4999999999999999f,0.6753997743757312f,-0.5420656277363576f,-0.587286485590351f,-0.1652454372666754f,-0.6888279824181747f,-0.7058398940979834f,-0.03930441978214223f,0f,0f,0f,1f],start_interpolation:0}
execute if entity @s[tag=aj.animal_alpha.bone.left_upper_arm] run data modify entity @s {} merge value {transformation:[-0.8501140779110444f,-0.5264744302708252f,0.011433669947340519f,0.24540679586191597f,-0.4999999999999999f,0.8137976813493737f,0.2961981327260238f,-0.29374999999999996f,-0.1652454372666754f,0.24608536750768661f,-0.9550580806218815f,0.047702248844136236f,0f,0f,0f,1f],start_interpolation:0}
execute if entity @s[tag=aj.animal_alpha.bone.bone7] run data modify entity @s {} merge value {transformation:[-0.8501140779110444f,0.5242881394839154f,0.04927475351484881f,-0.8109668522344304f,0.4999999999999999f,0.8329958489532442f,-0.23689220254509f,-1.0410408879674828f,-0.1652454372666754f,-0.17674801957351122f,-0.9702855677785726f,-0.15575290641532555f,0f,0f,0f,1f],start_interpolation:0}
execute if entity @s[tag=aj.animal_alpha.bone.left_down_arm2] run data modify entity @s {} merge value {transformation:[-0.8501140779110444f,0.5242881394839154f,0.04927475351484881f,-0.5129751016800499f,0.4999999999999999f,0.8329958489532442f,-0.23689220254509f,-0.587286485590351f,-0.1652454372666754f,-0.17674801957351122f,-0.9702855677785726f,-0.3158165154115864f,0f,0f,0f,1f],start_interpolation:0}
execute if entity @s[tag=aj.animal_alpha.bone.left_upper_arm2] run data modify entity @s {} merge value {transformation:[-0.8501140779110444f,0.39595339037779964f,0.347169939922483f,-0.23348123365088197f,0.4999999999999999f,0.8137976813493737f,0.2961981327260238f,-0.29374999999999996f,-0.1652454372666754f,0.4253871724425984f,-0.8897975606753686f,-0.10905394780961522f,0f,0f,0f,1f],start_interpolation:0}
execute if entity @s[tag=aj.animal_alpha.bone.upperbody] run data modify entity @s {} merge value {transformation:[-0.981627183447664f,0f,0.19080899537654492f,-0.17212953468540296f,0f,1f,0f,-0.54375f,-0.19080899537654492f,0f,-0.981627183447664f,-0.09712838559858117f,0f,0f,0f,1f],start_interpolation:0}
execute if entity @s[tag=aj.animal_alpha.bone.downbody] run data modify entity @s {} merge value {transformation:[-0.981627183447664f,0f,0.19080899537654492f,0f,0f,1f,0f,-1.04375f,-0.19080899537654492f,0f,-0.981627183447664f,0f,0f,0f,0f,1f],start_interpolation:0}