execute if entity @s[tag=aj.animal_alpha.bone.bone4] run data modify entity @s {} merge value {transformation:[-0.9238795325112867f,-0.327160609038783f,-0.1985259310520889f,0.33213348377224483f,-0.38268343236508967f,0.7898355794156716f,0.47928399522869936f,-1.500064465744541f,-9.926482342095557e-17f,0.518773258160521f,-0.8549118706729466f,0.3125f,0f,0f,0f,1f],start_interpolation:0}
execute if entity @s[tag=aj.animal_alpha.bone.bone] run data modify entity @s {} merge value {transformation:[-0.9238795325112867f,-0.3314135740355917f,0.19134171618254497f,0.125f,-0.38268343236508967f,0.8001031451912656f,-0.4619397662556433f,-1f,-9.926482342095557e-17f,-0.5f,-0.8660254037844386f,1.5308084989341915e-17f,0f,0f,0f,1f],start_interpolation:0}
execute if entity @s[tag=aj.animal_alpha.bone.bone5] run data modify entity @s {} merge value {transformation:[-0.8433914458128856f,0.5087851877095275f,0.17270929881460134f,-0.41208988330226554f,0.537299608346824f,0.7986327709986601f,0.2710992953833543f,-1.4506408491559095f,-1.0328566345430088e-16f,0.32143946530316175f,-0.9469301294951056f,0.32423328635032583f,0f,0f,0f,1f],start_interpolation:0}
execute if entity @s[tag=aj.animal_alpha.bone.bone2] run data modify entity @s {} merge value {transformation:[-0.8433914458128856f,0.4593438132836249f,-0.27873666843045386f,-0.125f,0.537299608346824f,0.7210253586494552f,-0.4375289282490636f,-1f,-1.0328566345430088e-16f,-0.5187732581605213f,-0.8549118706729466f,-1.5308084989341915e-17f,0f,0f,0f,1f],start_interpolation:0}
execute if entity @s[tag=aj.animal_alpha.bone.head] run data modify entity @s {} merge value {transformation:[-0.8338858220671683f,0f,-0.551936985312058f,0f,0f,1f,0f,-0.125f,0.551936985312058f,0f,-0.8338858220671683f,0f,0f,0f,0f,1f],start_interpolation:0}
execute if entity @s[tag=aj.animal_alpha.bone.bone6] run data modify entity @s {} merge value {transformation:[-0.8365163037378079f,-0.5476676744201642f,0.017337588530253745f,0.8139345308293761f,-0.4999999999999999f,0.7499999999999999f,-0.4330127018922193f,-0.9654114855903511f,0.22414386804201328f,-0.3708909791235277f,-0.901221065013438f,-0.08183399656460955f,0f,0f,0f,1f],start_interpolation:0}
execute if entity @s[tag=aj.animal_alpha.bone.left_down_arm] run data modify entity @s {} merge value {transformation:[-0.8365163037378079f,-0.5476676744201642f,0.017337588530253745f,0.5058714639680337f,-0.4999999999999999f,0.7499999999999999f,-0.4330127018922193f,-0.5435364855903511f,0.22414386804201328f,-0.3708909791235277f,-0.901221065013438f,-0.2904601723215939f,0f,0f,0f,1f],start_interpolation:0}
execute if entity @s[tag=aj.animal_alpha.bone.left_upper_arm] run data modify entity @s {} merge value {transformation:[-0.8365163037378079f,-0.36531535869380743f,-0.4083933915763699f,0.24148145657226705f,-0.4999999999999999f,0.8137976813493737f,0.2961981327260238f,-0.25f,0.22414386804201328f,0.45197126295019896f,-0.8634127077396804f,-0.06470476127563016f,0f,0f,0f,1f],start_interpolation:0}
execute if entity @s[tag=aj.animal_alpha.bone.bone7] run data modify entity @s {} merge value {transformation:[-0.8365163037378079f,0.3378229847027211f,-0.43141175759056494f,-0.7625660093715163f,0.4999999999999999f,0.792682993292951f,-0.34878886470775905f,-0.967621365273401f,0.22414386804201328f,-0.5074734506855234f,-0.8320037399366016f,0.2784735295794885f,0f,0f,0f,1f],start_interpolation:0}
execute if entity @s[tag=aj.animal_alpha.bone.left_down_arm2] run data modify entity @s {} merge value {transformation:[-0.8365163037378079f,0.3378229847027211f,-0.43141175759056494f,-0.599503815325646f,0.4999999999999999f,0.792682993292951f,-0.34878886470775905f,-0.5435364855903511f,0.22414386804201328f,-0.5074734506855234f,-0.8320037399366016f,-0.058980520177155986f,0f,0f,0f,1f],start_interpolation:0}
execute if entity @s[tag=aj.animal_alpha.bone.left_upper_arm2] run data modify entity @s {} merge value {transformation:[-0.8365163037378079f,0.542358012496561f,-0.0780273020270178f,-0.25765764689117465f,0.4999999999999999f,0.8137976813493737f,0.2961981327260238f,-0.25f,0.22414386804201328f,0.2087609161485052f,-0.9519340346410571f,0.004334397132563388f,0f,0f,0f,1f],start_interpolation:0}
execute if entity @s[tag=aj.animal_alpha.bone.upperbody] run data modify entity @s {} merge value {transformation:[-0.9659258262890683f,0f,-0.25881904510252063f,-0.19728728274810786f,0f,1f,0f,-0.5f,0.25881904510252063f,0f,-0.9659258262890683f,-0.011841793186344152f,0f,0f,0f,1f],start_interpolation:0}
execute if entity @s[tag=aj.animal_alpha.bone.downbody] run data modify entity @s {} merge value {transformation:[-0.9659258262890683f,0f,-0.25881904510252063f,0f,0f,1f,0f,-1f,0.25881904510252063f,0f,-0.9659258262890683f,0f,0f,0f,0f,1f],start_interpolation:0}