execute if entity @s[tag=aj.animal_boar.bone.rear_body] run data modify entity @s {} merge value {transformation:[-1.1356374447997006f,-0.2891688254183128f,1.4351329677508045e-16f,-4.305398903252414e-17f,-0.2891688254183128f,1.1356374447997006f,0f,-0.5859375f,-1.3907547617658324e-16f,-3.541296764617366e-17f,-1.171875f,0.3515625f,0f,0f,0f,1f],start_interpolation:0}
execute if entity @s[tag=aj.animal_boar.bone.head] run data modify entity @s {} merge value {transformation:[-0.989740638078226f,-0.14280632688511907f,-0.004452228440517132f,-0.0020543134304073776f,-0.14287571289937984f,0.9892599814527252f,0.030841850781811193f,-0.6023305319920431f,-1.2120827044085585e-16f,0.031161548384733024f,-0.9995143610285276f,0.886321875f,0f,0f,0f,1f],start_interpolation:0}
execute if entity @s[tag=aj.animal_boar.bone.front_body] run data modify entity @s {} merge value {transformation:[-0.9922392066001721f,0.12434370464748515f,1.2246467991473532e-16f,-4.305398903252414e-17f,0.12434370464748515f,0.9922392066001721f,0f,-0.5859375f,-1.21514256835141e-16f,1.5227711989066654e-17f,-1f,0.3515625f,0f,0f,0f,1f],start_interpolation:0}
execute if entity @s[tag=aj.animal_boar.bone.front_leg_left_under] run data modify entity @s {} merge value {transformation:[-1f,3.2057515956682744e-18f,1.2242271432755217e-16f,0.6005856249999999f,0f,0.9996573249755573f,-0.026176948307873316f,-1.2040713587335379f,-1.2246467991473532e-16f,-0.026176948307873316f,-0.9996573249755573f,0.26748419000748624f,0f,0f,0f,1f],start_interpolation:0}
execute if entity @s[tag=aj.animal_boar.bone.front_leg_left] run data modify entity @s {} merge value {transformation:[-1f,-6.123233995736765e-17f,1.0605752387249069e-16f,0.5624999999999999f,0f,0.8660254037844387f,0.49999999999999994f,-0.5625f,-1.2246467991473532e-16f,0.49999999999999994f,-0.8660254037844387f,0.46875000000000006f,0f,0f,0f,1f],start_interpolation:0}