execute if entity @s[tag=aj.animal_boar.bone.rear_body] run data modify entity @s {} merge value {transformation:[-1.1198118817806337f,-0.3454162200127784f,1.4351329677508045e-16f,-4.305398903252414e-17f,-0.3454162200127784f,1.1198118817806337f,0f,-0.5859375f,-1.3713740366698274e-16f,-4.23012868212227e-17f,-1.171875f,0.3515625f,0f,0f,0f,1f],start_interpolation:0}
execute if entity @s[tag=aj.animal_boar.bone.head] run data modify entity @s {} merge value {transformation:[-0.9749279121818235f,-0.2207939949607428f,-0.027669077289746397f,-0.0024623645400632366f,-0.22252093395631448f,0.9673616980756549f,0.12122614836492607f,-0.602274221287772f,-1.2286368165724182e-16f,0.12434370464748519f,-0.9922392066001721f,0.886321875f,0f,0f,0f,1f],start_interpolation:0}
execute if entity @s[tag=aj.animal_boar.bone.front_body] run data modify entity @s {} merge value {transformation:[-0.9888308262251285f,0.14904226617617444f,1.2246467991473532e-16f,-4.305398903252414e-17f,0.14904226617617444f,0.9888308262251285f,0f,-0.5859375f,-1.2109685062348362e-16f,1.8252413421031987e-17f,-1f,0.3515625f,0f,0f,0f,1f],start_interpolation:0}
execute if entity @s[tag=aj.animal_boar.bone.front_leg_left_under] run data modify entity @s {} merge value {transformation:[-1f,2.137303368083779e-18f,1.224460279508133e-16f,0.6005856249999999f,0f,0.9998476951563912f,-0.017452406437283352f,-1.1946816336311354f,-1.2246467991473532e-16f,-0.017452406437283352f,-0.9998476951563912f,0.23969080084264383f,0f,0f,0f,1f],start_interpolation:0}
execute if entity @s[tag=aj.animal_boar.bone.front_leg_left] run data modify entity @s {} merge value {transformation:[-1f,-6.580022455450643e-17f,1.0328566345430089e-16f,0.5624999999999999f,0f,0.8433914458128857f,0.5372996083468239f,-0.5625f,-1.2246467991473532e-16f,0.5372996083468239f,-0.8433914458128857f,0.46875000000000006f,0f,0f,0f,1f],start_interpolation:0}