execute if entity @s[tag=aj.animal_bear.bone.head] run data modify entity @s {} merge value {transformation:[-0.9063077870366499f,-2.7755575615628914e-17f,-0.42261826174069933f,0.5944366241697899f,0f,0.9999999999999999f,0f,1.0528571954450885f,0.42261826174069933f,0f,-0.9063077870366498f,0.5999800379212703f,0f,0f,0f,1f],start_interpolation:0}
execute if entity @s[tag=aj.animal_bear.bone.front_leg_left_under] run data modify entity @s {} merge value {transformation:[-0.9063077870366499f,-0.31158686650350675f,-0.2855167591915685f,1.839796756719664f,0f,0.6755902076156602f,-0.737277336810124f,0.3315962932858547f,0.42261826174069933f,-0.6682001915566582f,-0.6122926660077799f,0.5074783224392251f,0f,0f,0f,1f],start_interpolation:0}
execute if entity @s[tag=aj.animal_bear.bone.front_leg_left] run data modify entity @s {} merge value {transformation:[-0.9063077870366499f,-0.31158686650350675f,-0.2855167591915685f,1.3915162332452333f,0f,0.6755902076156602f,-0.737277336810124f,0.8664269534852513f,0.42261826174069933f,-0.6682001915566582f,-0.6122926660077799f,-0.03913229549824271f,0f,0f,0f,1f],start_interpolation:0}
execute if entity @s[tag=aj.animal_bear.bone.front_leg_right_under] run data modify entity @s {} merge value {transformation:[-0.9078239055651915f,0.37177015282824416f,0.19401729291593015f,-1.0085505395324834f,-0.41182007040192475f,-0.7030726100433198f,-0.5797354005242628f,1.5622142254456985f,-0.07912007392890613f,-0.606197870726166f,0.7913685332565014f,0.8912105901919287f,0f,0f,0f,1f],start_interpolation:0}
execute if entity @s[tag=aj.animal_bear.bone.front_leg_right] run data modify entity @s {} merge value {transformation:[-0.9078239055651915f,0.4163876958003879f,-0.04976990325895225f,-0.5207931974020982f,-0.41182007040192475f,-0.9076105847476388f,-0.08153070629034542f,0.8664269534852513f,-0.07912007392890613f,-0.05351927914399124f,0.9954273959769198f,0.852592236774633f,0f,0f,0f,1f],start_interpolation:0}
execute if entity @s[tag=aj.animal_bear.bone.front_body] run data modify entity @s {} merge value {transformation:[-2.067514639177358f,-0.7108075392111248f,-0.6513351069057656f,-0.062499999999999924f,0f,1.5411901611232248f,-1.6819139245980954f,0.12543749999999998f,0.9640979095959703f,-1.5243316869886265f,-1.3967926443302479f,-0.6609375f,0f,0f,0f,1f],start_interpolation:0}