execute if entity @s[tag=aj.animal_bear.bone.head] run data modify entity @s {} merge value {transformation:[-0.9987045980408904f,0.002810833845516916f,-0.050805758188185356f,0.083540014591135f,0f,0.9984730708473113f,0.05524062628844855f,-0.295245f,0.05088345361690249f,0.05516906747293205f,-0.9971796468752175f,0.9771359432388773f,0f,0f,0f,1f],start_interpolation:0}
execute if entity @s[tag=aj.animal_bear.bone.front_leg_left_under] run data modify entity @s {} merge value {transformation:[-0.9987045980408904f,0f,-0.05088345361690249f,1.2379522672796321f,0f,1f,0f,-1.1087500000000001f,0.05088345361690249f,0f,-0.9987045980408904f,0.6851810119344349f,0f,0f,0f,1f],start_interpolation:0}
execute if entity @s[tag=aj.animal_bear.bone.front_leg_left] run data modify entity @s {} merge value {transformation:[-0.9987045980408904f,0f,-0.05088345361690249f,1.0594284863345758f,0f,1f,0f,-0.24250000000000005f,0.05088345361690249f,0f,-0.9987045980408904f,0.6258292841171758f,0f,0f,0f,1f],start_interpolation:0}
execute if entity @s[tag=aj.animal_bear.bone.front_leg_right_under] run data modify entity @s {} merge value {transformation:[-0.9953684936816765f,-0.0856294744442287f,-0.0436938770570368f,-1.126216167796433f,-0.08349667321501592f,0.9953268793130127f,-0.048504730481101696f,-1.0829090239085595f,0.04764312487542257f,-0.04463178714128141f,-0.9978667928279206f,0.8384934138735801f,0f,0f,0f,1f],start_interpolation:0}
execute if entity @s[tag=aj.animal_bear.bone.front_leg_right] run data modify entity @s {} merge value {transformation:[-0.9953684936816765f,-0.08884717823002079f,-0.03671158817639442f,-1.047838215531703f,-0.08349667321501592f,0.9882680253474312f,-0.12788516582432033f,-0.24250000000000005f,0.04764312487542257f,-0.12422756938961649f,-0.9911092995505858f,0.7331933712488399f,0f,0f,0f,1f],start_interpolation:0}
execute if entity @s[tag=aj.animal_bear.bone.front_body] run data modify entity @s {} merge value {transformation:[-2.2782948642807814f,0f,-0.1160778785635588f,-0.062499999999999924f,0f,2.28125f,0f,0.12543749999999998f,0.1160778785635588f,0f,-2.2782948642807814f,-0.6609375f,0f,0f,0f,1f],start_interpolation:0}