execute if entity @s[tag=aj.animal_bear.bone.head] run data modify entity @s {} merge value {transformation:[-0.8802013911801113f,0.10406971611733276f,-0.4630496789242538f,0.7611557472636381f,-1.3877787807814457e-17f,0.9756622801842142f,0.2192786241879034f,0.6301249354791822f,0.4746003697476402f,0.1930093500662533f,-0.8587792963401049f,0.7349378023037281f,0f,0f,0f,1f],start_interpolation:0}
execute if entity @s[tag=aj.animal_bear.bone.front_leg_left_under] run data modify entity @s {} merge value {transformation:[-0.8802013911801113f,-0.24915407913563403f,-0.4039402874369812f,1.8976668737420002f,-1.3877787807814457e-17f,0.8511166724369996f,-0.5249765803345602f,-0.18449631143460177f,0.4746003697476402f,-0.46208511634745736f,-0.7491540791356341f,0.3821908681386959f,0f,0f,0f,1f],start_interpolation:0}
execute if entity @s[tag=aj.animal_bear.bone.front_leg_left] run data modify entity @s {} merge value {transformation:[-0.8802013911801113f,-0.24915407913563403f,-0.4039402874369812f,1.4999492012313083f,-1.3877787807814457e-17f,0.8511166724369996f,-0.5249765803345602f,0.5168967632530039f,0.4746003697476402f,-0.46208511634745736f,-0.7491540791356341f,0.013882793002191196f,0f,0f,0f,1f],start_interpolation:0}
execute if entity @s[tag=aj.animal_bear.bone.front_leg_right_under] run data modify entity @s {} merge value {transformation:[-0.8728554123547267f,-0.13800593722991966f,0.4680574648612617f,-0.659741261325604f,-0.44473555417470756f,-0.1697803344831093f,-0.8794230636478206f,1.0374070024490083f,0.20083255706178615f,-0.9757709768752576f,0.08681753689162947f,1.6162073925199982f,0f,0f,0f,1f],start_interpolation:0}
execute if entity @s[tag=aj.animal_bear.bone.front_leg_right] run data modify entity @s {} merge value {transformation:[-0.8728554123547267f,0.2048533734047217f,0.44289787144189957f,-0.35727573415872677f,-0.44473555417470756f,-0.7074915307101692f,-0.549241313837822f,0.5168967632530039f,0.20083255706178615f,-0.6763806837706757f,0.7086433903212088f,1.015289573169712f,0f,0f,0f,1f],start_interpolation:0}
execute if entity @s[tag=aj.animal_bear.bone.front_body] run data modify entity @s {} merge value {transformation:[-2.0079594236296288f,-0.5683827430281652f,-0.9214887807156134f,-0.062499999999999924f,-3.165870343657673e-17f,1.9416099089969054f,-1.1976028238882155f,0.12543749999999998f,1.0826820934868042f,-1.054131671667637f,-1.7090077430281654f,-0.6609375f,0f,0f,0f,1f],start_interpolation:0}