execute if entity @s[tag=aj.animal_bear.bone.head] run data modify entity @s {} merge value {transformation:[-0.9883615104677607f,0.025107600686065008f,-0.15003710545620244f,0.24926950510948567f,0f,0.9862856015372314f,0.16504760586067765f,-0.295245f,0.15212338618991658f,0.163126701027547f,-0.974806726887942f,0.9538107983394148f,0f,0f,0f,1f],start_interpolation:0}
execute if entity @s[tag=aj.animal_bear.bone.front_leg_left_under] run data modify entity @s {} merge value {transformation:[-0.9883615104677607f,0f,-0.15212338618991658f,1.3680310583144366f,0f,1f,0f,-1.1087500000000001f,0.15212338618991658f,0f,-0.9883615104677607f,0.5460389035983015f,0f,0f,0f,1f],start_interpolation:0}
execute if entity @s[tag=aj.animal_bear.bone.front_leg_left] run data modify entity @s {} merge value {transformation:[-0.9883615104677607f,0f,-0.15212338618991658f,1.1843995009452661f,0f,1f,0f,-0.24250000000000005f,0.15212338618991658f,0f,-0.9883615104677607f,0.5051387924005857f,0f,0f,0f,1f],start_interpolation:0}
execute if entity @s[tag=aj.animal_bear.bone.front_leg_right_under] run data modify entity @s {} merge value {transformation:[-0.9588028203802426f,-0.263604264100791f,-0.10587702101387592f,-0.8128919762554364f,-0.24815221104945204f,0.9586256219140339f,-0.1394897743965485f,-1.0340196175669512f,0.1382665244452196f,-0.10746957224169185f,-0.9845469309586147f,1.1248574364747252f,0f,0f,0f,1f],start_interpolation:0}
execute if entity @s[tag=aj.animal_bear.bone.front_leg_right] run data modify entity @s {} merge value {transformation:[-0.9588028203802426f,-0.281215385719784f,-0.040187790003499715f,-0.9010432861417086f,-0.24815221104945204f,0.8979986442681824f,-0.36334407253149803f,-0.24250000000000005f,0.1382665244452196f,-0.3384026325650842f,-0.9307878525694563f,0.8261191372613097f,0f,0f,0f,1f],start_interpolation:0}
execute if entity @s[tag=aj.animal_bear.bone.front_body] run data modify entity @s {} merge value {transformation:[-2.254699695754579f,0f,-0.3470314747457472f,-0.062499999999999924f,0f,2.28125f,0f,0.12543749999999998f,0.3470314747457472f,0f,-2.254699695754579f,-0.6609375f,0f,0f,0f,1f],start_interpolation:0}