execute if entity @s[tag=aj.animal_wolf.bone.rear_leg_right_under] run data modify entity @s {} merge value {transformation:[-1f,-3.78436673043415e-17f,1.1647083184890926e-16f,0.46875000000000017f,0f,0.9510565162951535f,0.3090169943749474f,-1.4136620292353035f,-1.2246467991473532e-16f,0.3090169943749474f,-0.9510565162951535f,-1.2090537251519984f,0f,0f,0f,1f],start_interpolation:0}
execute if entity @s[tag=aj.animal_wolf.bone.rear_leg_left] run data modify entity @s {} merge value {transformation:[-1f,-1.5984848350717833e-17f,1.2141697760125282e-16f,0.4687500000000001f,0f,0.9914448613738104f,0.13052619222005157f,-0.7875000000000001f,-1.2246467991473532e-16f,0.13052619222005157f,-0.9914448613738104f,-0.9375f,0f,0f,0f,1f],start_interpolation:0}
execute if entity @s[tag=aj.animal_wolf.bone.right_leg_left_under] run data modify entity @s {} merge value {transformation:[-1f,-3.7843667304341493e-17f,1.1647083184890926e-16f,-0.5624999999999999f,0f,0.9510565162951536f,0.30901699437494734f,-1.4205559069727445f,-1.2246467991473532e-16f,0.30901699437494734f,-0.9510565162951536f,-1.1925696594009487f,0f,0f,0f,1f],start_interpolation:0}
execute if entity @s[tag=aj.animal_wolf.bone.rear_leg_right] run data modify entity @s {} merge value {transformation:[-1f,-1.2801044796052349e-17f,1.217938055844715e-16f,-0.4687499999999999f,0f,0.9945218953682733f,0.10452846326765346f,-0.7875000000000001f,-1.2246467991473532e-16f,0.10452846326765346f,-0.9945218953682733f,-0.9375f,0f,0f,0f,1f],start_interpolation:0}
execute if entity @s[tag=aj.animal_wolf.bone.tale] run data modify entity @s {} merge value {transformation:[-1.3229166666666667f,1.2711202517481082e-17f,1.6151114163009397e-16f,1.6934569019459494e-16f,0f,1.3188385560844507f,-0.10379484538996155f,-0.4828125000000001f,-1.6201056613720195e-16f,-0.10379484538996155f,-1.3188385560844507f,-1.3828125f,0f,0f,0f,1f],start_interpolation:0}
execute if entity @s[tag=aj.animal_wolf.bone.rear_body] run data modify entity @s {} merge value {transformation:[-1.171875f,0f,1.4351329677508045e-16f,-4.305398903252414e-17f,0f,1.171875f,0f,-0.8109375000000001f,-1.4351329677508045e-16f,0f,-1.171875f,0.3515625f,0f,0f,0f,1f],start_interpolation:0}
execute if entity @s[tag=aj.animal_wolf.bone.head] run data modify entity @s {} merge value {transformation:[-1f,-2.1265768495757713e-17f,1.2060416625018976e-16f,-0.015625000000000142f,0f,0.984807753012208f,0.17364817766693033f,-0.22187500000000004f,-1.2246467991473532e-16f,0.17364817766693033f,-0.984807753012208f,1.178125f,0f,0f,0f,1f],start_interpolation:0}
execute if entity @s[tag=aj.animal_wolf.bone.talon_left] run data modify entity @s {} merge value {transformation:[-1.0104166666666665f,1.0798245888289167e-18f,1.2373564201034123e-16f,0.615234375f,0f,1.0103781930960898f,-0.008817436909815382f,-1.8676162429461134f,-1.2374035366384712e-16f,-0.008817436909815382f,-1.0103781930960898f,0.8330797591869394f,0f,0f,0f,1f],start_interpolation:0}
execute if entity @s[tag=aj.animal_wolf.bone.front_leg_left_under] run data modify entity @s {} merge value {transformation:[-1f,3.78436673043415e-17f,1.1647083184890923e-16f,0.600585625f,0f,0.9510565162951536f,-0.30901699437494745f,-1.4127552686756817f,-1.2246467991473532e-16f,-0.30901699437494745f,-0.9510565162951536f,0.7160910269495174f,0f,0f,0f,1f],start_interpolation:0}
execute if entity @s[tag=aj.animal_wolf.bone.front_leg_left] run data modify entity @s {} merge value {transformation:[-1f,1.9157696688784726e-17f,1.2095693648649962e-16f,0.5625f,0f,0.9876883405951378f,-0.15643446504023087f,-0.7875000000000001f,-1.2246467991473532e-16f,-0.15643446504023087f,-0.9876883405951378f,0.46875000000000006f,0f,0f,0f,1f],start_interpolation:0}
execute if entity @s[tag=aj.animal_wolf.bone.talon_right] run data modify entity @s {} merge value {transformation:[-1.0104166666666665f,1.0798245888289167e-18f,1.2373564201034123e-16f,-0.629883125f,0f,1.0103781930960898f,-0.008817436909815382f,-1.8560312227156444f,-1.2374035366384712e-16f,-0.008817436909815382f,-1.0103781930960898f,0.8422414664792763f,0f,0f,0f,1f],start_interpolation:0}
execute if entity @s[tag=aj.animal_wolf.bone.front_leg_right_under] run data modify entity @s {} merge value {transformation:[-1f,3.78436673043415e-17f,1.1647083184890923e-16f,-0.5625f,0f,0.9510565162951536f,-0.30901699437494745f,-1.4192767129593697f,-1.2246467991473532e-16f,-0.30901699437494745f,-0.9510565162951536f,0.6695267664901852f,0f,0f,0f,1f],start_interpolation:0}
execute if entity @s[tag=aj.animal_wolf.bone.front_leg_right] run data modify entity @s {} merge value {transformation:[-1f,2.021250222242128e-17f,1.2078515049676923e-16f,-0.5625f,0f,0.9862856015372314f,-0.16504760586067765f,-0.7875000000000001f,-1.2246467991473532e-16f,-0.16504760586067765f,-0.9862856015372314f,0.46874999999999994f,0f,0f,0f,1f],start_interpolation:0}
execute if entity @s[tag=aj.animal_wolf.bone.front_body] run data modify entity @s {} merge value {transformation:[-1f,0f,1.2246467991473532e-16f,-4.305398903252414e-17f,0f,1f,0f,-0.8109375000000001f,-1.2246467991473532e-16f,0f,-1f,0.3515625f,0f,0f,0f,1f],start_interpolation:0}