execute if entity @s[tag=aj.animal_wolf.bone.rear_leg_right_under] run data modify entity @s {} merge value {transformation:[-1f,-1.2246467991473532e-16f,0f,0.46875000000000017f,0f,0f,1f,-1.843995361626988f,-1.2246467991473532e-16f,1f,0f,-1.4857534390915794f,0f,0f,0f,1f],start_interpolation:0}
execute if entity @s[tag=aj.animal_wolf.bone.rear_leg_left] run data modify entity @s {} merge value {transformation:[-1f,-7.455177354798984e-17f,9.71577628780522e-17f,0.4687500000000001f,0f,0.7933533402912352f,0.6087614290087207f,-1.4375f,-1.2246467991473532e-16f,0.6087614290087207f,-0.7933533402912352f,-0.9375f,0f,0f,0f,1f],start_interpolation:0}
execute if entity @s[tag=aj.animal_wolf.bone.right_leg_left_under] run data modify entity @s {} merge value {transformation:[-1f,-1.2246467991473532e-16f,2.465190328815662e-32f,-0.5624999999999998f,0f,2.220446049250313e-16f,1f,-1.9120791712335379f,-1.2246467991473532e-16f,1f,-2.220446049250313e-16f,-1.4280047632095823f,0f,0f,0f,1f],start_interpolation:0}
execute if entity @s[tag=aj.animal_wolf.bone.rear_leg_right] run data modify entity @s {} merge value {transformation:[-1f,-6.123233995736765e-17f,1.0605752387249069e-16f,-0.4687499999999999f,0f,0.8660254037844387f,0.49999999999999994f,-1.4375f,-1.2246467991473532e-16f,0.49999999999999994f,-0.8660254037844387f,-0.9375f,0f,0f,0f,1f],start_interpolation:0}
execute if entity @s[tag=aj.animal_wolf.bone.tale] run data modify entity @s {} merge value {transformation:[-1.3229166666666667f,6.199875952879581e-17f,1.4967824610472702e-16f,1.6934569019459494e-16f,0f,1.22221563155139f,-0.5062582907329833f,-1.1328125f,-1.6201056613720195e-16f,-0.5062582907329833f,-1.22221563155139f,-1.3828125f,0f,0f,0f,1f],start_interpolation:0}
execute if entity @s[tag=aj.animal_wolf.bone.rear_body] run data modify entity @s {} merge value {transformation:[-1.171875f,0f,1.4351329677508045e-16f,-4.305398903252414e-17f,0f,1.171875f,0f,-1.4609375f,-1.4351329677508045e-16f,0f,-1.171875f,0.3515625f,0f,0f,0f,1f],start_interpolation:0}
execute if entity @s[tag=aj.animal_wolf.bone.head] run data modify entity @s {} merge value {transformation:[-1f,-9.381338752702731e-17f,7.871877887341985e-17f,-0.01562500000000016f,0f,0.6427876096865393f,0.766044443118978f,-1.171875f,-1.2246467991473532e-16f,0.766044443118978f,-0.6427876096865393f,1.328125f,0f,0f,0f,1f],start_interpolation:0}
execute if entity @s[tag=aj.animal_wolf.bone.talon_left] run data modify entity @s {} merge value {transformation:[-1.0104166666666665f,5.397478419187032e-18f,1.236225802657766e-16f,0.6152343749999998f,0f,1.009454973890002f,-0.04407375598372502f,-1.8272556052532987f,-1.2374035366384712e-16f,-0.04407375598372502f,-1.009454973890002f,1.5051189200540451f,0f,0f,0f,1f],start_interpolation:0}
execute if entity @s[tag=aj.animal_wolf.bone.front_leg_left_under] run data modify entity @s {} merge value {transformation:[-1f,1.2246467991473532e-16f,-2.465190328815662e-32f,0.6005856249999999f,0f,-2.220446049250313e-16f,-1f,-1.7979587302532987f,-1.2246467991473532e-16f,-1f,2.220446049250313e-16f,1.0363689200540451f,0f,0f,0f,1f],start_interpolation:0}
execute if entity @s[tag=aj.animal_wolf.bone.front_leg_left] run data modify entity @s {} merge value {transformation:[-1f,8.659560562354934e-17f,8.659560562354932e-17f,0.5625f,0f,0.7071067811865475f,-0.7071067811865476f,-1.4375f,-1.2246467991473532e-16f,-0.7071067811865476f,-0.7071067811865475f,0.46875000000000006f,0f,0f,0f,1f],start_interpolation:0}
execute if entity @s[tag=aj.animal_wolf.bone.talon_right] run data modify entity @s {} merge value {transformation:[-1.0104166666666665f,5.397478419186981e-18f,1.2362258026577659e-16f,-0.6298831250000001f,0f,1.009454973890002f,-0.044073755983724566f,-1.7824394484218278f,-1.2374035366384712e-16f,-0.044073755983724566f,-1.009454973890002f,1.484674834245612f,0f,0f,0f,1f],start_interpolation:0}
execute if entity @s[tag=aj.animal_wolf.bone.front_leg_right_under] run data modify entity @s {} merge value {transformation:[-1f,1.224646799147353e-16f,2.465190328815662e-32f,-0.5625000000000001f,0f,2.220446049250313e-16f,-1f,-1.8117363234218278f,-1.2246467991473532e-16f,-1f,-2.220446049250313e-16f,1.015924834245612f,0f,0f,0f,1f],start_interpolation:0}
execute if entity @s[tag=aj.animal_wolf.bone.front_leg_right] run data modify entity @s {} merge value {transformation:[-1f,9.029043306084033e-17f,8.273593852918141e-17f,-0.5625f,0f,0.6755902076156602f,-0.737277336810124f,-1.4375f,-1.2246467991473532e-16f,-0.737277336810124f,-0.6755902076156602f,0.46874999999999994f,0f,0f,0f,1f],start_interpolation:0}
execute if entity @s[tag=aj.animal_wolf.bone.front_body] run data modify entity @s {} merge value {transformation:[-1f,0f,1.2246467991473532e-16f,-4.305398903252414e-17f,0f,1f,0f,-1.4609375f,-1.2246467991473532e-16f,0f,-1f,0.3515625f,0f,0f,0f,1f],start_interpolation:0}