execute if entity @s[tag=aj.animal_wolf.bone.rear_leg_right_under] run data modify entity @s {} merge value {transformation:[-1f,-7.198293278059968e-17f,9.907600726170916e-17f,0.46875000000000017f,0f,0.8090169943749475f,0.5877852522924731f,-1.5353602525454786f,-1.2246467991473532e-16f,0.5877852522924731f,-0.8090169943749475f,-1.2884610907777296f,0f,0f,0f,1f],start_interpolation:0}
execute if entity @s[tag=aj.animal_wolf.bone.rear_leg_left] run data modify entity @s {} merge value {transformation:[-1f,-3.169619151431765e-17f,1.1829179713786698e-16f,0.4687500000000001f,0f,0.9659258262890683f,0.25881904510252074f,-0.9500000000000002f,-1.2246467991473532e-16f,0.25881904510252074f,-0.9659258262890683f,-0.9375f,0f,0f,0f,1f],start_interpolation:0}
execute if entity @s[tag=aj.animal_wolf.bone.right_leg_left_under] run data modify entity @s {} merge value {transformation:[-1f,-7.198293278059966e-17f,9.907600726170917e-17f,-0.5624999999999999f,0f,0.8090169943749475f,0.5877852522924731f,-1.5529259209532302f,-1.2246467991473532e-16f,0.5877852522924731f,-0.8090169943749475f,-1.257344722236743f,0f,0f,0f,1f],start_interpolation:0}
execute if entity @s[tag=aj.animal_wolf.bone.rear_leg_right] run data modify entity @s {} merge value {transformation:[-1f,-2.5461838666528304e-17f,1.1978853283323184e-16f,-0.4687499999999999f,0f,0.9781476007338057f,0.2079116908177593f,-0.9500000000000002f,-1.2246467991473532e-16f,0.2079116908177593f,-0.9781476007338057f,-0.9375f,0f,0f,0f,1f],start_interpolation:0}
execute if entity @s[tag=aj.animal_wolf.bone.tale] run data modify entity @s {} merge value {transformation:[-1.3229166666666667f,2.5344036244538127e-17f,1.600159472269318e-16f,1.6934569019459494e-16f,0f,1.306629367245651f,-0.20694976104280544f,-0.6453125000000002f,-1.6201056613720195e-16f,-0.20694976104280544f,-1.306629367245651f,-1.3828125f,0f,0f,0f,1f],start_interpolation:0}
execute if entity @s[tag=aj.animal_wolf.bone.rear_body] run data modify entity @s {} merge value {transformation:[-1.171875f,0f,1.4351329677508045e-16f,-4.305398903252414e-17f,0f,1.171875f,0f,-0.9734375000000002f,-1.4351329677508045e-16f,0f,-1.171875f,0.3515625f,0f,0f,0f,1f],start_interpolation:0}
execute if entity @s[tag=aj.animal_wolf.bone.head] run data modify entity @s {} merge value {transformation:[-1f,-4.188538737676991e-17f,1.1507915602278503e-16f,-0.015625000000000146f,0f,0.9396926207859084f,0.34202014332566866f,-0.4593750000000002f,-1.2246467991473532e-16f,0.34202014332566866f,-0.9396926207859084f,1.215625f,0f,0f,0f,1f],start_interpolation:0}
execute if entity @s[tag=aj.animal_wolf.bone.talon_left] run data modify entity @s {} merge value {transformation:[-1.0104166666666665f,2.1595669448346888e-18f,1.2372150740863424e-16f,0.615234375f,0f,1.0102627753142701f,-0.017634202337672f,-1.9253116647098145f,-1.2374035366384712e-16f,-0.017634202337672f,-1.0102627753142701f,1.0626799891927505f,0f,0f,0f,1f],start_interpolation:0}
execute if entity @s[tag=aj.animal_wolf.bone.front_leg_left_under] run data modify entity @s {} merge value {transformation:[-1f,7.198293278059968e-17f,9.907600726170915e-17f,0.600585625f,0f,0.8090169943749473f,-0.5877852522924731f,-1.528864677533302f,-1.2246467991473532e-16f,-0.5877852522924731f,-0.8090169943749473f,0.8108573219377322f,0f,0f,0f,1f],start_interpolation:0}
execute if entity @s[tag=aj.animal_wolf.bone.front_leg_left] run data modify entity @s {} merge value {transformation:[-1f,3.7843667304341506e-17f,1.1647083184890923e-16f,0.5625f,0f,0.9510565162951535f,-0.30901699437494745f,-0.9500000000000002f,-1.2246467991473532e-16f,-0.30901699437494745f,-0.9510565162951535f,0.46875000000000006f,0f,0f,0f,1f],start_interpolation:0}
execute if entity @s[tag=aj.animal_wolf.bone.talon_right] run data modify entity @s {} merge value {transformation:[-1.0104166666666665f,2.1595669448346765e-18f,1.2372150740863427e-16f,-0.629883125f,0f,1.0102627753142701f,-0.017634202337672f,-1.901980995806694f,-1.2374035366384712e-16f,-0.017634202337672f,-1.0102627753142701f,1.0702724745941201f,0f,0f,0f,1f],start_interpolation:0}
execute if entity @s[tag=aj.animal_wolf.bone.front_leg_right_under] run data modify entity @s {} merge value {transformation:[-1f,7.198293278059968e-17f,9.907600726170916e-17f,-0.5625f,0f,0.8090169943749473f,-0.5877852522924731f,-1.5399745507566935f,-1.2246467991473532e-16f,-0.5877852522924731f,-0.8090169943749473f,0.7710464678249449f,0f,0f,0f,1f],start_interpolation:0}
execute if entity @s[tag=aj.animal_wolf.bone.front_leg_right] run data modify entity @s {} merge value {transformation:[-1f,3.98705998260268e-17f,1.157926297142068e-16f,-0.5625f,0f,0.9455185755993168f,-0.3255681544571567f,-0.9500000000000002f,-1.2246467991473532e-16f,-0.3255681544571567f,-0.9455185755993168f,0.46874999999999994f,0f,0f,0f,1f],start_interpolation:0}
execute if entity @s[tag=aj.animal_wolf.bone.front_body] run data modify entity @s {} merge value {transformation:[-1f,0f,1.2246467991473532e-16f,-4.305398903252414e-17f,0f,1f,0f,-0.9734375000000002f,-1.2246467991473532e-16f,0f,-1f,0.3515625f,0f,0f,0f,1f],start_interpolation:0}