execute if entity @s[tag=aj.animal_wolf.bone.rear_leg_right_under] run data modify entity @s {} merge value {transformation:[-1f,3.784366730434151e-17f,1.1647083184890923e-16f,0.4687500000000001f,0f,0.9510565162951535f,-0.3090169943749475f,-0.982071525263997f,-1.2246467991473532e-16f,-0.3090169943749475f,-0.9510565162951535f,-0.913030694246782f,0f,0f,0f,1f],start_interpolation:0}
execute if entity @s[tag=aj.animal_wolf.bone.rear_leg_left] run data modify entity @s {} merge value {transformation:[-1f,3.784366730434151e-17f,1.1647083184890923e-16f,0.4687500000000001f,0f,0.9510565162951535f,-0.3090169943749475f,-0.2999999999999998f,-1.2246467991473532e-16f,-0.3090169943749475f,-0.9510565162951535f,-0.9375f,0f,0f,0f,1f],start_interpolation:0}
execute if entity @s[tag=aj.animal_wolf.bone.right_leg_left_under] run data modify entity @s {} merge value {transformation:[-1f,3.784366730434151e-17f,1.1647083184890923e-16f,-0.5624999999999999f,0f,0.9510565162951535f,-0.3090169943749475f,-0.982071525263997f,-1.2246467991473532e-16f,-0.3090169943749475f,-0.9510565162951535f,-0.913030694246782f,0f,0f,0f,1f],start_interpolation:0}
execute if entity @s[tag=aj.animal_wolf.bone.rear_leg_right] run data modify entity @s {} merge value {transformation:[-1f,3.784366730434151e-17f,1.1647083184890923e-16f,-0.4687499999999999f,0f,0.9510565162951535f,-0.3090169943749475f,-0.2999999999999998f,-1.2246467991473532e-16f,-0.3090169943749475f,-0.9510565162951535f,-0.9375f,0f,0f,0f,1f],start_interpolation:0}
execute if entity @s[tag=aj.animal_wolf.bone.tale] run data modify entity @s {} merge value {transformation:[-1.258168516348797f,-0.07449856295002251f,-0.40195827585894184f,1.6934569019459494e-16f,0f,1.3007643047981483f,-0.2410824139323202f,0.004687500000000178f,0.4088037321418575f,-0.22928300073449862f,-1.2371003682424142f,-1.3828125f,0f,0f,0f,1f],start_interpolation:0}
execute if entity @s[tag=aj.animal_wolf.bone.rear_body] run data modify entity @s {} merge value {transformation:[-1.171875f,0f,1.4351329677508045e-16f,-4.305398903252414e-17f,0f,1.171875f,0f,-0.3234374999999998f,-1.4351329677508045e-16f,0f,-1.171875f,0.3515625f,0f,0f,0f,1f],start_interpolation:0}
execute if entity @s[tag=aj.animal_wolf.bone.head] run data modify entity @s {} merge value {transformation:[-1f,-2.858881176219238e-17f,1.1908097106021811e-16f,-0.015625000000000153f,0f,0.9723699203976766f,0.23344536385590545f,0.1380739178465319f,-1.2246467991473532e-16f,0.23344536385590545f,-0.9723699203976766f,1.2738454522493539f,0f,0f,0f,1f],start_interpolation:0}
execute if entity @s[tag=aj.animal_wolf.bone.talon_left] run data modify entity @s {} merge value {transformation:[-1.0104166666666665f,-3.6025315146536296e-17f,1.1838011570127268e-16f,0.615234375f,0f,0.9666470020882227f,0.2941690222161895f,-1.4290938359829808f,-1.2374035366384712e-16f,0.2941690222161895f,-0.9666470020882227f,0.1870079906083004f,0f,0f,0f,1f],start_interpolation:0}
execute if entity @s[tag=aj.animal_wolf.bone.front_leg_left_under] run data modify entity @s {} merge value {transformation:[-1f,-9.608468044710121e-18f,1.2208716217707887e-16f,0.600585625f,0f,0.996917333733128f,0.07845909572784515f,-0.9640874421157288f,-1.2246467991473532e-16f,0.07845909572784515f,-0.996917333733128f,0.25299225424244054f,0f,0f,0f,1f],start_interpolation:0}
execute if entity @s[tag=aj.animal_wolf.bone.front_leg_left] run data modify entity @s {} merge value {transformation:[-1f,-6.39876194838473e-17f,1.044183048100712e-16f,0.5625f,0f,0.8526401643540921f,0.522498564715949f,-0.3280044585675432f,-1.2246467991473532e-16f,0.522498564715949f,-0.8526401643540921f,0.4709834757619756f,0f,0f,0f,1f],start_interpolation:0}
execute if entity @s[tag=aj.animal_wolf.bone.talon_right] run data modify entity @s {} merge value {transformation:[-1.0104166666666665f,-3.6025315146536296e-17f,1.1838011570127268e-16f,-0.629883125f,0f,0.9666470020882227f,0.2941690222161895f,-1.4061374133745919f,-1.2374035366384712e-16f,0.2941690222161895f,-0.9666470020882227f,0.20045766946461535f,0f,0f,0f,1f],start_interpolation:0}
execute if entity @s[tag=aj.animal_wolf.bone.front_leg_right_under] run data modify entity @s {} merge value {transformation:[-1f,-9.608468044710121e-18f,1.2208716217707887e-16f,-0.5625f,0f,0.996917333733128f,0.07845909572784515f,-0.9365338068670364f,-1.2246467991473532e-16f,0.07845909572784515f,-0.996917333733128f,0.20802880807533003f,0f,0f,0f,1f],start_interpolation:0}
execute if entity @s[tag=aj.animal_wolf.bone.front_leg_right] run data modify entity @s {} merge value {transformation:[-1f,-6.39876194838473e-17f,1.044183048100712e-16f,-0.5625f,0f,0.8526401643540921f,0.522498564715949f,-0.3280044585675432f,-1.2246467991473532e-16f,0.522498564715949f,-0.8526401643540921f,0.4709834757619754f,0f,0f,0f,1f],start_interpolation:0}
execute if entity @s[tag=aj.animal_wolf.bone.front_body] run data modify entity @s {} merge value {transformation:[-1f,-2.858881176219238e-17f,1.1908097106021811e-16f,-4.305398903252414e-17f,0f,0.9723699203976766f,0.23344536385590545f,-0.3234374999999998f,-1.2246467991473532e-16f,0.23344536385590545f,-0.9723699203976766f,0.3515625f,0f,0f,0f,1f],start_interpolation:0}