execute if entity @s[tag=aj.animal_wolf.bone.rear_leg_right_under] run data modify entity @s {} merge value {transformation:[-1f,3.7843667304341506e-17f,1.1647083184890923e-16f,0.4687500000000001f,0f,0.9510565162951535f,-0.30901699437494745f,-0.894571525263997f,-1.2246467991473532e-16f,-0.30901699437494745f,-0.9510565162951535f,-0.9130306942467821f,0f,0f,0f,1f],start_interpolation:0}
execute if entity @s[tag=aj.animal_wolf.bone.rear_leg_left] run data modify entity @s {} merge value {transformation:[-1f,3.7843667304341506e-17f,1.1647083184890923e-16f,0.4687500000000001f,0f,0.9510565162951535f,-0.30901699437494745f,-0.2124999999999999f,-1.2246467991473532e-16f,-0.30901699437494745f,-0.9510565162951535f,-0.9375f,0f,0f,0f,1f],start_interpolation:0}
execute if entity @s[tag=aj.animal_wolf.bone.right_leg_left_under] run data modify entity @s {} merge value {transformation:[-1f,3.7843667304341506e-17f,1.1647083184890923e-16f,-0.5624999999999999f,0f,0.9510565162951535f,-0.30901699437494745f,-0.894571525263997f,-1.2246467991473532e-16f,-0.30901699437494745f,-0.9510565162951535f,-0.9130306942467821f,0f,0f,0f,1f],start_interpolation:0}
execute if entity @s[tag=aj.animal_wolf.bone.rear_leg_right] run data modify entity @s {} merge value {transformation:[-1f,3.7843667304341506e-17f,1.1647083184890923e-16f,-0.4687499999999999f,0f,0.9510565162951535f,-0.30901699437494745f,-0.2124999999999999f,-1.2246467991473532e-16f,-0.30901699437494745f,-0.9510565162951535f,-0.9375f,0f,0f,0f,1f],start_interpolation:0}
execute if entity @s[tag=aj.animal_wolf.bone.tale] run data modify entity @s {} merge value {transformation:[-1.258168516348797f,-0.06042503891547502f,-0.40431337608985296f,1.6934569019459494e-16f,-4.589789196855302e-18f,1.3083855692392026f,-0.19553953347354744f,0.09218750000000009f,0.40880373214185745f,-0.18596914750333157f,-1.2443486214514874f,-1.3828125f,0f,0f,0f,1f],start_interpolation:0}
execute if entity @s[tag=aj.animal_wolf.bone.rear_body] run data modify entity @s {} merge value {transformation:[-1.171875f,0f,1.4351329677508045e-16f,-4.305398903252414e-17f,0f,1.171875f,0f,-0.2359374999999999f,-1.4351329677508045e-16f,0f,-1.171875f,0.3515625f,0f,0f,0f,1f],start_interpolation:0}
execute if entity @s[tag=aj.animal_wolf.bone.head] run data modify entity @s {} merge value {transformation:[-1f,-3.7843667304341506e-17f,1.1647083184890923e-16f,-0.015625000000000156f,0f,0.9510565162951535f,0.30901699437494745f,0.15178974572826848f,-1.2246467991473532e-16f,0.30901699437494745f,-0.9510565162951535f,1.307212130216258f,0f,0f,0f,1f],start_interpolation:0}
execute if entity @s[tag=aj.animal_wolf.bone.talon_left] run data modify entity @s {} merge value {transformation:[-1.0104166666666665f,-2.0567878641930475e-17f,1.2201900463872332e-16f,0.615234375f,0f,0.9963607851968234f,0.16794947454442066f,-1.3365196741867473f,-1.2374035366384712e-16f,0.16794947454442066f,-0.9963607851968234f,0.19830705311532545f,0f,0f,0f,1f],start_interpolation:0}
execute if entity @s[tag=aj.animal_wolf.bone.front_leg_left_under] run data modify entity @s {} merge value {transformation:[-1f,6.409306129323699e-18f,1.2229684632711994e-16f,0.600585625f,0f,0.9986295347545738f,-0.05233595624294385f,-0.8668787998024859f,-1.2246467991473532e-16f,-0.05233595624294385f,-0.9986295347545738f,0.20303129827745842f,0f,0f,0f,1f],start_interpolation:0}
execute if entity @s[tag=aj.animal_wolf.bone.front_leg_left] run data modify entity @s {} merge value {transformation:[-1f,-7.198293278059968e-17f,9.907600726170915e-17f,0.5625f,0f,0.8090169943749473f,0.5877852522924731f,-0.2498600419276464f,-1.2246467991473532e-16f,0.5877852522924731f,-0.8090169943749473f,0.4702570213090012f,0f,0f,0f,1f],start_interpolation:0}
execute if entity @s[tag=aj.animal_wolf.bone.talon_right] run data modify entity @s {} merge value {transformation:[-1.0104166666666665f,-2.0567878641930475e-17f,1.2201900463872332e-16f,-0.629883125f,0f,0.9963607851968234f,0.16794947454442066f,-1.3024566263367765f,-1.2374035366384712e-16f,0.16794947454442066f,-0.9963607851968234f,0.2141574968546097f,0f,0f,0f,1f],start_interpolation:0}
execute if entity @s[tag=aj.animal_wolf.bone.front_leg_right_under] run data modify entity @s {} merge value {transformation:[-1f,6.409306129323699e-18f,1.2229684632711994e-16f,-0.5625f,0f,0.9986295347545738f,-0.05233595624294385f,-0.835882311888625f,-1.2246467991473532e-16f,-0.05233595624294385f,-0.9986295347545738f,0.16036829271471686f,0f,0f,0f,1f],start_interpolation:0}
execute if entity @s[tag=aj.animal_wolf.bone.front_leg_right] run data modify entity @s {} merge value {transformation:[-1f,-7.198293278059968e-17f,9.907600726170915e-17f,-0.5625f,0f,0.8090169943749473f,0.5877852522924731f,-0.2498600419276464f,-1.2246467991473532e-16f,0.5877852522924731f,-0.8090169943749473f,0.47025702130900104f,0f,0f,0f,1f],start_interpolation:0}
execute if entity @s[tag=aj.animal_wolf.bone.front_body] run data modify entity @s {} merge value {transformation:[-1f,-3.7843667304341506e-17f,1.1647083184890923e-16f,-4.305398903252414e-17f,0f,0.9510565162951535f,0.30901699437494745f,-0.2359374999999999f,-1.2246467991473532e-16f,0.30901699437494745f,-0.9510565162951535f,0.3515625f,0f,0f,0f,1f],start_interpolation:0}