execute if entity @s[tag=aj.animal_wolf.bone.rear_leg_right_under] run data modify entity @s {} merge value {transformation:[-1f,-3.7843667304341506e-17f,1.1647083184890923e-16f,0.46875000000000017f,0f,0.9510565162951535f,0.30901699437494745f,-1.1286901523733919f,-1.2246467991473532e-16f,0.30901699437494745f,-0.9510565162951535f,-1.3186154993639005f,0f,0f,0f,1f],start_interpolation:0}
execute if entity @s[tag=aj.animal_wolf.bone.rear_leg_left] run data modify entity @s {} merge value {transformation:[-1f,-3.7843667304341506e-17f,1.1647083184890923e-16f,0.4687500000000001f,0f,0.9510565162951535f,0.30901699437494745f,-0.5625f,-1.2246467991473532e-16f,0.30901699437494745f,-0.9510565162951535f,-0.9375f,0f,0f,0f,1f],start_interpolation:0}
execute if entity @s[tag=aj.animal_wolf.bone.right_leg_left_under] run data modify entity @s {} merge value {transformation:[-1f,-3.7843667304341506e-17f,1.1647083184890923e-16f,-0.5624999999999998f,0f,0.9510565162951535f,0.30901699437494745f,-1.1286901523733919f,-1.2246467991473532e-16f,0.30901699437494745f,-0.9510565162951535f,-1.3186154993639005f,0f,0f,0f,1f],start_interpolation:0}
execute if entity @s[tag=aj.animal_wolf.bone.rear_leg_right] run data modify entity @s {} merge value {transformation:[-1f,-3.7843667304341506e-17f,1.1647083184890923e-16f,-0.4687499999999999f,0f,0.9510565162951535f,0.30901699437494745f,-0.5625f,-1.2246467991473532e-16f,0.30901699437494745f,-0.9510565162951535f,-0.9375f,0f,0f,0f,1f],start_interpolation:0}
execute if entity @s[tag=aj.animal_wolf.bone.tale] run data modify entity @s {} merge value {transformation:[-1.258168516348797f,-0.1161065329005198f,0.39196908606538383f,1.6934569019459494e-16f,9.179578393710605e-18f,1.2684386075860472f,0.3757286330978978f,-0.2578125f,-0.40880373214185783f,0.3573391648664266f,-1.2063568032650613f,-1.3828125f,0f,0f,0f,1f],start_interpolation:0}
execute if entity @s[tag=aj.animal_wolf.bone.talon_left] run data modify entity @s {} merge value {transformation:[-1.0104166666666665f,7.787232775637745e-17f,9.616431611911609e-17f,0.615234375f,0f,0.7852412318888142f,-0.6358758117899398f,-1.5723244886686563f,-1.2374035366384712e-16f,-0.6358758117899398f,-0.7852412318888142f,0.9975616619273137f,0f,0f,0f,1f],start_interpolation:0}
execute if entity @s[tag=aj.animal_wolf.bone.front_leg_left_under] run data modify entity @s {} merge value {transformation:[-1f,5.559780123493433e-17f,1.0911682878666934e-16f,0.600585625f,0f,0.8910065241883678f,-0.4539904997395468f,-1.1413646775333017f,-1.2246467991473532e-16f,-0.4539904997395468f,-0.8910065241883678f,0.8108573219377322f,0f,0f,0f,1f],start_interpolation:0}
execute if entity @s[tag=aj.animal_wolf.bone.front_leg_left] run data modify entity @s {} merge value {transformation:[-1f,3.7843667304341506e-17f,1.1647083184890923e-16f,0.5625f,0f,0.9510565162951535f,-0.30901699437494745f,-0.5625f,-1.2246467991473532e-16f,-0.30901699437494745f,-0.9510565162951535f,0.46875000000000006f,0f,0f,0f,1f],start_interpolation:0}
execute if entity @s[tag=aj.animal_wolf.bone.talon_right] run data modify entity @s {} merge value {transformation:[-1.0104166666666665f,7.787232775637745e-17f,9.616431611911609e-17f,-0.629883125f,0f,0.7852412318888142f,-0.6358758117899398f,-1.5620193008872836f,-1.2374035366384712e-16f,-0.6358758117899398f,-0.7852412318888142f,0.9996157044774736f,0f,0f,0f,1f],start_interpolation:0}
execute if entity @s[tag=aj.animal_wolf.bone.front_leg_right_under] run data modify entity @s {} merge value {transformation:[-1f,5.559780123493433e-17f,1.0911682878666934e-16f,-0.5625f,0f,0.8910065241883678f,-0.4539904997395468f,-1.1576604955960432f,-1.2246467991473532e-16f,-0.4539904997395468f,-0.8910065241883678f,0.7607039509612299f,0f,0f,0f,1f],start_interpolation:0}
execute if entity @s[tag=aj.animal_wolf.bone.front_leg_right] run data modify entity @s {} merge value {transformation:[-1f,3.7843667304341506e-17f,1.1647083184890923e-16f,-0.5625f,0f,0.9510565162951535f,-0.30901699437494745f,-0.5625f,-1.2246467991473532e-16f,-0.30901699437494745f,-0.9510565162951535f,0.46874999999999994f,0f,0f,0f,1f],start_interpolation:0}