execute if entity @s[tag=aj.animal_wolf.bone.rear_leg_right_under] run data modify entity @s {} merge value {transformation:[-1f,-4.981087280387182e-17f,1.1187705205776151e-16f,0.46875000000000017f,0f,0.9135454576426009f,0.4067366430758002f,-1.0857510860012443f,-1.2246467991473532e-16f,0.4067366430758002f,-0.9135454576426009f,-1.3757106953264815f,0f,0f,0f,1f],start_interpolation:0}
execute if entity @s[tag=aj.animal_wolf.bone.rear_leg_left] run data modify entity @s {} merge value {transformation:[-1f,-4.981087280387182e-17f,1.1187705205776151e-16f,0.4687500000000001f,0f,0.9135454576426009f,0.4067366430758002f,-0.5625f,-1.2246467991473532e-16f,0.4067366430758002f,-0.9135454576426009f,-0.9375f,0f,0f,0f,1f],start_interpolation:0}
execute if entity @s[tag=aj.animal_wolf.bone.right_leg_left_under] run data modify entity @s {} merge value {transformation:[-1f,-4.981087280387182e-17f,1.1187705205776151e-16f,-0.5624999999999998f,0f,0.9135454576426009f,0.4067366430758002f,-1.0857510860012443f,-1.2246467991473532e-16f,0.4067366430758002f,-0.9135454576426009f,-1.3757106953264815f,0f,0f,0f,1f],start_interpolation:0}
execute if entity @s[tag=aj.animal_wolf.bone.rear_leg_right] run data modify entity @s {} merge value {transformation:[-1f,-4.981087280387182e-17f,1.1187705205776151e-16f,-0.4687499999999999f,0f,0.9135454576426009f,0.4067366430758002f,-0.5625f,-1.2246467991473532e-16f,0.4067366430758002f,-0.9135454576426009f,-0.9375f,0f,0f,0f,1f],start_interpolation:0}
execute if entity @s[tag=aj.animal_wolf.bone.tale] run data modify entity @s {} merge value {transformation:[-1.2085445116730242f,-0.20156782282881516f,0.4988978683553456f,1.6934569019459494e-16f,1.835915678742121e-17f,1.226586974270646f,0.49557330587313375f,-0.2578125f,-0.5380786840690276f,0.4527287425093286f,-1.1205429587485305f,-1.3828125f,0f,0f,0f,1f],start_interpolation:0}
execute if entity @s[tag=aj.animal_wolf.bone.talon_left] run data modify entity @s {} merge value {transformation:[-1.0104166666666665f,9.750872934221048e-17f,7.618216869400286e-17f,0.615234375f,0f,0.6220746156936339f,-0.7962191989567918f,-1.4988806308039129f,-1.2374035366384712e-16f,-0.7962191989567918f,-0.6220746156936339f,1.1213137246703777f,0f,0f,0f,1f],start_interpolation:0}
execute if entity @s[tag=aj.animal_wolf.bone.front_leg_left_under] run data modify entity @s {} merge value {transformation:[-1f,7.198293278059966e-17f,9.907600726170917e-17f,0.600585625f,0f,0.8090169943749475f,-0.5877852522924731f,-1.1024336436274003f,-1.2246467991473532e-16f,-0.5877852522924731f,-0.8090169943749475f,0.8694910574153594f,0f,0f,0f,1f],start_interpolation:0}
execute if entity @s[tag=aj.animal_wolf.bone.front_leg_left] run data modify entity @s {} merge value {transformation:[-1f,4.981087280387182e-17f,1.1187705205776151e-16f,0.5625f,0f,0.9135454576426009f,-0.4067366430758002f,-0.5625f,-1.2246467991473532e-16f,-0.4067366430758002f,-0.9135454576426009f,0.46875000000000006f,0f,0f,0f,1f],start_interpolation:0}
execute if entity @s[tag=aj.animal_wolf.bone.talon_right] run data modify entity @s {} merge value {transformation:[-1.0104166666666665f,9.750872934221048e-17f,7.618216869400286e-17f,-0.629883125f,0f,0.6220746156936339f,-0.7962191989567918f,-1.485889091339601f,-1.2374035366384712e-16f,-0.7962191989567918f,-0.6220746156936339f,1.1205418154416629f,0f,0f,0f,1f],start_interpolation:0}
execute if entity @s[tag=aj.animal_wolf.bone.front_leg_right_under] run data modify entity @s {} merge value {transformation:[-1f,7.198293278059966e-17f,9.907600726170917e-17f,-0.5625f,0f,0.8090169943749475f,-0.5877852522924731f,-1.1238826462896006f,-1.2246467991473532e-16f,-0.5877852522924731f,-0.8090169943749475f,0.8213158086724877f,0f,0f,0f,1f],start_interpolation:0}
execute if entity @s[tag=aj.animal_wolf.bone.front_leg_right] run data modify entity @s {} merge value {transformation:[-1f,4.981087280387182e-17f,1.1187705205776151e-16f,-0.5625f,0f,0.9135454576426009f,-0.4067366430758002f,-0.5625f,-1.2246467991473532e-16f,-0.4067366430758002f,-0.9135454576426009f,0.46874999999999994f,0f,0f,0f,1f],start_interpolation:0}