execute if entity @s[tag=aj.animal_wolf.bone.rear_leg_right_under] run data modify entity @s {} merge value {transformation:[-1f,4.98108728038718e-17f,1.1187705205776151e-16f,0.4687500000000001f,0f,0.913545457642601f,-0.4067366430758001f,-0.8445273271546695f,-1.2246467991473532e-16f,-0.4067366430758001f,-0.913545457642601f,-0.8418688512894938f,0f,0f,0f,1f],start_interpolation:0}
execute if entity @s[tag=aj.animal_wolf.bone.rear_leg_left] run data modify entity @s {} merge value {transformation:[-1f,4.98108728038718e-17f,1.1187705205776151e-16f,0.4687500000000001f,0f,0.913545457642601f,-0.4067366430758001f,-0.16875000000000018f,-1.2246467991473532e-16f,-0.4067366430758001f,-0.913545457642601f,-0.9375f,0f,0f,0f,1f],start_interpolation:0}
execute if entity @s[tag=aj.animal_wolf.bone.right_leg_left_under] run data modify entity @s {} merge value {transformation:[-1f,4.98108728038718e-17f,1.1187705205776151e-16f,-0.5624999999999999f,0f,0.913545457642601f,-0.4067366430758001f,-0.8445273271546695f,-1.2246467991473532e-16f,-0.4067366430758001f,-0.913545457642601f,-0.8418688512894938f,0f,0f,0f,1f],start_interpolation:0}
execute if entity @s[tag=aj.animal_wolf.bone.rear_leg_right] run data modify entity @s {} merge value {transformation:[-1f,4.98108728038718e-17f,1.1187705205776151e-16f,-0.4687499999999999f,0f,0.913545457642601f,-0.4067366430758001f,-0.16875000000000018f,-1.2246467991473532e-16f,-0.4067366430758001f,-0.913545457642601f,-0.9375f,0f,0f,0f,1f],start_interpolation:0}
execute if entity @s[tag=aj.animal_wolf.bone.tale] run data modify entity @s {} merge value {transformation:[-1.2085445116730242f,-0.12104136730128699f,-0.524287762255892f,1.6934569019459494e-16f,0f,1.2890103982054675f,-0.29759149897573794f,0.13593749999999982f,0.538078684069027f,-0.27186336212233814f,-1.177569594134685f,-1.3828125f,0f,0f,0f,1f],start_interpolation:0}
execute if entity @s[tag=aj.animal_wolf.bone.rear_body] run data modify entity @s {} merge value {transformation:[-1.171875f,0f,1.4351329677508045e-16f,-4.305398903252414e-17f,0f,1.171875f,0f,-0.19218750000000018f,-1.4351329677508045e-16f,0f,-1.171875f,0.3515625f,0f,0f,0f,1f],start_interpolation:0}
execute if entity @s[tag=aj.animal_wolf.bone.head] run data modify entity @s {} merge value {transformation:[-1f,-4.2387114608025344e-17f,1.1489530165252494e-16f,-0.01562500000000016f,0f,0.9381913359224842f,0.3461170570774929f,0.1577221936608152f,-1.2246467991473532e-16f,0.3461170570774929f,-0.9381913359224842f,1.3216974592168578f,0f,0f,0f,1f],start_interpolation:0}
execute if entity @s[tag=aj.animal_wolf.bone.talon_left] run data modify entity @s {} merge value {transformation:[-1.0104166666666665f,-4.005917952477097e-17f,1.1707662986546947e-16f,0.615234375f,0f,0.9560032324992217f,0.32710802455582877f,-1.2502862037769087f,-1.2374035366384712e-16f,0.32710802455582877f,-0.9560032324992217f,0.06894364211823499f,0f,0f,0f,1f],start_interpolation:0}
execute if entity @s[tag=aj.animal_wolf.bone.front_leg_left_under] run data modify entity @s {} merge value {transformation:[-1f,-4.807940770445834e-18f,1.2237026408472961e-16f,0.600585625f,0f,0.999229036240723f,0.03925981575906862f,-0.7830477829538862f,-1.2246467991473532e-16f,0.03925981575906862f,-0.999229036240723f,0.11662096892641333f,0f,0f,0f,1f],start_interpolation:0}
execute if entity @s[tag=aj.animal_wolf.bone.front_leg_left] run data modify entity @s {} merge value {transformation:[-1f,-8.545468531206732e-17f,8.772168822380314e-17f,0.5625f,0f,0.7163019434246545f,0.69779045984168f,-0.21075923319058565f,-1.2246467991473532e-16f,0.69779045984168f,-0.7163019434246545f,0.4696189157036699f,0f,0f,0f,1f],start_interpolation:0}
execute if entity @s[tag=aj.animal_wolf.bone.talon_right] run data modify entity @s {} merge value {transformation:[-1.0104166666666665f,-4.005917952477097e-17f,1.1707662986546947e-16f,-0.629883125f,0f,0.9560032324992217f,0.32710802455582877f,-1.215789039825828f,-1.2374035366384712e-16f,0.32710802455582877f,-0.9560032324992217f,0.08971848316268018f,0f,0f,0f,1f],start_interpolation:0}
execute if entity @s[tag=aj.animal_wolf.bone.front_leg_right_under] run data modify entity @s {} merge value {transformation:[-1f,-4.807940770445834e-18f,1.2237026408472961e-16f,-0.5625f,0f,0.999229036240723f,0.03925981575906862f,-0.7462502391731727f,-1.2246467991473532e-16f,0.03925981575906862f,-0.999229036240723f,0.07884723362862867f,0f,0f,0f,1f],start_interpolation:0}
execute if entity @s[tag=aj.animal_wolf.bone.front_leg_right] run data modify entity @s {} merge value {transformation:[-1f,-8.545468531206732e-17f,8.772168822380314e-17f,-0.5625f,0f,0.7163019434246545f,0.69779045984168f,-0.21075923319058565f,-1.2246467991473532e-16f,0.69779045984168f,-0.7163019434246545f,0.46961891570366976f,0f,0f,0f,1f],start_interpolation:0}
execute if entity @s[tag=aj.animal_wolf.bone.front_body] run data modify entity @s {} merge value {transformation:[-1f,-4.2387114608025344e-17f,1.1489530165252494e-16f,-4.305398903252414e-17f,0f,0.9381913359224842f,0.3461170570774929f,-0.19218750000000018f,-1.2246467991473532e-16f,0.3461170570774929f,-0.9381913359224842f,0.3515625f,0f,0f,0f,1f],start_interpolation:0}