execute if entity @s[tag=aj.animal_bear.bone.front_leg_right_under2] run data modify entity @s {} merge value {transformation:[-0.9940563382223196f,-0.0338675202898813f,0.10346490955608008f,-0.927510722115325f,0f,0.9503800829845611f,0.3110911407710909f,-1.0914766445532846f,-0.10886687485196474f,0.30924212024831477f,-0.944731345211057f,-1.4823529059706622f,0f,0f,0f,1f],start_interpolation:0}
execute if entity @s[tag=aj.animal_bear.bone.rear_leg_right] run data modify entity @s {} merge value {transformation:[-0.9940563382223196f,0.015386503559886303f,0.10777407827597023f,-0.8433694050854482f,0f,0.9899620837148079f,-0.14133319782356754f,-0.26125000000000004f,-0.10886687485196474f,-0.14049316109774626f,-0.9840780839164793f,-1.788862205014075f,0f,0f,0f,1f],start_interpolation:0}
execute if entity @s[tag=aj.animal_bear.bone.front_leg_left_under2] run data modify entity @s {} merge value {transformation:[-0.9940563382223196f,-0.07945802066134057f,0.07442055759409041f,0.9385236642643637f,0f,0.6835923020228714f,0.7298640726978356f,-1.1463286481661021f,-0.10886687485196474f,0.7255260075060395f,-0.6795292605858214f,-1.6605366661631351f,0f,0f,0f,1f],start_interpolation:0}
execute if entity @s[tag=aj.animal_bear.bone.rear_leg_left] run data modify entity @s {} merge value {transformation:[-0.9940563382223196f,-0.031602385630104535f,0.1041791037709555f,0.8813183417302765f,0f,0.9569403357322088f,0.29028467725446244f,-0.26125000000000004f,-0.10886687485196474f,0.28855932331361883f,-0.9512526060351967f,-1.5999781771459163f,0f,0f,0f,1f],start_interpolation:0}
execute if entity @s[tag=aj.animal_bear.bone.head] run data modify entity @s {} merge value {transformation:[-1.0000000000000002f,0f,1.249000902703301e-16f,-0.09309312199952591f,0f,1f,0f,-0.31399499999999997f,-1.249000902703301e-16f,0f,-1.0000000000000002f,0.9688319410619967f,0f,0f,0f,1f],start_interpolation:0}
execute if entity @s[tag=aj.animal_bear.bone.front_leg_left_under] run data modify entity @s {} merge value {transformation:[-1.0000000000000002f,6.362622139665622e-17f,1.0747900492803374e-16f,1.0746793780004746f,0f,0.860519833856079f,-0.5094169368408419f,-1.0802907006235034f,-1.249000902703301e-16f,-0.509416936840842f,-0.8605198338560792f,0.9578684209598934f,0f,0f,0f,1f],start_interpolation:0}
execute if entity @s[tag=aj.animal_bear.bone.front_leg_left] run data modify entity @s {} merge value {transformation:[-1.0000000000000002f,3.232652209698549e-17f,1.2064422289794784e-16f,0.8994068780004745f,0f,0.9659258262890683f,-0.25881904510252085f,-0.26125000000000004f,-1.249000902703301e-16f,-0.2588190451025209f,-0.9659258262890685f,0.6676369410619968f,0f,0f,0f,1f],start_interpolation:0}
execute if entity @s[tag=aj.animal_bear.bone.front_leg_right_under] run data modify entity @s {} merge value {transformation:[-1.0000000000000002f,-3.755818150289551e-17f,1.1911933324079753e-16f,-1.3637962469995262f,0f,0.9537169507482269f,0.3007057995042732f,-1.0573923410191421f,-1.249000902703301e-16f,0.30070579950427323f,-0.9537169507482272f,0.41033419103449176f,0f,0f,0f,1f],start_interpolation:0}
execute if entity @s[tag=aj.animal_bear.bone.front_leg_right] run data modify entity @s {} merge value {transformation:[-1.0000000000000002f,-3.755818150289551e-17f,1.1911933324079753e-16f,-1.210593121999526f,0f,0.9537169507482269f,0.3007057995042732f,-0.26125000000000004f,-1.249000902703301e-16f,0.30070579950427323f,-0.9537169507482272f,0.6676369410619963f,0f,0f,0f,1f],start_interpolation:0}
execute if entity @s[tag=aj.animal_bear.bone.front_body] run data modify entity @s {} merge value {transformation:[-2.2812500000000004f,0f,2.8492833092919057e-16f,-0.1555931219995257f,0f,2.28125f,0f,0.10668749999999999f,-2.8492833092919057e-16f,0f,-2.2812500000000004f,-0.6745505589380038f,0f,0f,0f,1f],start_interpolation:0}
execute if entity @s[tag=aj.animal_bear.bone.rear_body] run data modify entity @s {} merge value {transformation:[-0.9940563382223196f,0f,0.10886687485196474f,0.015625000000000187f,0f,1f,0f,-0.36953125000000003f,-0.10886687485196474f,0f,-0.9940563382223196f,-1.5203125f,0f,0f,0f,1f],start_interpolation:0}