execute if entity @s[tag=aj.animal_bear.bone.front_leg_right_under2] run data modify entity @s {} merge value {transformation:[-0.9818347397072953f,-0.007242265595213543f,0.18959982461214503f,-0.9631933279680723f,0f,0.9992712675506252f,0.03816980282588167f,-1.0118368934565238f,-0.18973809291733637f,0.03747643842222831f,-0.9811192448725472f,-1.3746362267947845f,0f,0f,0f,1f],start_interpolation:0}
execute if entity @s[tag=aj.animal_bear.bone.rear_leg_right] run data modify entity @s {} merge value {transformation:[-0.9818347397072953f,0.07069316930642863f,0.17607674382870778f,-0.8185501040136545f,0f,0.9279989121921846f,-0.3725829021441029f,-0.28f,-0.18973809291733637f,-0.3658148367460439f,-0.9111415704008667f,-1.8581619159756069f,0f,0f,0f,1f],start_interpolation:0}
execute if entity @s[tag=aj.animal_bear.bone.front_leg_left_under2] run data modify entity @s {} merge value {transformation:[-0.9818347397072953f,-0.15482846612768048f,0.10967538456945326f,0.9740832639286606f,0f,0.5780356642313033f,0.8160115016816099f,-1.1424364006325745f,-0.18973809291733637f,0.8011884403517224f,-0.5675354959320752f,-1.725332585775027f,0f,0f,0f,1f],start_interpolation:0}
execute if entity @s[tag=aj.animal_bear.bone.rear_leg_left] run data modify entity @s {} merge value {transformation:[-0.9818347397072953f,-0.08391901260105986f,0.1701709235679554f,0.884933169378503f,0f,0.8968727415326883f,0.44228869021900125f,-0.28f,-0.18973809291733637f,0.43425440103665364f,-0.8805808147333153f,-1.5289663247640282f,0f,0f,0f,1f],start_interpolation:0}
execute if entity @s[tag=aj.animal_bear.bone.head] run data modify entity @s {} merge value {transformation:[-1f,0f,1.1102230246251565e-16f,-0.16163701264046837f,0f,1f,0f,-0.33274499999999996f,-1.1102230246251565e-16f,0f,-1f,0.95201094092679f,0f,0f,0f,1f],start_interpolation:0}
execute if entity @s[tag=aj.animal_bear.bone.front_leg_left_under] run data modify entity @s {} merge value {transformation:[-1f,8.80799145054606e-17f,6.758609549891942e-17f,1.0061354873595318f,0f,0.6087614290087205f,-0.793353340291235f,-1.026681710350183f,-1.1102230246251565e-16f,-0.793353340291235f,-0.6087614290087205f,1.0952576183492477f,0f,0f,0f,1f],start_interpolation:0}
execute if entity @s[tag=aj.animal_bear.bone.front_leg_left] run data modify entity @s {} merge value {transformation:[-1f,4.9103908741243845e-17f,9.957287678082774e-17f,0.8308629873595318f,0f,0.8968727415326883f,-0.44228869021900125f,-0.28f,-1.1102230246251565e-16f,-0.44228869021900125f,-0.8968727415326883f,0.6508159409267903f,0f,0f,0f,1f],start_interpolation:0}
execute if entity @s[tag=aj.animal_bear.bone.front_leg_right_under] run data modify entity @s {} merge value {transformation:[-1f,-4.910390874124384e-17f,9.957287678082775e-17f,-1.4323401376404685f,0f,0.8968727415326884f,0.4422886902190012f,-0.9969173512017938f,-1.1102230246251565e-16f,0.4422886902190012f,-0.8968727415326884f,0.2194496883281885f,0f,0f,0f,1f],start_interpolation:0}
execute if entity @s[tag=aj.animal_bear.bone.front_leg_right] run data modify entity @s {} merge value {transformation:[-1f,-5.655664124147217e-17f,9.553689326936332e-17f,-1.2791370126404684f,0f,0.860519833856079f,0.5094169368408418f,-0.28f,-1.1102230246251565e-16f,0.5094169368408418f,-0.860519833856079f,0.6508159409267898f,0f,0f,0f,1f],start_interpolation:0}
execute if entity @s[tag=aj.animal_bear.bone.front_body] run data modify entity @s {} merge value {transformation:[-2.28125f,0f,2.5326962749261384e-16f,-0.22413701264046818f,0f,2.28125f,0f,0.0879375f,-2.5326962749261384e-16f,0f,-2.28125f,-0.69137155907321f,0f,0f,0f,1f],start_interpolation:0}
execute if entity @s[tag=aj.animal_bear.bone.rear_body] run data modify entity @s {} merge value {transformation:[-0.9818347397072953f,0f,0.18973809291733637f,0.015625000000000187f,0f,1f,0f,-0.38828125f,-0.18973809291733637f,0f,-0.9818347397072953f,-1.5203125f,0f,0f,0f,1f],start_interpolation:0}