execute if entity @s[tag=aj.animal_bear.bone.front_leg_right_under2] run data modify entity @s {} merge value {transformation:[-0.9907182083488126f,0.08850588165771343f,-0.10317044420816199f,-0.9618303692208062f,0f,0.7589872812471619f,0.6511054499119492f,-1.1248735140075619f,0.13593171685121408f,0.6450620247829139f,-0.7519425194367244f,-1.7776868122339746f,0f,0f,0f,1f],start_interpolation:0}
execute if entity @s[tag=aj.animal_bear.bone.rear_leg_right] run data modify entity @s {} merge value {transformation:[-0.9907182083488126f,0.060785098205120916f,-0.12158373033556935f,-0.8828786748894274f,0f,0.8944471029425052f,0.44717376939816095f,-0.26359375000000007f,0.13593171685121408f,0.4430231956387311f,-0.8861450312899847f,-1.5720954918162688f,0f,0f,0f,1f],start_interpolation:0}
execute if entity @s[tag=aj.animal_bear.bone.front_leg_left_under2] run data modify entity @s {} merge value {transformation:[-0.9907182083488126f,0f,-0.13593171685121408f,0.9399303210703673f,0f,1f,0f,-1.0569009792189035f,0.13593171685121408f,0f,-0.9907182083488126f,-1.4204196128015634f,0f,0f,0f,1f],start_interpolation:0}
execute if entity @s[tag=aj.animal_bear.bone.rear_leg_left] run data modify entity @s {} merge value {transformation:[-0.9907182083488126f,-0.03302871301506753f,-0.1318580136460691f,0.8360174165957626f,0f,0.970031253194544f,-0.24298017990326393f,-0.26359375000000007f,0.13593171685121408f,-0.2407248884980338f,-0.961027625207252f,-1.8079370205531253f,0f,0f,0f,1f],start_interpolation:0}
execute if entity @s[tag=aj.animal_bear.bone.head] run data modify entity @s {} merge value {transformation:[-1f,0f,1.1102230246251565e-16f,0.11754145914176112f,0f,1f,0f,-0.31633875f,-1.1102230246251565e-16f,0f,-1f,0.9850881256787619f,0f,0f,0f,1f],start_interpolation:0}
execute if entity @s[tag=aj.animal_bear.bone.front_leg_left_under] run data modify entity @s {} merge value {transformation:[-1f,-3.8540310824870957e-17f,1.041181832611415e-16f,1.2853139591417615f,0f,0.9378132226747398f,0.34714025893926387f,-1.1058451747239277f,-1.1102230246251565e-16f,0.34714025893926387f,-0.9378132226747398f,0.47017714884952205f,0f,0f,0f,1f],start_interpolation:0}
execute if entity @s[tag=aj.animal_bear.bone.front_leg_left] run data modify entity @s {} merge value {transformation:[-1f,-3.5686949540276924e-17f,1.0513036324767473e-16f,1.1100414591417613f,0f,0.9469301294951056f,0.3214394653031617f,-0.26359375000000007f,-1.1102230246251565e-16f,0.3214394653031617f,-0.9469301294951056f,0.6838931256787623f,0f,0f,0f,1f],start_interpolation:0}
execute if entity @s[tag=aj.animal_bear.bone.front_leg_right_under] run data modify entity @s {} merge value {transformation:[-1f,4.136501165420448e-17f,1.0302857591428621e-16f,-1.153161665858239f,0f,0.9279989121921844f,-0.37258290214410306f,-1.042251238586764f,-1.1102230246251565e-16f,-0.37258290214410306f,-0.9279989121921844f,0.9900627646093882f,0f,0f,0f,1f],start_interpolation:0}
execute if entity @s[tag=aj.animal_bear.bone.front_leg_right] run data modify entity @s {} merge value {transformation:[-1f,4.136501165420448e-17f,1.0302857591428621e-16f,-0.9999585408582389f,0f,0.9279989121921844f,-0.37258290214410306f,-0.26359375000000007f,-1.1102230246251565e-16f,-0.37258290214410306f,-0.9279989121921844f,0.6838931256787618f,0f,0f,0f,1f],start_interpolation:0}
execute if entity @s[tag=aj.animal_bear.bone.front_body] run data modify entity @s {} merge value {transformation:[-2.28125f,0f,2.5326962749261384e-16f,0.05504145914176129f,0f,2.28125f,0f,0.10434374999999996f,-2.5326962749261384e-16f,0f,-2.28125f,-0.658294374321238f,0f,0f,0f,1f],start_interpolation:0}
execute if entity @s[tag=aj.animal_bear.bone.rear_body] run data modify entity @s {} merge value {transformation:[-0.9907182083488126f,0f,-0.13593171685121408f,0.015625000000000187f,0f,1f,0f,-0.37187500000000007f,0.13593171685121408f,0f,-0.9907182083488126f,-1.5203125f,0f,0f,0f,1f],start_interpolation:0}