execute if entity @s[tag=aj.animal_bear.bone.front_leg_right_under2] run data modify entity @s {} merge value {transformation:[-0.9996281756082517f,0.00385378735426769f,-0.0269936817264064f,-0.919091846089964f,0f,0.9899620837148079f,0.14133319782356768f,-1.1260567073722005f,0.027267389499518287f,0.14128064669325308f,-0.9895939916651768f,-1.5559519794311725f,0f,0f,0f,1f],start_interpolation:0}
execute if entity @s[tag=aj.animal_bear.bone.rear_leg_right] run data modify entity @s {} merge value {transformation:[-0.9996281756082517f,0.002524628114774236f,-0.027150263037409632f,-0.8719008204503598f,0f,0.995704522352214f,0.09258781867691576f,-0.24562500000000004f,0.027267389499518287f,0.09255339226755291f,-0.9953342951238293f,-1.669604998355294f,0f,0f,0f,1f],start_interpolation:0}
execute if entity @s[tag=aj.animal_bear.bone.front_leg_left_under2] run data modify entity @s {} merge value {transformation:[-0.9996281756082517f,0f,-0.027267389499518287f,0.919132906139556f,0f,1f,0f,-1.1013438997643739f,0.027267389499518287f,0f,-0.9996281756082518f,-1.4827416184187725f,0f,0f,0f,1f],start_interpolation:0}
execute if entity @s[tag=aj.animal_bear.bone.rear_leg_left] run data modify entity @s {} merge value {transformation:[-0.9996281756082517f,-0.0013379473877212227f,-0.027234544734695495f,0.862454064229957f,0f,0.9987954562051724f,-0.04906767432741808f,-0.24562500000000004f,0.027267389499518287f,-0.04904942976925678f,-0.9984240796921879f,-1.7169139191369585f,0f,0f,0f,1f],start_interpolation:0}
execute if entity @s[tag=aj.animal_bear.bone.head] run data modify entity @s {} merge value {transformation:[-1f,0f,1.214306433183765e-16f,0.023461961631753847f,0f,1f,0f,-0.29836999999999997f,-1.214306433183765e-16f,0f,-1f,0.9842557282179911f,0f,0f,0f,1f],start_interpolation:0}
execute if entity @s[tag=aj.animal_bear.bone.front_leg_left_under] run data modify entity @s {} merge value {transformation:[-1f,-8.602706033624524e-18f,1.2112553234398523e-16f,1.1912344616317538f,0f,0.9974873642595198f,0.07084460559983419f,-1.1144911684157013f,-1.214306433183765e-16f,0.07084460559983419f,-0.9974873642595198f,0.6946176561913169f,0f,0f,0f,1f],start_interpolation:0}
execute if entity @s[tag=aj.animal_bear.bone.front_leg_left] run data modify entity @s {} merge value {transformation:[-1f,-7.941944057451195e-18f,1.2117065098984608e-16f,1.015961961631754f,0f,0.9978589232386035f,0.06540312923014313f,-0.24562500000000004f,-1.214306433183765e-16f,0.06540312923014313f,-0.9978589232386035f,0.6830607282179915f,0f,0f,0f,1f],start_interpolation:0}
execute if entity @s[tag=aj.animal_bear.bone.front_leg_right_under] run data modify entity @s {} merge value {transformation:[-1f,9.263212098897566e-18f,1.2107681048956325e-16f,-1.2472411633682463f,0f,0.9970861323044666f,-0.07628397450395237f,-1.0803108317508094f,-1.214306433183765e-16f,-0.07628397450395237f,-0.9970861323044666f,0.7409130800251214f,0f,0f,0f,1f],start_interpolation:0}
execute if entity @s[tag=aj.animal_bear.bone.front_leg_right] run data modify entity @s {} merge value {transformation:[-1f,9.263212098897566e-18f,1.2107681048956325e-16f,-1.0940380383682462f,0f,0.9970861323044666f,-0.07628397450395237f,-0.24562500000000004f,-1.214306433183765e-16f,-0.07628397450395237f,-0.9970861323044666f,0.683060728217991f,0f,0f,0f,1f],start_interpolation:0}
execute if entity @s[tag=aj.animal_bear.bone.front_body] run data modify entity @s {} merge value {transformation:[-2.28125f,0f,2.770136550700464e-16f,-0.03903803836824595f,0f,2.28125f,0f,0.12231249999999999f,-2.770136550700464e-16f,0f,-2.28125f,-0.6591267717820088f,0f,0f,0f,1f],start_interpolation:0}
execute if entity @s[tag=aj.animal_bear.bone.rear_body] run data modify entity @s {} merge value {transformation:[-0.9996281756082517f,0f,-0.027267389499518287f,0.015625000000000187f,0f,1f,0f,-0.35390625000000003f,0.027267389499518287f,0f,-0.9996281756082517f,-1.5203125f,0f,0f,0f,1f],start_interpolation:0}