execute if entity @s[tag=aj.animal_bear.bone.front_leg_right_under2] run data modify entity @s {} merge value {transformation:[-0.9762960071199334f,0.19616090753530874f,-0.09147133341434911f,-1.0289975366958735f,0f,0.42261826174069966f,0.9063077870366498f,-1.0586727710685746f,0.21643961393810277f,0.884824673705584f,-0.41260052147341203f,-1.919792567213594f,0f,0f,0f,1f],start_interpolation:0}
execute if entity @s[tag=aj.animal_bear.bone.rear_leg_right] run data modify entity @s {} merge value {transformation:[-0.9762960071199334f,0.14622448371669616f,-0.15957602214449584f,-0.8841051568301808f,0f,0.7372773368101242f,0.6755902076156601f,-0.28937500000000005f,0.21643961393810277f,0.6595760221444957f,-0.7198009200677425f,-1.4984956046757765f,0f,0f,0f,1f],start_interpolation:0}
execute if entity @s[tag=aj.animal_bear.bone.front_leg_left_under2] run data modify entity @s {} merge value {transformation:[-0.9762960071199334f,0f,-0.21643961393810274f,0.9692636994760021f,0f,1f,0f,-1.0156904549100787f,0.21643961393810277f,0f,-0.9762960071199333f,-1.3868519286753456f,0f,0f,0f,1f],start_interpolation:0}
execute if entity @s[tag=aj.animal_bear.bone.rear_leg_left] run data modify entity @s {} merge value {transformation:[-0.9762960071199334f,-0.08282785436160808f,-0.19996412934205776f,0.8097684155229037f,0f,0.9238795325112867f,-0.3826834323650897f,-0.28937500000000005f,0.21643961393810277f,-0.3736123070089882f,-0.9019798986505999f,-1.874018334858385f,0f,0f,0f,1f],start_interpolation:0}
execute if entity @s[tag=aj.animal_bear.bone.head] run data modify entity @s {} merge value {transformation:[-1f,0f,1.1102230246251565e-16f,0.1878546676718123f,0f,1f,0f,-0.34212f,-1.1102230246251565e-16f,0f,-1f,0.978983725957607f,0f,0f,0f,1f],start_interpolation:0}
execute if entity @s[tag=aj.animal_bear.bone.front_leg_left_under] run data modify entity @s {} merge value {transformation:[-1f,-5.965223963087227e-17f,9.363526019133658e-17f,1.3556271676718126f,0f,0.8433914458128857f,0.5372996083468238f,-1.07374888102827f,-1.1102230246251565e-16f,0.5372996083468238f,-0.8433914458128857f,0.3038641400285569f,0f,0f,0f,1f],start_interpolation:0}
execute if entity @s[tag=aj.animal_bear.bone.front_leg_left] run data modify entity @s {} merge value {transformation:[-1f,-5.551115123125782e-17f,9.61481343191782e-17f,1.1803546676718124f,0f,0.8660254037844387f,0.49999999999999994f,-0.28937500000000005f,-1.1102230246251565e-16f,0.49999999999999994f,-0.8660254037844387f,0.6777887259576073f,0f,0f,0f,1f],start_interpolation:0}
execute if entity @s[tag=aj.animal_bear.bone.front_leg_right_under] run data modify entity @s {} merge value {transformation:[-1f,6.367977660193769e-17f,9.094414602384047e-17f,-1.0828484573281878f,0f,0.8191520442889918f,-0.573576436351046f,-0.9781677454136026f,-1.1102230246251565e-16f,-0.573576436351046f,-0.8191520442889918f,1.1527749217578096f,0f,0f,0f,1f],start_interpolation:0}
execute if entity @s[tag=aj.animal_bear.bone.front_leg_right] run data modify entity @s {} merge value {transformation:[-1f,6.367977660193769e-17f,9.094414602384047e-17f,-0.9296453323281877f,0f,0.8191520442889918f,-0.573576436351046f,-0.28937500000000005f,-1.1102230246251565e-16f,-0.573576436351046f,-0.8191520442889918f,0.6777887259576069f,0f,0f,0f,1f],start_interpolation:0}
execute if entity @s[tag=aj.animal_bear.bone.front_body] run data modify entity @s {} merge value {transformation:[-2.28125f,0f,2.5326962749261384e-16f,0.12535466767181247f,0f,2.28125f,0f,0.07856249999999998f,-2.5326962749261384e-16f,0f,-2.28125f,-0.664398774042393f,0f,0f,0f,1f],start_interpolation:0}
execute if entity @s[tag=aj.animal_bear.bone.rear_body] run data modify entity @s {} merge value {transformation:[-0.9762960071199334f,0f,-0.21643961393810277f,0.015625000000000187f,0f,1f,0f,-0.39765625000000004f,0.21643961393810277f,0f,-0.9762960071199334f,-1.5203125f,0f,0f,0f,1f],start_interpolation:0}