execute if entity @s[tag=aj.animal_bear.bone.front_leg_right_under2] run data modify entity @s {} merge value {transformation:[-0.986643332084879f,0.13690524016000355f,-0.08827168554626603f,-0.9864986843805154f,0f,0.5418915805747517f,0.840448401094438f,-1.0973308591542126f,0.16289547339458857f,0.8292228109012252f,-0.5346537146870147f,-1.860046624988927f,0f,0f,0f,1f],start_interpolation:0}
execute if entity @s[tag=aj.animal_bear.bone.rear_leg_right] run data modify entity @s {} merge value {transformation:[-0.986643332084879f,0.09123725135021468f,-0.1349470237482282f,-0.8839565763143326f,0f,0.828427094602809f,0.5600969103003055f,-0.27140625f,0.16289547339458857f,0.552615881869139f,-0.8173620690083108f,-1.5475763879668754f,0f,0f,0f,1f],start_interpolation:0}
execute if entity @s[tag=aj.animal_bear.bone.front_leg_left_under2] run data modify entity @s {} merge value {transformation:[-0.986643332084879f,0.022142661365817717f,-0.16138351154961844f,0.9465039053361397f,0f,0.9907182083488127f,0.13593171685121425f,-1.0512650452664f,0.16289547339458857f,0.1341161220501003f,-0.9774855142424339f,-1.4202608252128552f,0f,0f,0f,1f],start_interpolation:0}
execute if entity @s[tag=aj.animal_bear.bone.rear_leg_left] run data modify entity @s {} merge value {transformation:[-0.986643332084879f,-0.04472924294800048f,-0.1566340642317177f,0.8278696048529326f,0f,0.961561797682962f,-0.2745886181849323f,-0.27140625f,0.16289547339458857f,-0.2709210291985642f,-0.9487185360714439f,-1.8302000343064864f,0f,0f,0f,1f],start_interpolation:0}
execute if entity @s[tag=aj.animal_bear.bone.head] run data modify entity @s {} merge value {transformation:[-0.9999999999999999f,0f,1.1102230246251565e-16f,0.14103178712934336f,0f,1f,0f,-0.32415124999999995f,-1.1102230246251565e-16f,0f,-0.9999999999999999f,0.9836928223693949f,0f,0f,0f,1f],start_interpolation:0}
execute if entity @s[tag=aj.animal_bear.bone.front_leg_left_under] run data modify entity @s {} merge value {transformation:[-0.9999999999999999f,-4.526744805602295e-17f,1.0137460130907335e-16f,1.3088042871293433f,0f,0.9131012333607507f,0.4077329243942365f,-1.0978766561200892f,-1.1102230246251565e-16f,0.4077329243942364f,-0.9131012333607506f,0.4141535490761924f,0f,0f,0f,1f],start_interpolation:0}
execute if entity @s[tag=aj.animal_bear.bone.front_leg_left] run data modify entity @s {} merge value {transformation:[-0.9999999999999999f,-4.248639577543063e-17f,1.0257123289739565e-16f,1.1335317871293433f,0f,0.9238795325112868f,0.3826834323650896f,-0.27140625f,-1.1102230246251565e-16f,0.38268343236508956f,-0.9238795325112867f,0.6824978223693953f,0f,0f,0f,1f],start_interpolation:0}
execute if entity @s[tag=aj.animal_bear.bone.front_leg_right_under] run data modify entity @s {} merge value {transformation:[-0.9999999999999999f,4.910390874124383e-17f,9.957287678082775e-17f,-1.1296713378706564f,0f,0.8968727415326884f,-0.44228869021900113f,-1.0244389967548178f,-1.1102230246251565e-16f,-0.4422886902190011f,-0.8968727415326883f,1.047174411486452f,0f,0f,0f,1f],start_interpolation:0}
execute if entity @s[tag=aj.animal_bear.bone.front_leg_right] run data modify entity @s {} merge value {transformation:[-0.9999999999999999f,4.910390874124383e-17f,9.957287678082775e-17f,-0.9764682128706563f,0f,0.8968727415326884f,-0.44228869021900113f,-0.27140625f,-1.1102230246251565e-16f,-0.4422886902190011f,-0.8968727415326883f,0.6824978223693948f,0f,0f,0f,1f],start_interpolation:0}
execute if entity @s[tag=aj.animal_bear.bone.front_body] run data modify entity @s {} merge value {transformation:[-2.2812499999999996f,0f,2.5326962749261384e-16f,0.07853178712934356f,0f,2.28125f,0f,0.09653125000000001f,-2.5326962749261384e-16f,0f,-2.2812499999999996f,-0.6596896776306048f,0f,0f,0f,1f],start_interpolation:0}
execute if entity @s[tag=aj.animal_bear.bone.rear_body] run data modify entity @s {} merge value {transformation:[-0.986643332084879f,0f,-0.16289547339458857f,0.015625000000000187f,0f,1f,0f,-0.3796875f,0.16289547339458857f,0f,-0.986643332084879f,-1.5203125f,0f,0f,0f,1f],start_interpolation:0}