execute if entity @s[tag=aj.animal_bear.bone.front_leg_right_under2] run data modify entity @s {} merge value {transformation:[-0.9985129789397631f,-0.0005946491716271275f,0.05451125829773966f,-0.9225489047874263f,0f,0.9999405050001499f,0.010908091494182356f,-1.063800940147302f,-0.054514501638006446f,0.010891870932403527f,-0.9984535724102307f,-1.4582864274643657f,0f,0f,0f,1f],start_interpolation:0}
execute if entity @s[tag=aj.animal_bear.bone.rear_leg_right] run data modify entity @s {} merge value {transformation:[-0.9985129789397631f,0.005934823427442066f,0.05419048587829133f,-0.8567319156483364f,0f,0.9940563382223196f,-0.10886687485196457f,-0.22375f,-0.054514501638006446f,-0.10870498751629752f,-0.9925781555123211f,-1.7416352140439297f,0f,0f,0f,1f],start_interpolation:0}
execute if entity @s[tag=aj.animal_bear.bone.front_leg_left_under2] run data modify entity @s {} merge value {transformation:[-0.9985129789397631f,-0.014682938812413882f,0.052499925682529466f,0.921599031925051f,0f,0.9630451367077626f,0.269340053953226f,-1.1078274925349922f,-0.054514501638006446f,0.2689395396206322f,-0.9616130683075195f,-1.5657926820626376f,0f,0f,0f,1f],start_interpolation:0}
execute if entity @s[tag=aj.animal_bear.bone.rear_leg_left] run data modify entity @s {} merge value {transformation:[-0.9985129789397631f,-0.0071155703195827456f,0.05404812251935566f,0.8756881028121527f,0f,0.9914448613738104f,0.13052619222005157f,-0.22375f,-0.054514501638006446f,0.13033209702330784f,-0.9899705619848839f,-1.6470525537019884f,0f,0f,0f,1f],start_interpolation:0}
execute if entity @s[tag=aj.animal_bear.bone.head] run data modify entity @s {} merge value {transformation:[-1f,0f,1.249000902703301e-16f,-0.0467322263248308f,0f,1f,0f,-0.27649499999999994f,-1.249000902703301e-16f,0f,-1f,0.9769081458358897f,0f,0f,0f,1f],start_interpolation:0}
execute if entity @s[tag=aj.animal_bear.bone.front_leg_left_under] run data modify entity @s {} merge value {transformation:[-1f,3.232652209698548e-17f,1.2064422289794781e-16f,1.1210402736751692f,0f,0.9659258262890682f,-0.25881904510252074f,-1.0736665038226407f,-1.249000902703301e-16f,-0.25881904510252074f,-0.9659258262890682f,0.8565553912639468f,0f,0f,0f,1f],start_interpolation:0}
execute if entity @s[tag=aj.animal_bear.bone.front_leg_left] run data modify entity @s {} merge value {transformation:[-1f,1.63027331909269e-17f,1.2383155268364383e-16f,0.9457677736751693f,0f,0.9914448613738104f,-0.13052619222005157f,-0.22375f,-1.249000902703301e-16f,-0.13052619222005157f,-0.9914448613738104f,0.67571314583589f,0f,0f,0f,1f],start_interpolation:0}
execute if entity @s[tag=aj.animal_bear.bone.front_leg_right_under] run data modify entity @s {} merge value {transformation:[-1f,0f,1.249000902703301e-16f,-1.317435351324831f,0f,1f,0f,-1.04976821232718f,-1.249000902703301e-16f,0f,-1f,0.5425168799761959f,0f,0f,0f,1f],start_interpolation:0}
execute if entity @s[tag=aj.animal_bear.bone.front_leg_right] run data modify entity @s {} merge value {transformation:[-1f,-1.9000224667348884e-17f,1.2344644187714313e-16f,-1.1642322263248308f,0f,0.9883615104677607f,0.1521233861899167f,-0.22375f,-1.249000902703301e-16f,0.1521233861899167f,-0.9883615104677607f,0.6757131458358896f,0f,0f,0f,1f],start_interpolation:0}
execute if entity @s[tag=aj.animal_bear.bone.front_body] run data modify entity @s {} merge value {transformation:[-2.28125f,0f,2.8492833092919057e-16f,-0.1092322263248306f,0f,2.28125f,0f,0.14418750000000002f,-2.8492833092919057e-16f,0f,-2.28125f,-0.6664743541641103f,0f,0f,0f,1f],start_interpolation:0}
execute if entity @s[tag=aj.animal_bear.bone.rear_body] run data modify entity @s {} merge value {transformation:[-0.9985129789397631f,0f,0.054514501638006446f,0.015625000000000187f,0f,1f,0f,-0.33203125f,-0.054514501638006446f,0f,-0.9985129789397631f,-1.5203125f,0f,0f,0f,1f],start_interpolation:0}