execute if entity @s[tag=aj.animal_bear.bone.front_leg_right_under2] run data modify entity @s {} merge value {transformation:[-0.9818347397072953f,0.15890192540419493f,-0.10368568853389246f,-1.0038409686725356f,0f,0.5464674327630432f,0.8374803549513079f,-1.0877604613309577f,0.18973809291733618f,0.8222673063135906f,-0.5365407096054164f,-1.8763274833564232f,0f,0f,0f,1f],start_interpolation:0}
execute if entity @s[tag=aj.animal_bear.bone.rear_leg_right] run data modify entity @s {} merge value {transformation:[-0.9818347397072953f,0.1146825084014204f,-0.15115709103666236f,-0.8843655049943555f,0f,0.7966618021322555f,0.6044253246046091f,-0.28078125000000004f,0.18973809291733618f,0.5934457812556638f,-0.7821902331312678f,-1.5230370093603616f,0f,0f,0f,1f],start_interpolation:0}
execute if entity @s[tag=aj.animal_bear.bone.front_leg_left_under2] run data modify entity @s {} merge value {transformation:[-0.9818347397072953f,0f,-0.18973809291733615f,0.9583913987006337f,0f,0.9999999999999999f,0f,-1.0312531955251887f,0.18973809291733618f,0f,-0.9818347397072952f,-1.3964928636170406f,0f,0f,0f,1f],start_interpolation:0}
execute if entity @s[tag=aj.animal_bear.bone.rear_leg_left] run data modify entity @s {} merge value {transformation:[-0.9818347397072953f,-0.06392083830584082f,-0.17864677532546241f,0.8191177683978019f,0f,0.9415440651830207f,-0.3368898533922201f,-0.28078125000000004f,0.18973809291733618f,-0.3307701615153793f,-0.9244406721619198f,-1.8522326005719398f,0f,0f,0f,1f],start_interpolation:0}
execute if entity @s[tag=aj.animal_bear.bone.head] run data modify entity @s {} merge value {transformation:[-1f,0f,1.1102230246251565e-16f,0.16447533456120333f,0f,1f,0f,-0.33352624999999997f,-1.1102230246251565e-16f,0f,-1f,0.9816575179451238f,0f,0f,0f,1f],start_interpolation:0}
execute if entity @s[tag=aj.animal_bear.bone.front_leg_left_under] run data modify entity @s {} merge value {transformation:[-1f,-5.2868802203082976e-17f,9.762602827980659e-17f,1.3322478345612037f,0f,0.8793370891651969f,0.4761998358026579f,-1.0879315643551994f,-1.1102230246251565e-16f,0.4761998358026579f,-0.8793370891651969f,0.3586390395631619f,0f,0f,0f,1f],start_interpolation:0}
execute if entity @s[tag=aj.animal_bear.bone.front_leg_left] run data modify entity @s {} merge value {transformation:[-1f,-4.910390874124386e-17f,9.957287678082774e-17f,1.1569753345612035f,0f,0.8968727415326883f,0.44228869021900136f,-0.28078125000000004f,-1.1102230246251565e-16f,0.44228869021900136f,-0.8968727415326883f,0.6804625179451241f,0f,0f,0f,1f],start_interpolation:0}
execute if entity @s[tag=aj.animal_bear.bone.front_leg_right_under] run data modify entity @s {} merge value {transformation:[-1f,5.655664124147218e-17f,9.553689326936332e-17f,-1.1062277904387967f,0f,0.860519833856079f,-0.5094169368408419f,-1.0038007793339763f,-1.1102230246251565e-16f,-0.5094169368408419f,-0.860519833856079f,1.1015208185839216f,0f,0f,0f,1f],start_interpolation:0}
execute if entity @s[tag=aj.animal_bear.bone.front_leg_right] run data modify entity @s {} merge value {transformation:[-1f,5.655664124147218e-17f,9.553689326936332e-17f,-0.9530246654387966f,0f,0.860519833856079f,-0.5094169368408419f,-0.28078125000000004f,-1.1102230246251565e-16f,-0.5094169368408419f,-0.860519833856079f,0.6804625179451237f,0f,0f,0f,1f],start_interpolation:0}
execute if entity @s[tag=aj.animal_bear.bone.front_body] run data modify entity @s {} merge value {transformation:[-2.28125f,0f,2.5326962749261384e-16f,0.1019753345612035f,0f,2.28125f,0f,0.08715624999999999f,-2.5326962749261384e-16f,0f,-2.28125f,-0.6617249820548762f,0f,0f,0f,1f],start_interpolation:0}
execute if entity @s[tag=aj.animal_bear.bone.rear_body] run data modify entity @s {} merge value {transformation:[-0.9818347397072953f,0f,-0.18973809291733618f,0.015625000000000187f,0f,1f,0f,-0.38906250000000003f,0.18973809291733618f,0f,-0.9818347397072953f,-1.5203125f,0f,0f,0f,1f],start_interpolation:0}