execute if entity @s[tag=aj.animal_bear.bone.front_leg_right_under2] run data modify entity @s {} merge value {transformation:[-0.9940563382223196f,0.0826285733617674f,-0.0708838155309961f,-0.952911722063678f,0f,0.6511054499119492f,0.7589872812471616f,-1.118110173685805f,0.10886687485196432f,0.7544761175538673f,-0.6472354993360682f,-1.79020696889536f,0f,0f,0f,1f],start_interpolation:0}
execute if entity @s[tag=aj.animal_bear.bone.rear_leg_right] run data modify entity @s {} merge value {transformation:[-0.9940563382223196f,0.04708265963162304f,-0.09815915444850773f,-0.8811326022997235f,0f,0.9016439075888162f,0.432479206330166f,-0.25343750000000004f,0.10886687485196432f,0.42990869620185984f,-0.8962848411582022f,-1.5965760873067927f,0f,0f,0f,1f],start_interpolation:0}
execute if entity @s[tag=aj.animal_bear.bone.front_leg_left_under2] run data modify entity @s {} merge value {transformation:[-0.9940563382223196f,0.02932220994634721f,-0.10484371437475687f,0.9296600510778831f,0f,0.9630451367077626f,0.2693400539532263f,-1.0766200213022907f,0.10886687485196432f,0.26773918776934613f,-0.9573211221385317f,-1.4610214081035133f,0f,0f,0f,1f],start_interpolation:0}
execute if entity @s[tag=aj.animal_bear.bone.rear_leg_left] run data modify entity @s {} merge value {transformation:[-0.9940563382223196f,-0.017733921116000147f,-0.10741277615760961f,0.8435551445160012f,0f,0.9866433320848791f,-0.16289547339458849f,-0.25343750000000004f,0.10886687485196432f,-0.16192727779561591f,-0.980779057823763f,-1.7854601151749507f,0f,0f,0f,1f],start_interpolation:0}
execute if entity @s[tag=aj.animal_bear.bone.head] run data modify entity @s {} merge value {transformation:[-1f,0f,1.249000902703301e-16f,0.0940218191522881f,0f,1f,0f,-0.30618249999999997f,-1.249000902703301e-16f,0f,-1f,0.9858423902576157f,0f,0f,0f,1f],start_interpolation:0}
execute if entity @s[tag=aj.animal_bear.bone.front_leg_left_under] run data modify entity @s {} merge value {transformation:[-1f,-3.364059705217348e-17f,1.2028442450920197e-16f,1.2617943191522885f,0f,0.9630451367077627f,0.26934005395322574f,-1.1078632934223074f,-1.249000902703301e-16f,0.26934005395322574f,-0.9630451367077627f,0.5264748745153955f,0f,0f,0f,1f],start_interpolation:0}
execute if entity @s[tag=aj.animal_bear.bone.front_leg_left] run data modify entity @s {} merge value {transformation:[-1f,-3.2326522096985456e-17f,1.2064422289794784e-16f,1.0865218191522883f,0f,0.9659258262890683f,0.2588190451025205f,-0.25343750000000004f,-1.249000902703301e-16f,0.2588190451025205f,-0.9659258262890683f,0.684647390257616f,0f,0f,0f,1f],start_interpolation:0}
execute if entity @s[tag=aj.animal_bear.bone.front_leg_right_under] run data modify entity @s {} merge value {transformation:[-1f,3.755818150289547e-17f,1.1911933324079753e-16f,-1.176681305847712f,0f,0.953716950748227f,-0.3007057995042729f,-1.0531819206149542f,-1.249000902703301e-16f,-0.3007057995042729f,-0.953716950748227f,0.9305258033613444f,0f,0f,0f,1f],start_interpolation:0}
execute if entity @s[tag=aj.animal_bear.bone.front_leg_right] run data modify entity @s {} merge value {transformation:[-1f,3.755818150289547e-17f,1.1911933324079753e-16f,-1.0234781808477118f,0f,0.953716950748227f,-0.3007057995042729f,-0.25343750000000004f,-1.249000902703301e-16f,-0.3007057995042729f,-0.953716950748227f,0.6846473902576156f,0f,0f,0f,1f],start_interpolation:0}
execute if entity @s[tag=aj.animal_bear.bone.front_body] run data modify entity @s {} merge value {transformation:[-2.28125f,0f,2.8492833092919057e-16f,0.031521819152288306f,0f,2.28125f,0f,0.11449999999999999f,-2.8492833092919057e-16f,0f,-2.28125f,-0.6575401097423843f,0f,0f,0f,1f],start_interpolation:0}
execute if entity @s[tag=aj.animal_bear.bone.rear_body] run data modify entity @s {} merge value {transformation:[-0.9940563382223196f,0f,-0.10886687485196432f,0.015625000000000187f,0f,1f,0f,-0.36171875000000003f,0.10886687485196432f,0f,-0.9940563382223196f,-1.5203125f,0f,0f,0f,1f],start_interpolation:0}