execute if entity @s[tag=aj.animal_bear.bone.front_leg_right_under2] run data modify entity @s {} merge value {transformation:[-0.9966552393091803f,0.033726861778130904f,-0.07443677016205988f,-0.9330682735003539f,0f,0.9108638249211759f,0.4127070298043947f,-1.1379220192193316f,0.08172107413366808f,0.41132662355428f,-0.9078172034048897f,-1.6686539365268473f,0f,0f,0f,1f],start_interpolation:0}
execute if entity @s[tag=aj.animal_bear.bone.rear_leg_right] run data modify entity @s {} merge value {transformation:[-0.9966552393091803f,0.022439676822952337f,-0.07857986295255248f,-0.8787196570099777f,0f,0.9615617976829619f,0.27458861818493235f,-0.25187500000000007f,0.08172107413366808f,0.2736701849686809f,-0.958345603580278f,-1.6209999694733905f,0f,0f,0f,1f],start_interpolation:0}
execute if entity @s[tag=aj.animal_bear.bone.front_leg_left_under2] run data modify entity @s {} merge value {transformation:[-0.9966552393091803f,0f,-0.0817210741336681f,0.9265991707183303f,0f,1f,0f,-1.080377530629396f,0.08172107413366808f,2.7755575615628914e-17f,-0.9966552393091804f,-1.449588024299819f,0f,0f,0f,1f],start_interpolation:0}
execute if entity @s[tag=aj.animal_bear.bone.rear_leg_left] run data modify entity @s {} merge value {transformation:[-0.9966552393091803f,-0.011990971980634906f,-0.08083656690211494f,0.8504771831914503f,0f,0.989176509964781f,-0.14673047445536172f,-0.25187500000000007f,0.08172107413366808f,-0.1462396961322581f,-0.9858679512579687f,-1.7627860330953045f,0f,0f,0f,1f],start_interpolation:0}
execute if entity @s[tag=aj.animal_bear.bone.head] run data modify entity @s {} merge value {transformation:[-1f,0f,1.249000902703301e-16f,0.07049035751259128f,0f,1f,0f,-0.30462f,-1.249000902703301e-16f,0f,-1f,0.9859550551980196f,0f,0f,0f,1f],start_interpolation:0}
execute if entity @s[tag=aj.animal_bear.bone.front_leg_left_under] run data modify entity @s {} merge value {transformation:[-1f,-2.6367851946744267e-17f,1.2208508890626728e-16f,1.2382628575125916f,0f,0.9774619749435719f,0.21111155235896512f,-1.1148163796994184f,-1.249000902703301e-16f,0.21111155235896512f,-0.9774619749435719f,0.5828083195383132f,0f,0f,0f,1f],start_interpolation:0}
execute if entity @s[tag=aj.animal_bear.bone.front_leg_left] run data modify entity @s {} merge value {transformation:[-1f,-2.4366798830682184e-17f,1.225001700581745e-16f,1.0629903575125914f,0f,0.9807852804032304f,0.19509032201612822f,-0.25187500000000007f,-1.249000902703301e-16f,0.19509032201612822f,-0.9807852804032304f,0.68476005519802f,0f,0f,0f,1f],start_interpolation:0}
execute if entity @s[tag=aj.animal_bear.bone.front_leg_right_under] run data modify entity @s {} merge value {transformation:[-1f,2.836184575124243e-17f,1.2163732262393538e-16f,-1.2002127674874088f,0f,0.9738769792773336f,-0.22707626303437312f,-1.0680456537793184f,-1.249000902703301e-16f,-0.22707626303437312f,-0.9738769792773336f,0.8689143281449072f,0f,0f,0f,1f],start_interpolation:0}
execute if entity @s[tag=aj.animal_bear.bone.front_leg_right] run data modify entity @s {} merge value {transformation:[-1f,2.836184575124243e-17f,1.2163732262393538e-16f,-1.0470096424874087f,0f,0.9738769792773336f,-0.22707626303437312f,-0.25187500000000007f,-1.249000902703301e-16f,-0.22707626303437312f,-0.9738769792773336f,0.6847600551980195f,0f,0f,0f,1f],start_interpolation:0}
execute if entity @s[tag=aj.animal_bear.bone.front_body] run data modify entity @s {} merge value {transformation:[-2.28125f,0f,2.8492833092919057e-16f,0.00799035751259148f,0f,2.28125f,0f,0.11606249999999996f,-2.8492833092919057e-16f,0f,-2.28125f,-0.6574274448019803f,0f,0f,0f,1f],start_interpolation:0}
execute if entity @s[tag=aj.animal_bear.bone.rear_body] run data modify entity @s {} merge value {transformation:[-0.9966552393091803f,0f,-0.08172107413366808f,0.015625000000000187f,0f,1f,0f,-0.36015625000000007f,0.08172107413366808f,0f,-0.9966552393091803f,-1.5203125f,0f,0f,0f,1f],start_interpolation:0}