execute if entity @s[tag=aj.animal_bear.bone.front_leg_right_under2] run data modify entity @s {} merge value {transformation:[-0.986643332084879f,-0.02916103636327052f,0.16026406088286674f,-0.9474681168331691f,0f,0.9838460059270774f,0.17901686127663274f,-1.058314670805583f,-0.16289547339458885f,0.17662579250935345f,-0.9707051015462913f,-1.4169830363290408f,0f,0f,0f,1f],start_interpolation:0}
execute if entity @s[tag=aj.animal_bear.bone.rear_leg_right] run data modify entity @s {} merge value {transformation:[-0.986643332084879f,0.04643516048544328f,0.15613683461354763f,-0.8274522089805846f,0f,0.9585093517935305f,-0.28506108560157073f,-0.28312500000000007f,-0.16289547339458885f,-0.28125361934566667f,-0.9457068606880864f,-1.8352905178500676f,0f,0f,0f,1f],start_interpolation:0}
execute if entity @s[tag=aj.animal_bear.bone.front_leg_left_under2] run data modify entity @s {} merge value {transformation:[-0.986643332084879f,-0.13292457986185519f,0.09415939316391374f,0.961202004517482f,0f,0.5780356642313031f,0.8160115016816099f,-1.154812755396589f,-0.16289547339458885f,0.8051123070387294f,-0.5703150338210693f,-1.709389248654392f,0f,0f,0f,1f],start_interpolation:0}
execute if entity @s[tag=aj.animal_bear.bone.rear_leg_left] run data modify entity @s {} merge value {transformation:[-0.986643332084879f,-0.06479142605005303f,0.149455700335744f,0.8843739721866806f,0f,0.9174944964474913f,0.39774847452701106f,-0.28312500000000007f,-0.16289547339458885f,0.39243588023900783f,-0.9052398271444909f,-1.552666871510456f,0f,0f,0f,1f],start_interpolation:0}
execute if entity @s[tag=aj.animal_bear.bone.head] run data modify entity @s {} merge value {transformation:[-1f,0f,1.1102230246251565e-16f,-0.13894480776760598f,0f,1f,0f,-0.33587f,-1.1102230246251565e-16f,0f,-1f,0.9582404046514906f,0f,0f,0f,1f],start_interpolation:0}
execute if entity @s[tag=aj.animal_bear.bone.front_leg_left_under] run data modify entity @s {} merge value {transformation:[-1f,7.893162944081662e-17f,7.80752810939283e-17f,1.0288276922323942f,0f,0.7032396136829244f,-0.7109529138748156f,-1.057275883955715f,-1.1102230246251565e-16f,-0.7109529138748156f,-0.7032396136829244f,1.051700177930806f,0f,0f,0f,1f],start_interpolation:0}
execute if entity @s[tag=aj.animal_bear.bone.front_leg_left] run data modify entity @s {} merge value {transformation:[-1f,4.2486395775430644e-17f,1.0257123289739564e-16f,0.8535551922323942f,0f,0.9238795325112867f,-0.3826834323650897f,-0.28312500000000007f,-1.1102230246251565e-16f,-0.3826834323650897f,-0.9238795325112867f,0.657045404651491f,0f,0f,0f,1f],start_interpolation:0}
execute if entity @s[tag=aj.animal_bear.bone.front_leg_right_under] run data modify entity @s {} merge value {transformation:[-1f,-4.910390874124385e-17f,9.957287678082774e-17f,-1.4096479327676061f,0f,0.8968727415326883f,0.4422886902190013f,-1.0308596811068567f,-1.1102230246251565e-16f,0.4422886902190013f,-0.8968727415326883f,0.2816254011817982f,0f,0f,0f,1f],start_interpolation:0}
execute if entity @s[tag=aj.animal_bear.bone.front_leg_right] run data modify entity @s {} merge value {transformation:[-1f,-4.910390874124385e-17f,9.957287678082774e-17f,-1.256444807767606f,0f,0.8968727415326883f,0.4422886902190013f,-0.28312500000000007f,-1.1102230246251565e-16f,0.4422886902190013f,-0.8968727415326883f,0.6570454046514905f,0f,0f,0f,1f],start_interpolation:0}
execute if entity @s[tag=aj.animal_bear.bone.front_body] run data modify entity @s {} merge value {transformation:[-2.28125f,0f,2.5326962749261384e-16f,-0.2014448077676058f,0f,2.28125f,0f,0.08481249999999996f,-2.5326962749261384e-16f,0f,-2.28125f,-0.6851420953485093f,0f,0f,0f,1f],start_interpolation:0}
execute if entity @s[tag=aj.animal_bear.bone.rear_body] run data modify entity @s {} merge value {transformation:[-0.986643332084879f,0f,0.16289547339458885f,0.015625000000000187f,0f,1f,0f,-0.39140625000000007f,-0.16289547339458885f,0f,-0.986643332084879f,-1.5203125f,0f,0f,0f,1f],start_interpolation:0}