execute if entity @s[tag=aj.animal_bear.bone.front_leg_right_under2] run data modify entity @s {} merge value {transformation:[-0.9985129789397631f,-0.02384412261880796f,0.04902334857370981f,-0.9172127972390713f,0f,0.899271700202643f,0.43739045395921433f,-1.1066667186723946f,-0.05451450163800642f,0.4367400451426304f,-0.8979344642455668f,-1.5560250563420843f,0f,0f,0f,1f],start_interpolation:0}
execute if entity @s[tag=aj.animal_bear.bone.rear_leg_right] run data modify entity @s {} merge value {transformation:[-0.9985129789397631f,-0.0002973290082437824f,0.054513690796909556f,-0.8567319156483364f,0f,0.9999851261394216f,0.005454126871013905f,-0.239375f,-0.05451450163800642f,0.0054460164694915035f,-0.9984981271969287f,-1.7416352140439297f,0f,0f,0f,1f],start_interpolation:0}
execute if entity @s[tag=aj.animal_bear.bone.front_leg_left_under2] run data modify entity @s {} merge value {transformation:[-0.9985129789397631f,-0.034353280905072524f,0.04232827636341201f,0.9239690143000152f,0f,0.7764590171709755f,0.6301677512011246f,-1.1262460791597038f,-0.05451450163800642f,0.6292306784836064f,-0.7753044062600315f,-1.609202382053555f,0f,0f,0f,1f],start_interpolation:0}
execute if entity @s[tag=aj.animal_bear.bone.rear_leg_left] run data modify entity @s {} merge value {transformation:[-0.9985129789397631f,-0.009759014977295755f,0.05363387470165773f,0.8756881028121527f,0f,0.9838460059270774f,0.17901686127663258f,-0.239375f,-0.05451450163800642f,0.17875065943377672f,-0.9823830061962339f,-1.6470525537019887f,0f,0f,0f,1f],start_interpolation:0}
execute if entity @s[tag=aj.animal_bear.bone.head] run data modify entity @s {} merge value {transformation:[-1f,0f,1.249000902703301e-16f,-0.046732226324830775f,0f,1f,0f,-0.29211999999999994f,-1.249000902703301e-16f,0f,-1f,0.9769081458358897f,0f,0f,0f,1f],start_interpolation:0}
execute if entity @s[tag=aj.animal_bear.bone.front_leg_left_under] run data modify entity @s {} merge value {transformation:[-1f,3.4296143198503226e-17f,1.2009915533110284e-16f,1.1210402736751695f,0f,0.961561797682962f,-0.2745886181849321f,-1.0892915038226407f,-1.249000902703301e-16f,-0.2745886181849321f,-0.961561797682962f,0.8565553912639466f,0f,0f,0f,1f],start_interpolation:0}
execute if entity @s[tag=aj.animal_bear.bone.front_leg_left] run data modify entity @s {} merge value {transformation:[-1f,1.6302733190926895e-17f,1.2383155268364383e-16f,0.9457677736751694f,0f,0.9914448613738104f,-0.13052619222005152f,-0.239375f,-1.249000902703301e-16f,-0.13052619222005152f,-0.9914448613738104f,0.67571314583589f,0f,0f,0f,1f],start_interpolation:0}
execute if entity @s[tag=aj.animal_bear.bone.front_leg_right_under] run data modify entity @s {} merge value {transformation:[-1f,-1.9000224667348878e-17f,1.2344644187714315e-16f,-1.317435351324831f,0f,0.9883615104677608f,0.15212338618991664f,-1.06539321232718f,-1.249000902703301e-16f,0.15212338618991664f,-0.9883615104677608f,0.5425168799761959f,0f,0f,0f,1f],start_interpolation:0}
execute if entity @s[tag=aj.animal_bear.bone.front_leg_right] run data modify entity @s {} merge value {transformation:[-1f,-1.9000224667348878e-17f,1.2344644187714315e-16f,-1.1642322263248308f,0f,0.9883615104677608f,0.15212338618991664f,-0.239375f,-1.249000902703301e-16f,0.15212338618991664f,-0.9883615104677608f,0.6757131458358896f,0f,0f,0f,1f],start_interpolation:0}
execute if entity @s[tag=aj.animal_bear.bone.front_body] run data modify entity @s {} merge value {transformation:[-2.28125f,0f,2.8492833092919057e-16f,-0.10923222632483057f,0f,2.28125f,0f,0.12856250000000002f,-2.8492833092919057e-16f,0f,-2.28125f,-0.6664743541641103f,0f,0f,0f,1f],start_interpolation:0}
execute if entity @s[tag=aj.animal_bear.bone.rear_body] run data modify entity @s {} merge value {transformation:[-0.9985129789397631f,0f,0.05451450163800642f,0.015625000000000187f,0f,1f,0f,-0.34765625f,-0.05451450163800642f,0f,-0.9985129789397631f,-1.5203125f,0f,0f,0f,1f],start_interpolation:0}