execute if entity @s[tag=aj.animal_bear.bone.front_leg_right_under2] run data modify entity @s {} merge value {transformation:[-0.986643332084879f,0.12247130135618436f,-0.1074044486814666f,-0.9813247628823599f,0f,0.6593458151000688f,0.7518398074789773f,-1.109915429264341f,0.16289547339458862f,0.7417977328451121f,-0.6505391520065524f,-1.8287086446233212f,0f,0f,0f,1f],start_interpolation:0}
execute if entity @s[tag=aj.animal_bear.bone.rear_leg_right] run data modify entity @s {} merge value {transformation:[-0.986643332084879f,0.0860198625161546f,-0.13833119136748945f,-0.8839565763143326f,0f,0.8492021815265789f,0.5280678506503679f,-0.2721875f,0.16289547339458862f,0.5210146237325792f,-0.8378596699951321f,-1.5475763879668751f,0f,0f,0f,1f],start_interpolation:0}
execute if entity @s[tag=aj.animal_bear.bone.front_leg_left_under2] run data modify entity @s {} merge value {transformation:[-0.986643332084879f,0f,-0.16289547339458862f,0.9485731846263328f,0f,1f,0f,-1.0450079834899495f,0.16289547339458862f,0f,-0.9866433320848789f,-1.4077273853858028f,0f,0f,0f,1f],start_interpolation:0}
execute if entity @s[tag=aj.animal_bear.bone.rear_leg_left] run data modify entity @s {} merge value {transformation:[-0.986643332084879f,-0.04728605992056102f,-0.15588124899947473f,0.8278696048529326f,0f,0.9569403357322088f,-0.2902846772544624f,-0.2721875f,0.16289547339458862f,-0.28640744121952644f,-0.9441588014532493f,-1.8302000343064866f,0f,0f,0f,1f],start_interpolation:0}
execute if entity @s[tag=aj.animal_bear.bone.head] run data modify entity @s {} merge value {transformation:[-0.9999999999999999f,0f,1.1102230246251565e-16f,0.14103178712934342f,0f,1f,0f,-0.32493249999999996f,-1.1102230246251565e-16f,0f,-0.9999999999999999f,0.9836928223693949f,0f,0f,0f,1f],start_interpolation:0}
execute if entity @s[tag=aj.animal_bear.bone.front_leg_left_under] run data modify entity @s {} merge value {transformation:[-0.9999999999999999f,-4.581968469134997e-17f,1.0112619907256268e-16f,1.3088042871293433f,0f,0.9108638249211758f,0.41270702980439467f,-1.0986579061200892f,-1.1102230246251565e-16f,0.4127070298043946f,-0.9108638249211757f,0.4141535490761923f,0f,0f,0f,1f],start_interpolation:0}
execute if entity @s[tag=aj.animal_bear.bone.front_leg_left] run data modify entity @s {} merge value {transformation:[-0.9999999999999999f,-4.2486395775430644e-17f,1.0257123289739564e-16f,1.1335317871293433f,0f,0.9238795325112867f,0.3826834323650897f,-0.2721875f,-1.1102230246251565e-16f,0.38268343236508967f,-0.9238795325112866f,0.6824978223693953f,0f,0f,0f,1f],start_interpolation:0}
execute if entity @s[tag=aj.animal_bear.bone.front_leg_right_under] run data modify entity @s {} merge value {transformation:[-0.9999999999999999f,4.910390874124385e-17f,9.957287678082774e-17f,-1.1296713378706564f,0f,0.8968727415326883f,-0.4422886902190013f,-1.0252202467548175f,-1.1102230246251565e-16f,-0.44228869021900125f,-0.8968727415326881f,1.0471744114864523f,0f,0f,0f,1f],start_interpolation:0}
execute if entity @s[tag=aj.animal_bear.bone.front_leg_right] run data modify entity @s {} merge value {transformation:[-0.9999999999999999f,4.910390874124385e-17f,9.957287678082774e-17f,-0.9764682128706563f,0f,0.8968727415326883f,-0.4422886902190013f,-0.2721875f,-1.1102230246251565e-16f,-0.44228869021900125f,-0.8968727415326881f,0.6824978223693948f,0f,0f,0f,1f],start_interpolation:0}
execute if entity @s[tag=aj.animal_bear.bone.front_body] run data modify entity @s {} merge value {transformation:[-2.2812499999999996f,0f,2.5326962749261384e-16f,0.07853178712934361f,0f,2.28125f,0f,0.09575f,-2.5326962749261384e-16f,0f,-2.2812499999999996f,-0.6596896776306048f,0f,0f,0f,1f],start_interpolation:0}
execute if entity @s[tag=aj.animal_bear.bone.rear_body] run data modify entity @s {} merge value {transformation:[-0.986643332084879f,0f,-0.16289547339458862f,0.015625000000000187f,0f,1f,0f,-0.38046875f,0.16289547339458862f,0f,-0.986643332084879f,-1.5203125f,0f,0f,0f,1f],start_interpolation:0}