execute if entity @s[tag=aj.animal_boar.bone.rear_body] run data modify entity @s {} merge value {transformation:[-1.171875f,0f,1.4351329677508045e-16f,-4.305398903252414e-17f,0f,1.171875f,0f,-0.9359375000000001f,-1.4351329677508045e-16f,0f,-1.171875f,0.3515625f,0f,0f,0f,1f],start_interpolation:0}
execute if entity @s[tag=aj.animal_boar.bone.head] run data modify entity @s {} merge value {transformation:[-1f,0f,1.2246467991473532e-16f,-1.0854312472330306e-16f,0f,1f,0f,-0.9524587500000001f,-1.2246467991473532e-16f,0f,-1f,0.886321875f,0f,0f,0f,1f],start_interpolation:0}
execute if entity @s[tag=aj.animal_boar.bone.front_body] run data modify entity @s {} merge value {transformation:[-1f,0f,1.2246467991473532e-16f,-4.305398903252414e-17f,0f,1f,0f,-0.9359375000000001f,-1.2246467991473532e-16f,0f,-1f,0.3515625f,0f,0f,0f,1f],start_interpolation:0}
execute if entity @s[tag=aj.animal_boar.bone.front_leg_left_under] run data modify entity @s {} merge value {transformation:[-1f,7.198293278059968e-17f,9.907600726170915e-17f,0.6005856249999999f,0f,0.8090169943749473f,-0.5877852522924731f,-1.4913646775333018f,-1.2246467991473532e-16f,-0.5877852522924731f,-0.8090169943749473f,0.8108573219377322f,0f,0f,0f,1f],start_interpolation:0}
execute if entity @s[tag=aj.animal_boar.bone.front_leg_left] run data modify entity @s {} merge value {transformation:[-1f,3.7843667304341506e-17f,1.1647083184890923e-16f,0.5624999999999999f,0f,0.9510565162951535f,-0.30901699437494745f,-0.9125000000000001f,-1.2246467991473532e-16f,-0.30901699437494745f,-0.9510565162951535f,0.46875000000000006f,0f,0f,0f,1f],start_interpolation:0}
execute if entity @s[tag=aj.animal_boar.bone.rear_leg_right_under] run data modify entity @s {} merge value {transformation:[-1f,-7.198293278059968e-17f,9.907600726170916e-17f,0.46875000000000017f,0f,0.8090169943749475f,0.5877852522924731f,-1.4978602525454785f,-1.2246467991473532e-16f,0.5877852522924731f,-0.8090169943749475f,-1.2884610907777294f,0f,0f,0f,1f],start_interpolation:0}
execute if entity @s[tag=aj.animal_boar.bone.rear_leg_right] run data modify entity @s {} merge value {transformation:[-1f,-3.169619151431765e-17f,1.1829179713786698e-16f,0.4687500000000001f,0f,0.9659258262890683f,0.25881904510252074f,-0.9125000000000001f,-1.2246467991473532e-16f,0.25881904510252074f,-0.9659258262890683f,-0.9374999999999999f,0f,0f,0f,1f],start_interpolation:0}
execute if entity @s[tag=aj.animal_boar.bone.front_leg_right_under] run data modify entity @s {} merge value {transformation:[-1f,7.198293278059968e-17f,9.907600726170916e-17f,-0.5625000000000001f,0f,0.8090169943749473f,-0.5877852522924731f,-1.5024745507566934f,-1.2246467991473532e-16f,-0.5877852522924731f,-0.8090169943749473f,0.7710464678249449f,0f,0f,0f,1f],start_interpolation:0}
execute if entity @s[tag=aj.animal_boar.bone.front_leg_right] run data modify entity @s {} merge value {transformation:[-1f,3.98705998260268e-17f,1.157926297142068e-16f,-0.5625000000000001f,0f,0.9455185755993168f,-0.3255681544571567f,-0.9125000000000001f,-1.2246467991473532e-16f,-0.3255681544571567f,-0.9455185755993168f,0.46874999999999994f,0f,0f,0f,1f],start_interpolation:0}
execute if entity @s[tag=aj.animal_boar.bone.right_leg_left_under] run data modify entity @s {} merge value {transformation:[-1f,-7.198293278059966e-17f,9.907600726170917e-17f,-0.5624999999999999f,0f,0.8090169943749475f,0.5877852522924731f,-1.5154259209532301f,-1.2246467991473532e-16f,0.5877852522924731f,-0.8090169943749475f,-1.257344722236743f,0f,0f,0f,1f],start_interpolation:0}
execute if entity @s[tag=aj.animal_boar.bone.right_leg_left] run data modify entity @s {} merge value {transformation:[-1f,-2.5461838666528304e-17f,1.1978853283323184e-16f,-0.4687499999999999f,0f,0.9781476007338057f,0.2079116908177593f,-0.9125000000000001f,-1.2246467991473532e-16f,0.2079116908177593f,-0.9781476007338057f,-0.9375000000000001f,0f,0f,0f,1f],start_interpolation:0}
execute if entity @s[tag=aj.animal_boar.bone.tale] run data modify entity @s {} merge value {transformation:[-1f,6.123233995736765e-17f,1.0605752387249069e-16f,1.6934569019459494e-16f,0f,0.8660254037844387f,-0.49999999999999994f,-0.6078125000000001f,-1.2246467991473532e-16f,-0.49999999999999994f,-0.8660254037844387f,-1.3828125f,0f,0f,0f,1f],start_interpolation:0}