execute if entity @s[tag=aj.animal_wolf.bone.rear_leg_right_under] run data modify entity @s {} merge value {transformation:[-1f,-3.58052072349955e-17f,1.1711355583995222e-16f,0.4687500000000001f,0f,0.9563047559630354f,0.292371704722737f,-1.3198946907362554f,-1.2246467991473532e-16f,0.292371704722737f,-0.9563047559630354f,-0.924938210518773f,0f,0f,0f,1f],start_interpolation:0}
execute if entity @s[tag=aj.animal_wolf.bone.rear_leg_left] run data modify entity @s {} merge value {transformation:[-1f,3.5805207234995494e-17f,1.1711355583995222e-16f,0.4687500000000001f,0f,0.9563047559630354f,-0.292371704722737f,-0.6375000000000002f,-1.2246467991473532e-16f,-0.292371704722737f,-0.9563047559630354f,-0.9375f,0f,0f,0f,1f],start_interpolation:0}
execute if entity @s[tag=aj.animal_wolf.bone.right_leg_left_under] run data modify entity @s {} merge value {transformation:[-1f,-3.58052072349955e-17f,1.171135558399522e-16f,-0.5624999999999999f,0f,0.9563047559630353f,0.29237170472273705f,-1.319917394458924f,-1.2246467991473532e-16f,0.29237170472273705f,-0.9563047559630353f,-0.9487610940806709f,0f,0f,0f,1f],start_interpolation:0}
execute if entity @s[tag=aj.animal_wolf.bone.rear_leg_right] run data modify entity @s {} merge value {transformation:[-1f,3.169619151431768e-17f,1.1829179713786696e-16f,-0.4687499999999999f,0f,0.9659258262890682f,-0.258819045102521f,-0.6375000000000002f,-1.2246467991473532e-16f,-0.258819045102521f,-0.9659258262890682f,-0.9375f,0f,0f,0f,1f],start_interpolation:0}
execute if entity @s[tag=aj.animal_wolf.bone.tale] run data modify entity @s {} merge value {transformation:[-1.3229166666666667f,0f,1.6201056613720195e-16f,1.6934569019459494e-16f,0f,1.3229166666666667f,0f,-0.3328125000000002f,-1.6201056613720195e-16f,0f,-1.3229166666666667f,-1.3828125f,0f,0f,0f,1f],start_interpolation:0}
execute if entity @s[tag=aj.animal_wolf.bone.rear_body] run data modify entity @s {} merge value {transformation:[-1.171875f,0f,1.4351329677508045e-16f,-4.305398903252414e-17f,0f,1.171875f,0f,-0.6609375000000002f,-1.4351329677508045e-16f,0f,-1.171875f,0.3515625f,0f,0f,0f,1f],start_interpolation:0}
execute if entity @s[tag=aj.animal_wolf.bone.head] run data modify entity @s {} merge value {transformation:[-1f,0f,1.2246467991473532e-16f,-0.01562500000000014f,0f,1f,0f,0.0031249999999998224f,-1.2246467991473532e-16f,0f,-1f,1.140625f,0f,0f,0f,1f],start_interpolation:0}
execute if entity @s[tag=aj.animal_wolf.bone.talon_left] run data modify entity @s {} merge value {transformation:[-1.0104166666666665f,1.2454346973704123e-32f,1.2374035366384712e-16f,0.615234375f,0f,1.0104166666666667f,0f,-1.7637304317485591f,-1.2374035366384712e-16f,0f,-1.0104166666666667f,0.514305012512042f,0f,0f,0f,1f],start_interpolation:0}
execute if entity @s[tag=aj.animal_wolf.bone.front_leg_left_under] run data modify entity @s {} merge value {transformation:[-1f,3.58052072349955e-17f,1.171135558399522e-16f,0.600585625f,0f,0.9563047559630354f,-0.292371704722737f,-1.3068970001040874f,-1.2246467991473532e-16f,-0.292371704722737f,-0.9563047559630354f,0.40527251682061355f,0f,0f,0f,1f],start_interpolation:0}
execute if entity @s[tag=aj.animal_wolf.bone.front_leg_left] run data modify entity @s {} merge value {transformation:[-1f,-3.7843667304341524e-17f,1.1647083184890923e-16f,0.5625f,0f,0.9510565162951535f,0.3090169943749476f,-0.6375000000000002f,-1.2246467991473532e-16f,0.3090169943749476f,-0.9510565162951535f,0.46875000000000006f,0f,0f,0f,1f],start_interpolation:0}
execute if entity @s[tag=aj.animal_wolf.bone.talon_right] run data modify entity @s {} merge value {transformation:[-1.0104166666666665f,-1.2454346973704123e-32f,1.2374035366384715e-16f,-0.629883125f,0f,1.0104166666666665f,1.121787847798335e-16f,-1.7350009502308845f,-1.2374035366384712e-16f,1.121787847798335e-16f,-1.0104166666666665f,0.5239016139346497f,0f,0f,0f,1f],start_interpolation:0}
execute if entity @s[tag=aj.animal_wolf.bone.front_leg_right_under] run data modify entity @s {} merge value {transformation:[-1f,3.375584055267284e-17f,1.1772060590738186e-16f,-0.5625f,0f,0.9612616959383189f,-0.27563735581699933f,-1.2924848434184988f,-1.2246467991473532e-16f,-0.27563735581699933f,-0.9612616959383189f,0.36653463964723837f,0f,0f,0f,1f],start_interpolation:0}
execute if entity @s[tag=aj.animal_wolf.bone.front_leg_right] run data modify entity @s {} merge value {transformation:[-1f,-3.5805207234995494e-17f,1.1711355583995222e-16f,-0.5625f,0f,0.9563047559630354f,0.292371704722737f,-0.6375000000000002f,-1.2246467991473532e-16f,0.292371704722737f,-0.9563047559630354f,0.46874999999999994f,0f,0f,0f,1f],start_interpolation:0}
execute if entity @s[tag=aj.animal_wolf.bone.front_body] run data modify entity @s {} merge value {transformation:[-1f,0f,1.2246467991473532e-16f,-4.305398903252414e-17f,0f,1f,0f,-0.6609375000000002f,-1.2246467991473532e-16f,0f,-1f,0.3515625f,0f,0f,0f,1f],start_interpolation:0}