execute if entity @s[tag=aj.animal_bear.bone.front_leg_right_under2] run data modify entity @s {} merge value {transformation:[-1f,6.698792441866324e-18f,1.2228133138970711e-16f,-0.9177724999999999f,0f,0.9985028456763546f,-0.0546997913727475f,-1.0746820498158214f,-1.2246467991473532e-16f,-0.0546997913727475f,-0.9985028456763546f,-1.2019377971687337f,0f,0f,0f,1f],start_interpolation:0}
execute if entity @s[tag=aj.animal_bear.bone.rear_leg_right] run data modify entity @s {} merge value {transformation:[-1f,4.4020416220569193e-17f,1.1427948539605183e-16f,-0.8674999999999998f,0f,0.9331628145814587f,-0.3594539768626997f,-0.3358333333333334f,-1.2246467991473532e-16f,-0.3594539768626997f,-0.9331628145814587f,-1.69375f,0f,0f,0f,1f],start_interpolation:0}
execute if entity @s[tag=aj.animal_bear.bone.front_leg_left_under2] run data modify entity @s {} merge value {transformation:[-1f,1.1399365415577682e-18f,1.224593743708492e-16f,0.9177725000000001f,0f,0.9999566769464485f,-0.009308288253816743f,-1.065398553017645f,-1.2246467991473532e-16f,-0.009308288253816743f,-0.9999566769464485f,-1.1882687847916162f,0f,0f,0f,1f],start_interpolation:0}
execute if entity @s[tag=aj.animal_bear.bone.rear_leg_left] run data modify entity @s {} merge value {transformation:[-1f,4.614018860405957e-17f,1.134402081371521e-16f,0.8675000000000003f,0f,0.926309595682066f,-0.37676323194723704f,-0.3358333333333334f,-1.2246467991473532e-16f,-0.37676323194723704f,-0.926309595682066f,-1.69375f,0f,0f,0f,1f],start_interpolation:0}
execute if entity @s[tag=aj.animal_bear.bone.head] run data modify entity @s {} merge value {transformation:[-1f,4.455181839974341e-17f,1.1407336807465123e-16f,-1.1796119636642288e-16f,0f,0.9314797389261423f,-0.36379320495315154f,0.37143166136812567f,-1.2246467991473532e-16f,-0.36379320495315154f,-0.9314797389261423f,0.9562147703318287f,0f,0f,0f,1f],start_interpolation:0}
execute if entity @s[tag=aj.animal_bear.bone.front_leg_left_under] run data modify entity @s {} merge value {transformation:[-1f,1.2167745927772288e-16f,1.3863395339406059e-17f,1.1677725f,0f,0.11320321376790687f,-0.9935718556765876f,-0.11673901463671699f,-1.2246467991473532e-16f,-0.9935718556765876f,-0.11320321376790687f,1.412848982886651f,0f,0f,0f,1f],start_interpolation:0}
execute if entity @s[tag=aj.animal_bear.bone.front_leg_left] run data modify entity @s {} merge value {transformation:[-1f,1.0152782096024234e-16f,6.848137993413649e-17f,0.9925f,0f,0.5591929034707469f,-0.8290375725550416f,0.3109898658319205f,-1.2246467991473532e-16f,-0.8290375725550416f,-0.5591929034707469f,0.6564694577707155f,0f,0f,0f,1f],start_interpolation:0}
execute if entity @s[tag=aj.animal_bear.bone.front_leg_right_under] run data modify entity @s {} merge value {transformation:[-1f,1.0251306873907564e-16f,6.699752655371784e-17f,-1.2707031250000003f,0f,0.5470763211104144f,-0.8370827312042068f,-0.36940832096910864f,-1.2246467991473532e-16f,-0.8370827312042068f,-0.5470763211104144f,1.143404401816661f,0f,0f,0f,1f],start_interpolation:0}
execute if entity @s[tag=aj.animal_bear.bone.front_leg_right] run data modify entity @s {} merge value {transformation:[-1f,7.198293278059968e-17f,9.907600726170914e-17f,-1.1175000000000002f,0f,0.8090169943749473f,-0.5877852522924731f,0.3109898658319205f,-1.2246467991473532e-16f,-0.5877852522924731f,-0.8090169943749473f,0.6564694577707153f,0f,0f,0f,1f],start_interpolation:0}
execute if entity @s[tag=aj.animal_bear.bone.front_body] run data modify entity @s {} merge value {transformation:[-2.28125f,1.0163383572441464e-16f,2.602298709202981e-16f,-0.06249999999999991f,0f,2.124938154425262f,-0.8299032487993769f,0.16543749999999996f,-2.7937255105548995e-16f,-0.8299032487993769f,-2.124938154425262f,-0.7276041666666666f,0f,0f,0f,1f],start_interpolation:0}
execute if entity @s[tag=aj.animal_bear.bone.rear_body] run data modify entity @s {} merge value {transformation:[-1f,0f,1.2246467991473532e-16f,0.015625000000000187f,0f,1f,0f,-0.44411458333333337f,-1.2246467991473532e-16f,0f,-1f,-1.5203125f,0f,0f,0f,1f],start_interpolation:0}