execute if entity @s[tag=aj.animal_bear.bone.front_leg_right_under2] run data modify entity @s {} merge value {transformation:[-1f,5.025191831937598e-18f,1.2236153510671074e-16f,-0.9177724999999998f,0f,0.9991577587260556f,-0.041033805301547654f,-1.0933735686772867f,-1.2246467991473532e-16f,-0.041033805301547654f,-0.9991577587260556f,-1.2718339675447718f,0f,0f,0f,1f],start_interpolation:0}
execute if entity @s[tag=aj.animal_bear.bone.rear_leg_right] run data modify entity @s {} merge value {transformation:[-1f,3.334471330092899e-17f,1.178377185857628e-16f,-0.8674999999999998f,0f,0.9622179935292854f,-0.2722802470405743f,-0.31250000000000006f,-1.2246467991473532e-16f,-0.2722802470405743f,-0.9622179935292854f,-1.69375f,0f,0f,0f,1f],start_interpolation:0}
execute if entity @s[tag=aj.animal_bear.bone.front_leg_left_under2] run data modify entity @s {} merge value {transformation:[-1f,8.549578077913004e-19f,1.2246169553687175e-16f,0.9177725000000002f,0f,0.9999756307053949f,-0.006981260297961478f,-1.0874065845194552f,-1.2246467991473532e-16f,-0.006981260297961478f,-0.9999756307053949f,-1.2609723966400816f,0f,0f,0f,1f],start_interpolation:0}
execute if entity @s[tag=aj.animal_bear.bone.rear_leg_left] run data modify entity @s {} merge value {transformation:[-1f,3.498673446961338e-17f,1.1736066733693764e-16f,0.8675000000000003f,0f,0.9583225744651332f,-0.2856883674049735f,-0.31250000000000006f,-1.2246467991473532e-16f,-0.2856883674049735f,-0.9583225744651332f,-1.69375f,0f,0f,0f,1f],start_interpolation:0}
execute if entity @s[tag=aj.animal_bear.bone.head] run data modify entity @s {} merge value {transformation:[-1f,3.3755840552672803e-17f,1.1772060590738186e-16f,-1.1796119636642288e-16f,0f,0.9612616959383189f,-0.2756373558169991f,0.2040291334943577f,-1.2246467991473532e-16f,-0.2756373558169991f,-0.9612616959383189f,0.9847389609638391f,0f,0f,0f,1f],start_interpolation:0}
execute if entity @s[tag=aj.animal_bear.bone.front_leg_left_under] run data modify entity @s {} merge value {transformation:[-1f,1.0875060752557744e-16f,5.631077329815675e-17f,1.1677725f,0f,0.45981235844786017f,-0.8880161006528073f,-0.42629798497103605f,-1.2246467991473532e-16f,-0.8880161006528073f,-0.45981235844786017f,1.3111080912200932f,0f,0f,0f,1f],start_interpolation:0}
execute if entity @s[tag=aj.animal_bear.bone.front_leg_left] run data modify entity @s {} merge value {transformation:[-1f,8.194486552889032e-17f,9.100899318238096e-17f,0.9925f,0f,0.7431448254773944f,-0.6691306063588581f,0.17171028826132323f,-1.2246467991473532e-16f,-0.6691306063588581f,-0.7431448254773944f,0.6806732521231296f,0f,0f,0f,1f],start_interpolation:0}
execute if entity @s[tag=aj.animal_bear.bone.front_leg_right_under] run data modify entity @s {} merge value {transformation:[-1f,8.29327246435548e-17f,9.010971651167759e-17f,-1.2707031250000003f,0f,0.7358016742003939f,-0.6771970881832686f,-0.5764844752853484f,-1.2246467991473532e-16f,-0.6771970881832686f,-0.7358016742003939f,1.0551754926190935f,0f,0f,0f,1f],start_interpolation:0}
execute if entity @s[tag=aj.animal_bear.bone.front_leg_right] run data modify entity @s {} merge value {transformation:[-1f,5.559780123493432e-17f,1.0911682878666936e-16f,-1.1175000000000002f,0f,0.891006524188368f,-0.45399049973954664f,0.17171028826132323f,-1.2246467991473532e-16f,-0.45399049973954664f,-0.891006524188368f,0.6806732521231293f,0f,0f,0f,1f],start_interpolation:0}
execute if entity @s[tag=aj.animal_bear.bone.front_body] run data modify entity @s {} merge value {transformation:[-2.28125f,7.700551126078484e-17f,2.685501322262149e-16f,-0.06249999999999991f,0f,2.19287824385929f,-0.6287977179575293f,0.15543749999999995f,-2.7937255105548995e-16f,-0.6287977179575293f,-2.19287824385929f,-0.7109375f,0f,0f,0f,1f],start_interpolation:0}
execute if entity @s[tag=aj.animal_bear.bone.rear_body] run data modify entity @s {} merge value {transformation:[-1f,0f,1.2246467991473532e-16f,0.015625000000000187f,0f,1f,0f,-0.42078125000000005f,-1.2246467991473532e-16f,0f,-1f,-1.5203125f,0f,0f,0f,1f],start_interpolation:0}