execute if entity @s[tag=aj.animal_bear.bone.front_leg_right_under2] run data modify entity @s {} merge value {transformation:[-1f,1.1710818786645434e-17f,1.2190346406056282e-16f,-0.9177724999999999f,0f,0.9954173247783504f,-0.09562609231330177f,-0.9828561147443347f,-1.2246467991473532e-16f,-0.09562609231330177f,-0.9954173247783504f,-1.0193455379490182f,0f,0f,0f,1f],start_interpolation:0}
execute if entity @s[tag=aj.animal_bear.bone.rear_leg_right] run data modify entity @s {} merge value {transformation:[-1f,7.347328308538678e-17f,9.79758873359828e-17f,-0.8674999999999998f,0f,0.800033833462819f,-0.5999548860662661f,-0.4058333333333334f,-1.2246467991473532e-16f,-0.5999548860662661f,-0.800033833462819f,-1.69375f,0f,0f,0f,1f],start_interpolation:0}
execute if entity @s[tag=aj.animal_bear.bone.front_leg_left_under2] run data modify entity @s {} merge value {transformation:[-1f,1.994829530516768e-18f,1.2244843192855822e-16f,0.9177725000000001f,0f,0.999867325124367f,-0.01628901926584586f,-0.9605820497746583f,-1.2246467991473532e-16f,-0.01628901926584586f,-0.999867325124367f,-1.0009076439706759f,0f,0f,0f,1f],start_interpolation:0}
execute if entity @s[tag=aj.animal_bear.bone.rear_leg_left] run data modify entity @s {} merge value {transformation:[-1f,7.662573219013253e-17f,9.553059715580481e-17f,0.8675000000000003f,0f,0.7800665238525666f,-0.6256965865054508f,-0.4058333333333334f,-1.2246467991473532e-16f,-0.6256965865054508f,-0.7800665238525666f,-1.69375f,0f,0f,0f,1f],start_interpolation:0}
execute if entity @s[tag=aj.animal_bear.bone.head] run data modify entity @s {} merge value {transformation:[-1f,7.42688380573095e-17f,9.737421383629094e-17f,-1.0408340855860843e-16f,0f,0.7951207964948478f,-0.6064510853988133f,0.8575751963789715f,-1.2246467991473532e-16f,-0.6064510853988133f,-0.7951207964948478f,0.7842067944123137f,0f,0f,0f,1f],start_interpolation:0}
execute if entity @s[tag=aj.animal_bear.bone.front_leg_left_under] run data modify entity @s {} merge value {transformation:[-1f,6.825971779154089e-17f,-1.0167698241803682e-16f,1.1677724999999999f,0f,-0.8302555682897983f,-0.5573828947176114f,0.9051059941741408f,-1.2246467991473532e-16f,-0.5573828947176114f,0.8302555682897983f,1.3610391389448195f,0f,0f,0f,1f],start_interpolation:0}
execute if entity @s[tag=aj.animal_bear.bone.front_leg_left] run data modify entity @s {} merge value {transformation:[-1f,1.2127286206821952e-16f,-1.704378926181551e-17f,0.9925f,0f,-0.13917310096006502f,-0.9902680687415704f,0.7168538081233966f,-1.2246467991473532e-16f,-0.9902680687415704f,0.13917310096006502f,0.512733123612688f,0f,0f,0f,1f],start_interpolation:0}
execute if entity @s[tag=aj.animal_bear.bone.front_leg_right_under] run data modify entity @s {} merge value {transformation:[-1f,1.2079981750329088e-16f,-2.012465944532234e-17f,-1.2707031250000003f,0f,-0.16433031515155144f,-0.9864053667342813f,0.3316784232258107f,-1.2246467991473532e-16f,-0.9864053667342813f,0.16433031515155144f,1.2554896484606037f,0f,0f,0f,1f],start_interpolation:0}
execute if entity @s[tag=aj.animal_bear.bone.front_leg_right] run data modify entity @s {} merge value {transformation:[-1f,1.0911682878666935e-16f,5.559780123493434e-17f,-1.1175000000000002f,0f,0.4539904997395469f,-0.8910065241883678f,0.7168538081233966f,-1.2246467991473532e-16f,-0.8910065241883678f,-0.4539904997395469f,0.5127331236126877f,0f,0f,0f,1f],start_interpolation:0}
execute if entity @s[tag=aj.animal_bear.bone.front_body] run data modify entity @s {} merge value {transformation:[-2.28125f,1.6942578681823729e-16f,2.221349253140387e-16f,-0.06249999999999991f,0f,1.8138693170038716f,-1.383466538566043f,0.19543749999999993f,-2.7937255105548995e-16f,-1.383466538566043f,-1.8138693170038716f,-0.7776041666666667f,0f,0f,0f,1f],start_interpolation:0}
execute if entity @s[tag=aj.animal_bear.bone.rear_body] run data modify entity @s {} merge value {transformation:[-1f,0f,1.2246467991473532e-16f,0.015625000000000187f,0f,1f,0f,-0.5141145833333334f,-1.2246467991473532e-16f,0f,-1f,-1.5203125f,0f,0f,0f,1f],start_interpolation:0}