execute if entity @s[tag=aj.animal_bear.bone.front_leg_right_under2] run data modify entity @s {} merge value {transformation:[-1f,3.3506505659660824e-18f,1.2241883420210867e-16f,-0.9177724999999998f,0f,0.9996256413468881f,-0.02736013819085581f,-1.1054718107703645f,-1.2246467991473532e-16f,-0.02736013819085581f,-0.9996256413468881f,-1.3452925701589882f,0f,0f,0f,1f],start_interpolation:0}
execute if entity @s[tag=aj.animal_bear.bone.rear_leg_right] run data modify entity @s {} merge value {transformation:[-1f,2.238746554179837e-17f,1.2040099340633934e-16f,-0.8674999999999998f,0f,0.9831487208407126f,-0.18280752913726142f,-0.2891666666666667f,-1.2246467991473532e-16f,-0.18280752913726142f,-0.9831487208407126f,-1.69375f,0f,0f,0f,1f],start_interpolation:0}
execute if entity @s[tag=aj.animal_bear.bone.front_leg_left_under2] run data modify entity @s {} merge value {transformation:[-1f,5.699744440706587e-19f,1.2246335352158085e-16f,0.9177725000000002f,0f,0.9999891691779589f,-0.0046541945356611825f,-1.1021929037377478f,-1.2246467991473532e-16f,-0.0046541945356611825f,-0.9999891691779589f,-1.3377092628144909f,0f,0f,0f,1f],start_interpolation:0}
execute if entity @s[tag=aj.animal_bear.bone.rear_leg_left] run data modify entity @s {} merge value {transformation:[-1f,2.3507222801101924e-17f,1.2018738828511888e-16f,0.8675000000000003f,0f,0.9814045026598528f,-0.1919510410468436f,-0.2891666666666667f,-1.2246467991473532e-16f,-0.1919510410468436f,-0.9814045026598528f,-1.69375f,0f,0f,0f,1f],start_interpolation:0}
execute if entity @s[tag=aj.animal_bear.bone.head] run data modify entity @s {} merge value {transformation:[-1f,2.2667590504513542e-17f,1.203485694445026e-16f,-1.1796119636642288e-16f,0f,0.9827206467064133f,-0.18509492304471462f,0.03620587891246002f,-1.2246467991473532e-16f,-0.18509492304471462f,-0.9827206467064133f,0.9985812748164272f,0f,0f,0f,1f],start_interpolation:0}
execute if entity @s[tag=aj.animal_bear.bone.front_leg_left_under] run data modify entity @s {} merge value {transformation:[-1f,8.154698508788285e-17f,9.136567763495866e-17f,1.1677725f,0f,0.7460573750616996f,-0.6658816660008342f,-0.7004710490449185f,-1.2246467991473532e-16f,-0.6658816660008342f,-0.7460573750616996f,1.159864832942319f,0f,0f,0f,1f],start_interpolation:0}
execute if entity @s[tag=aj.animal_bear.bone.front_leg_left] run data modify entity @s {} merge value {transformation:[-1f,5.749368466564467e-17f,1.0812989434095453e-16f,0.9925f,0f,0.882947592858927f,-0.46947156278589075f,0.03228981407653694f,-1.2246467991473532e-16f,-0.46947156278589075f,-0.882947592858927f,0.6928278979156958f,0f,0f,0f,1f],start_interpolation:0}
execute if entity @s[tag=aj.animal_bear.bone.front_leg_right_under] run data modify entity @s {} merge value {transformation:[-1f,5.827850024725473e-17f,1.0770893294220917e-16f,-1.2707031250000003f,0f,0.8795101821782436f,-0.47588006834158625f,-0.7652784880212005f,-1.2246467991473532e-16f,-0.47588006834158625f,-0.8795101821782436f,0.9456759467989901f,0f,0f,0f,1f],start_interpolation:0}
execute if entity @s[tag=aj.animal_bear.bone.front_leg_right] run data modify entity @s {} merge value {transformation:[-1f,3.78436673043415e-17f,1.1647083184890926e-16f,-1.1175000000000002f,0f,0.9510565162951536f,-0.30901699437494745f,0.03228981407653694f,-1.2246467991473532e-16f,-0.30901699437494745f,-0.9510565162951536f,0.6928278979156955f,0f,0f,0f,1f],start_interpolation:0}
execute if entity @s[tag=aj.animal_bear.bone.front_body] run data modify entity @s {} merge value {transformation:[-2.28125f,5.171044083842152e-17f,2.7454517404527155e-16f,-0.06249999999999991f,0f,2.2418314752990054f,-0.4222477931957552f,0.1454375f,-2.7937255105548995e-16f,-0.4222477931957552f,-2.2418314752990054f,-0.6942708333333333f,0f,0f,0f,1f],start_interpolation:0}
execute if entity @s[tag=aj.animal_bear.bone.rear_body] run data modify entity @s {} merge value {transformation:[-1f,0f,1.2246467991473532e-16f,0.015625000000000187f,0f,1f,0f,-0.3974479166666667f,-1.2246467991473532e-16f,0f,-1f,-1.5203125f,0f,0f,0f,1f],start_interpolation:0}