execute if entity @s[tag=aj.animal_bear.bone.front_leg_right_under2] run data modify entity @s {} merge value {transformation:[-1f,-1.115557070208886e-16f,5.0526449090434246e-17f,-0.9177724999999998f,0f,0.41257976688146103f,0.9109214762865344f,-1.487092964576806f,-1.2246467991473532e-16f,0.9109214762865344f,-0.41257976688146103f,-1.6129097269066457f,0f,0f,0f,1f],start_interpolation:0}
execute if entity @s[tag=aj.animal_bear.bone.rear_leg_right] run data modify entity @s {} merge value {transformation:[-1f,-1.5682066688482745e-17f,1.214564556168035e-16f,-0.8674999999999998f,0f,0.991767223834384f,0.1280537923211918f,-0.6032142857142858f,-1.2246467991473532e-16f,0.1280537923211918f,-0.991767223834384f,-1.69375f,0f,0f,0f,1f],start_interpolation:0}
execute if entity @s[tag=aj.animal_bear.bone.front_leg_left_under2] run data modify entity @s {} merge value {transformation:[-1f,-9.517293141685719e-17f,7.70695202537344e-17f,0.9177725000000002f,0f,0.6293203910498375f,0.777145961456971f,-1.4887087330766278f,-1.2246467991473532e-16f,0.777145961456971f,-0.6293203910498375f,-1.7543821069403278f,0f,0f,0f,1f],start_interpolation:0}
execute if entity @s[tag=aj.animal_bear.bone.rear_leg_left] run data modify entity @s {} merge value {transformation:[-1f,-3.478184828003912e-17f,1.1742155192656464e-16f,0.8675000000000003f,0f,0.958819734868193f,0.28401534470392276f,-0.6032142857142858f,-1.2246467991473532e-16f,0.28401534470392276f,-0.958819734868193f,-1.69375f,0f,0f,0f,1f],start_interpolation:0}
execute if entity @s[tag=aj.animal_bear.bone.head] run data modify entity @s {} merge value {transformation:[-1f,3.609709808744336e-17f,1.1702391779582527e-16f,-1.1796119636642288e-16f,0f,0.9555728057861408f,-0.29475517441090415f,-0.04573119003022913f,-1.2246467991473532e-16f,-0.29475517441090415f,-0.9555728057861408f,0.9798610415925291f,0f,0f,0f,1f],start_interpolation:0}
execute if entity @s[tag=aj.animal_bear.bone.front_leg_left_under] run data modify entity @s {} merge value {transformation:[-1f,7.766126239579535e-17f,-9.46906867105208e-17f,1.1677724999999999f,0f,-0.7732081345939757f,-0.6341523323285223f,-0.13481079017124908f,-1.2246467991473532e-16f,-0.6341523323285223f,0.7732081345939757f,1.543962956624343f,0f,0f,0f,1f],start_interpolation:0}
execute if entity @s[tag=aj.animal_bear.bone.front_leg_left] run data modify entity @s {} merge value {transformation:[-1f,1.2131498081549207e-16f,1.674136363488248e-17f,0.9925f,0f,0.13670360831007328f,-0.9906119944130528f,-0.08410828714573143f,-1.2246467991473532e-16f,-0.9906119944130528f,-0.13670360831007328f,0.6765004286794696f,0f,0f,0f,1f],start_interpolation:0}
execute if entity @s[tag=aj.animal_bear.bone.front_leg_right_under] run data modify entity @s {} merge value {transformation:[-1f,1.1702391779582527e-16f,-3.6097098087443345e-17f,-1.2707031250000003f,0f,-0.29475517441090415f,-0.9555728057861408f,-0.6836059488342356f,-1.2246467991473532e-16f,-0.9555728057861408f,0.29475517441090415f,1.2601526247390509f,0f,0f,0f,1f],start_interpolation:0}
execute if entity @s[tag=aj.animal_bear.bone.front_leg_right] run data modify entity @s {} merge value {transformation:[-1f,8.605414880741204e-17f,8.713369784216874e-17f,-1.1175000000000002f,0f,0.7115006375947301f,-0.702685450754669f,-0.08410828714573143f,-1.2246467991473532e-16f,-0.702685450754669f,-0.7115006375947301f,0.6765004286794694f,0f,0f,0f,1f],start_interpolation:0}
execute if entity @s[tag=aj.animal_bear.bone.front_body] run data modify entity @s {} merge value {transformation:[-2.28125f,8.234650501198016e-17f,2.669608124717264e-16f,-0.06249999999999991f,0f,2.1799004631996337f,-0.6724102416248751f,-0.1281339285714287f,-2.7937255105548995e-16f,-0.6724102416248751f,-2.1799004631996337f,-0.7145089285714286f,0f,0f,0f,1f],start_interpolation:0}
execute if entity @s[tag=aj.animal_bear.bone.rear_body] run data modify entity @s {} merge value {transformation:[-1f,0f,1.2246467991473532e-16f,0.015625000000000187f,0f,1f,0f,-0.7114955357142858f,-1.2246467991473532e-16f,0f,-1f,-1.5203125f,0f,0f,0f,1f],start_interpolation:0}