execute if entity @s[tag=aj.animal_bear.bone.front_leg_right_under2] run data modify entity @s {} merge value {transformation:[-1f,2.5131251361201073e-18f,1.2243889099738194e-16f,-0.9177724999999998f,0f,0.9997894175090211f,-0.02052122406125456f,-1.108952716914125f,-1.2246467991473532e-16f,-0.02052122406125456f,-0.9997894175090211f,-1.3831649903203913f,0f,0f,0f,1f],start_interpolation:0}
execute if entity @s[tag=aj.animal_bear.bone.rear_leg_right] run data modify entity @s {} merge value {transformation:[-1f,1.6832102336465268e-17f,1.2130242436799578e-16f,-0.8674999999999998f,0f,0.9905094632383088f,-0.13744454603714665f,-0.2775f,-1.2246467991473532e-16f,-0.13744454603714665f,-0.9905094632383088f,-1.69375f,0f,0f,0f,1f],start_interpolation:0}
execute if entity @s[tag=aj.animal_bear.bone.front_leg_left_under2] run data modify entity @s {} merge value {transformation:[-1f,4.274815082592882e-19f,1.2246393381799668e-16f,0.9177725000000002f,0f,0.9999939076577904f,-0.003490651415223728f,-1.1067641802006978f,-1.2246467991473532e-16f,-0.003490651415223728f,-0.9999939076577904f,-1.3773679712157674f,0f,0f,0f,1f],start_interpolation:0}
execute if entity @s[tag=aj.animal_bear.bone.rear_leg_left] run data modify entity @s {} merge value {transformation:[-1f,1.7678535949291375e-17f,1.2118195902570725e-16f,0.8675000000000003f,0f,0.9895257890689695f,-0.14435620100097318f,-0.2775f,-1.2246467991473532e-16f,-0.14435620100097318f,-0.9895257890689695f,-1.69375f,0f,0f,0f,1f],start_interpolation:0}
execute if entity @s[tag=aj.animal_bear.bone.head] run data modify entity @s {} merge value {transformation:[-1f,1.7043789261815554e-17f,1.2127286206821952e-16f,-1.1796119636642288e-16f,0f,0.9902680687415704f,-0.1391731009600654f,-0.04743630823987091f,-1.2246467991473532e-16f,-0.1391731009600654f,-0.9902680687415704f,0.9999994025233264f,0f,0f,0f,1f],start_interpolation:0}
execute if entity @s[tag=aj.animal_bear.bone.front_leg_left_under] run data modify entity @s {} merge value {transformation:[-1f,6.364556936232321e-17f,1.0462714431333909e-16f,1.1677725f,0f,0.8543454683112272f,-0.5197055135132491f,-0.821339320479985f,-1.2246467991473532e-16f,-0.5197055135132491f,-0.8543454683112272f,1.0686495536220026f,0f,0f,0f,1f],start_interpolation:0}
execute if entity @s[tag=aj.animal_bear.bone.front_leg_left] run data modify entity @s {} merge value {transformation:[-1f,4.388741623276521e-17f,1.143306281056419e-16f,0.9925f,0f,0.9335804264972019f,-0.35836794954530016f,-0.03712286109776369f,-1.2246467991473532e-16f,-0.35836794954530016f,-0.9335804264972019f,0.6943949263485708f,0f,0f,0f,1f],start_interpolation:0}
execute if entity @s[tag=aj.animal_bear.bone.front_leg_right_under] run data modify entity @s {} merge value {transformation:[-1f,4.451033720838589e-17f,1.1408956003164513e-16f,-1.2707031250000003f,0f,0.9316119562887741f,-0.3634544853207939f,-0.8520707555670313f,-1.2246467991473532e-16f,-0.3634544853207939f,-0.9316119562887741f,0.8838870413171469f,0f,0f,0f,1f],start_interpolation:0}
execute if entity @s[tag=aj.animal_bear.bone.front_leg_right] run data modify entity @s {} merge value {transformation:[-1f,2.858881176219237e-17f,1.1908097106021814e-16f,-1.1175000000000002f,0f,0.9723699203976767f,-0.23344536385590536f,-0.03712286109776369f,-1.2246467991473532e-16f,-0.23344536385590536f,-0.9723699203976767f,0.6943949263485706f,0f,0f,0f,1f],start_interpolation:0}
execute if entity @s[tag=aj.animal_bear.bone.front_body] run data modify entity @s {} merge value {transformation:[-2.28125f,3.8881144253516733e-17f,2.766537165931258e-16f,-0.06249999999999991f,0f,2.2590490318167076f,-0.3174886365651492f,0.14043750000000005f,-2.7937255105548995e-16f,-0.3174886365651492f,-2.2590490318167076f,-0.6859375f,0f,0f,0f,1f],start_interpolation:0}
execute if entity @s[tag=aj.animal_bear.bone.rear_body] run data modify entity @s {} merge value {transformation:[-1f,0f,1.2246467991473532e-16f,0.015625000000000187f,0f,1f,0f,-0.38578125f,-1.2246467991473532e-16f,0f,-1f,-1.5203125f,0f,0f,0f,1f],start_interpolation:0}