execute if entity @s[tag=aj.animal_bear.bone.front_leg_right_under2] run data modify entity @s {} merge value {transformation:[-1f,7.53514209292788e-18f,1.2223264482231397e-16f,-0.9177724999999999f,0f,0.9981052896836631f,-0.06152910453997135f,-1.0629726018209191f,-1.2246467991473532e-16f,-0.06152910453997135f,-0.9981052896836631f,-1.1685113640018787f,0f,0f,0f,1f],start_interpolation:0}
execute if entity @s[tag=aj.animal_bear.bone.rear_leg_right] run data modify entity @s {} merge value {transformation:[-1f,4.9224405810611684e-17f,1.1213632640322578e-16f,-0.8674999999999998f,0f,0.915662593339561f,-0.40194777665596015f,-0.34750000000000003f,-1.2246467991473532e-16f,-0.40194777665596015f,-0.915662593339561f,-1.69375f,0f,0f,0f,1f],start_interpolation:0}
execute if entity @s[tag=aj.animal_bear.bone.front_leg_left_under2] run data modify entity @s {} merge value {transformation:[-1f,1.2824236899322547e-18f,1.2245796509863324e-16f,0.9177725000000001f,0f,0.9999451693655123f,-0.010471784116245775f,-1.05181591880201f,-1.2246467991473532e-16f,-0.010471784116245775f,-0.9999451693655123f,-1.1536428298720312f,0f,0f,0f,1f],start_interpolation:0}
execute if entity @s[tag=aj.animal_bear.bone.rear_leg_left] run data modify entity @s {} merge value {transformation:[-1f,5.1562016116690026e-17f,1.1108085487878086e-16f,0.8675000000000003f,0f,0.907044014291465f,-0.421035813367491f,-0.34750000000000003f,-1.2246467991473532e-16f,-0.421035813367491f,-0.907044014291465f,-1.69375f,0f,0f,0f,1f],start_interpolation:0}
execute if entity @s[tag=aj.animal_bear.bone.head] run data modify entity @s {} merge value {transformation:[-1f,4.981087280387182e-17f,1.1187705205776151e-16f,-1.1102230246251565e-16f,0f,0.9135454576426009f,-0.4067366430758002f,0.45454879435478285f,-1.2246467991473532e-16f,-0.4067366430758002f,-0.9135454576426009f,0.9364741058950767f,0f,0f,0f,1f],start_interpolation:0}
execute if entity @s[tag=aj.animal_bear.bone.front_leg_left_under] run data modify entity @s {} merge value {transformation:[-1f,1.221756080688166e-16f,-8.409436344577009e-18f,1.1677725f,0f,-0.06866825888437372f,-0.9976395492470158f,0.047865528142905345f,-1.2246467991473532e-16f,-0.9976395492470158f,0.06866825888437372f,1.4427340821936256f,0f,0f,0f,1f],start_interpolation:0}
execute if entity @s[tag=aj.animal_bear.bone.front_leg_left] run data modify entity @s {} merge value {transformation:[-1f,1.0911682878666935e-16f,5.559780123493432e-17f,0.9925f,0f,0.4539904997395468f,-0.891006524188368f,0.3802267063069261f,-1.2246467991473532e-16f,-0.891006524188368f,-0.4539904997395468f,0.6398654575413811f,0f,0f,0f,1f],start_interpolation:0}
execute if entity @s[tag=aj.animal_bear.bone.front_leg_right_under] run data modify entity @s {} merge value {transformation:[-1f,1.1001189848269473e-16f,5.380501852849646e-17f,-1.2707031250000003f,0f,0.43935131799599364f,-0.898315322910159f,-0.259869564567477f,-1.2246467991473532e-16f,-0.898315322910159f,-0.43935131799599364f,1.1786827701324287f,0f,0f,0f,1f],start_interpolation:0}
execute if entity @s[tag=aj.animal_bear.bone.front_leg_right] run data modify entity @s {} merge value {transformation:[-1f,7.953444736000551e-17f,9.312287318246303e-17f,-1.1175000000000002f,0f,0.7604059656000309f,-0.6494480483301837f,0.3802267063069261f,-1.2246467991473532e-16f,-0.6494480483301837f,-0.7604059656000309f,0.6398654575413807f,0f,0f,0f,1f],start_interpolation:0}
execute if entity @s[tag=aj.animal_bear.bone.front_body] run data modify entity @s {} merge value {transformation:[-2.28125f,1.1363105358383258e-16f,2.5521952500676845e-16f,-0.06249999999999991f,0f,2.0840255752471832f,-0.9278679670166692f,0.17043750000000002f,-2.7937255105548995e-16f,-0.9278679670166692f,-2.0840255752471832f,-0.7359374999999999f,0f,0f,0f,1f],start_interpolation:0}
execute if entity @s[tag=aj.animal_bear.bone.rear_body] run data modify entity @s {} merge value {transformation:[-1f,0f,1.2246467991473532e-16f,0.015625000000000187f,0f,1f,0f,-0.45578125f,-1.2246467991473532e-16f,0f,-1f,-1.5203125f,0f,0f,0f,1f],start_interpolation:0}