execute if entity @s[tag=aj.animal_wolf.bone.rear_leg_right_under] run data modify entity @s {} merge value {transformation:[-1f,-1.1647083184890923e-16f,3.7843667304341506e-17f,0.46875000000000017f,0f,0.3090169943749475f,0.9510565162951536f,-1.7495791712335378f,-1.2246467991473532e-16f,0.9510565162951536f,-0.3090169943749475f,-1.4280047632095823f,0f,0f,0f,1f],start_interpolation:0}
execute if entity @s[tag=aj.animal_wolf.bone.rear_leg_left] run data modify entity @s {} merge value {transformation:[-1f,-6.123233995736765e-17f,1.0605752387249069e-16f,0.4687500000000001f,0f,0.8660254037844387f,0.49999999999999994f,-1.275f,-1.2246467991473532e-16f,0.49999999999999994f,-0.8660254037844387f,-0.9375f,0f,0f,0f,1f],start_interpolation:0}
execute if entity @s[tag=aj.animal_wolf.bone.right_leg_left_under] run data modify entity @s {} merge value {transformation:[-1f,-1.164708318489092e-16f,3.784366730434151e-17f,-0.5624999999999998f,0f,0.3090169943749475f,0.9510565162951534f,-1.7982510860012442f,-1.2246467991473532e-16f,0.9510565162951534f,-0.3090169943749475f,-1.3757106953264815f,0f,0f,0f,1f],start_interpolation:0}
execute if entity @s[tag=aj.animal_wolf.bone.rear_leg_right] run data modify entity @s {} merge value {transformation:[-1f,-4.981087280387182e-17f,1.1187705205776151e-16f,-0.4687499999999999f,0f,0.9135454576426009f,0.4067366430758002f,-1.275f,-1.2246467991473532e-16f,0.4067366430758002f,-0.9135454576426009f,-0.9375f,0f,0f,0f,1f],start_interpolation:0}
execute if entity @s[tag=aj.animal_wolf.bone.tale] run data modify entity @s {} merge value {transformation:[-1.3229166666666667f,5.006401820470179e-17f,1.5408120463345286e-16f,1.6934569019459494e-16f,0f,1.258168516348797f,-0.4088037321418576f,-0.9703124999999999f,-1.6201056613720195e-16f,-0.4088037321418576f,-1.258168516348797f,-1.3828125f,0f,0f,0f,1f],start_interpolation:0}
execute if entity @s[tag=aj.animal_wolf.bone.rear_body] run data modify entity @s {} merge value {transformation:[-1.171875f,0f,1.4351329677508045e-16f,-4.305398903252414e-17f,0f,1.171875f,0f,-1.2984375f,-1.4351329677508045e-16f,0f,-1.171875f,0.3515625f,0f,0f,0f,1f],start_interpolation:0}
execute if entity @s[tag=aj.animal_wolf.bone.head] run data modify entity @s {} merge value {transformation:[-1f,-7.871877887341986e-17f,9.381338752702732e-17f,-0.015625000000000156f,0f,0.7660444431189781f,0.6427876096865394f,-0.934375f,-1.2246467991473532e-16f,0.6427876096865394f,-0.7660444431189781f,1.290625f,0f,0f,0f,1f],start_interpolation:0}
execute if entity @s[tag=aj.animal_wolf.bone.talon_left] run data modify entity @s {} merge value {transformation:[-1.0104166666666665f,4.3184760646577276e-18f,1.2366497438374754e-16f,0.6152343749999999f,0f,1.0098011481338778f,-0.035263033126485356f,-1.8925307472313702f,-1.2374035366384712e-16f,-0.035263033126485356f,-1.0098011481338778f,1.4097469303586028f,0f,0f,0f,1f],start_interpolation:0}
execute if entity @s[tag=aj.animal_wolf.bone.front_leg_left_under] run data modify entity @s {} merge value {transformation:[-1f,1.164708318489092e-16f,3.7843667304341524e-17f,0.6005856249999999f,0f,0.30901699437494756f,-0.9510565162951534f,-1.719816047242279f,-1.2246467991473532e-16f,-0.9510565162951534f,-0.30901699437494756f,0.9729924206023282f,0f,0f,0f,1f],start_interpolation:0}
execute if entity @s[tag=aj.animal_wolf.bone.front_leg_left] run data modify entity @s {} merge value {transformation:[-1f,7.198293278059965e-17f,9.907600726170916e-17f,0.5625f,0f,0.8090169943749475f,-0.587785252292473f,-1.275f,-1.2246467991473532e-16f,-0.587785252292473f,-0.8090169943749475f,0.46875000000000006f,0f,0f,0f,1f],start_interpolation:0}
execute if entity @s[tag=aj.animal_wolf.bone.talon_right] run data modify entity @s {} merge value {transformation:[-1.0104166666666665f,4.318476064657784e-18f,1.2366497438374757e-16f,-0.6298831250000001f,0f,1.0098011481338778f,-0.03526303312648575f,-1.8514025259800526f,-1.2374035366384712e-16f,-0.03526303312648575f,-1.0098011481338778f,1.4015148256035252f,0f,0f,0f,1f],start_interpolation:0}
execute if entity @s[tag=aj.animal_wolf.bone.front_leg_right_under] run data modify entity @s {} merge value {transformation:[-1f,1.1647083184890926e-16f,3.7843667304341475e-17f,-0.5625000000000001f,0f,0.3090169943749472f,-0.9510565162951536f,-1.7344137937426307f,-1.2246467991473532e-16f,-0.9510565162951536f,-0.3090169943749472f,0.9466538513330934f,0f,0f,0f,1f],start_interpolation:0}
execute if entity @s[tag=aj.animal_wolf.bone.front_leg_right] run data modify entity @s {} merge value {transformation:[-1f,7.539678551159047e-17f,9.650348470981656e-17f,-0.5625f,0f,0.7880107536067219f,-0.6156614753256584f,-1.275f,-1.2246467991473532e-16f,-0.6156614753256584f,-0.7880107536067219f,0.46874999999999994f,0f,0f,0f,1f],start_interpolation:0}
execute if entity @s[tag=aj.animal_wolf.bone.front_body] run data modify entity @s {} merge value {transformation:[-1f,0f,1.2246467991473532e-16f,-4.305398903252414e-17f,0f,1f,0f,-1.2984375f,-1.2246467991473532e-16f,0f,-1f,0.3515625f,0f,0f,0f,1f],start_interpolation:0}