execute if entity @s[tag=aj.animal_wolf.bone.rear_leg_right_under] run data modify entity @s {} merge value {transformation:[-1f,-9.907600726170915e-17f,7.198293278059966e-17f,0.46875000000000017f,0f,0.587785252292473f,0.8090169943749475f,-1.6470427996420773f,-1.2246467991473532e-16f,0.8090169943749475f,-0.587785252292473f,-1.3618634148354563f,0f,0f,0f,1f],start_interpolation:0}
execute if entity @s[tag=aj.animal_wolf.bone.rear_leg_left] run data modify entity @s {} merge value {transformation:[-1f,-4.6865204053262974e-17f,1.1314261122877003e-16f,0.4687500000000001f,0f,0.9238795325112867f,0.3826834323650897f,-1.1124999999999998f,-1.2246467991473532e-16f,0.3826834323650897f,-0.9238795325112867f,-0.9375f,0f,0f,0f,1f],start_interpolation:0}
execute if entity @s[tag=aj.animal_wolf.bone.right_leg_left_under] run data modify entity @s {} merge value {transformation:[-1f,-9.907600726170915e-17f,7.198293278059968e-17f,-0.5624999999999998f,0f,0.5877852522924731f,0.8090169943749475f,-1.6786901523733917f,-1.2246467991473532e-16f,0.8090169943749475f,-0.5877852522924731f,-1.3186154993639005f,0f,0f,0f,1f],start_interpolation:0}
execute if entity @s[tag=aj.animal_wolf.bone.rear_leg_right] run data modify entity @s {} merge value {transformation:[-1f,-3.7843667304341506e-17f,1.1647083184890923e-16f,-0.4687499999999999f,0f,0.9510565162951535f,0.30901699437494745f,-1.1124999999999998f,-1.2246467991473532e-16f,0.30901699437494745f,-0.9510565162951535f,-0.9375f,0f,0f,0f,1f],start_interpolation:0}
execute if entity @s[tag=aj.animal_wolf.bone.tale] run data modify entity @s {} merge value {transformation:[-1.3229166666666667f,3.782061556040033e-17f,1.5753420129841355e-16f,1.6934569019459494e-16f,0f,1.2863643738594264f,-0.3088287626010416f,-0.8078124999999998f,-1.6201056613720195e-16f,-0.3088287626010416f,-1.2863643738594264f,-1.3828125f,0f,0f,0f,1f],start_interpolation:0}
execute if entity @s[tag=aj.animal_wolf.bone.rear_body] run data modify entity @s {} merge value {transformation:[-1.171875f,0f,1.4351329677508045e-16f,-4.305398903252414e-17f,0f,1.171875f,0f,-1.1359374999999998f,-1.4351329677508045e-16f,0f,-1.171875f,0.3515625f,0f,0f,0f,1f],start_interpolation:0}
execute if entity @s[tag=aj.animal_wolf.bone.head] run data modify entity @s {} merge value {transformation:[-1f,-6.123233995736765e-17f,1.0605752387249069e-16f,-0.015625000000000153f,0f,0.8660254037844387f,0.49999999999999994f,-0.6968749999999998f,-1.2246467991473532e-16f,0.49999999999999994f,-0.8660254037844387f,1.253125f,0f,0f,0f,1f],start_interpolation:0}
execute if entity @s[tag=aj.animal_wolf.bone.talon_left] run data modify entity @s {} merge value {transformation:[-1.0104166666666665f,3.239144841456454e-18f,1.2369795093513082e-16f,0.615234375f,0f,1.0100704221107193f,-0.02644962485274671f,-1.9299465236575066f,-1.2374035366384712e-16f,-0.02644962485274671f,-1.0100704221107193f,1.2592062443207335f,0f,0f,0f,1f],start_interpolation:0}
execute if entity @s[tag=aj.animal_wolf.bone.front_leg_left_under] run data modify entity @s {} merge value {transformation:[-1f,9.907600726170916e-17f,7.198293278059968e-17f,0.600585625f,0f,0.5877852522924732f,-0.8090169943749473f,-1.6307205168883312f,-1.2246467991473532e-16f,-0.8090169943749473f,-0.5877852522924732f,0.897199799270733f,0f,0f,0f,1f],start_interpolation:0}
execute if entity @s[tag=aj.animal_wolf.bone.front_leg_left] run data modify entity @s {} merge value {transformation:[-1f,5.559780123493432e-17f,1.0911682878666935e-16f,0.5625f,0f,0.8910065241883679f,-0.45399049973954675f,-1.1124999999999998f,-1.2246467991473532e-16f,-0.45399049973954675f,-0.8910065241883679f,0.46875000000000006f,0f,0f,0f,1f],start_interpolation:0}
execute if entity @s[tag=aj.animal_wolf.bone.talon_right] run data modify entity @s {} merge value {transformation:[-1.0104166666666665f,3.239144841456454e-18f,1.2369795093513082e-16f,-0.629883125f,0f,1.0100704221107193f,-0.026449624852746823f,-1.8963127636650947f,-1.2374035366384712e-16f,-0.026449624852746823f,-1.0100704221107193f,1.2607215279089399f,0f,0f,0f,1f],start_interpolation:0}
execute if entity @s[tag=aj.animal_wolf.bone.front_leg_right_under] run data modify entity @s {} merge value {transformation:[-1f,9.907600726170916e-17f,7.198293278059968e-17f,-0.5625f,0f,0.5877852522924731f,-0.8090169943749475f,-1.6444900964100764f,-1.2246467991473532e-16f,-0.8090169943749475f,-0.5877852522924731f,0.8642745407324273f,0f,0f,0f,1f],start_interpolation:0}
execute if entity @s[tag=aj.animal_wolf.bone.front_leg_right] run data modify entity @s {} merge value {transformation:[-1f,5.843509484370488e-17f,1.0762405640573948e-16f,-0.5625f,0f,0.8788171126619654f,-0.4771587602596084f,-1.1124999999999998f,-1.2246467991473532e-16f,-0.4771587602596084f,-0.8788171126619654f,0.46874999999999994f,0f,0f,0f,1f],start_interpolation:0}
execute if entity @s[tag=aj.animal_wolf.bone.front_body] run data modify entity @s {} merge value {transformation:[-1f,0f,1.2246467991473532e-16f,-4.305398903252414e-17f,0f,1f,0f,-1.1359374999999998f,-1.2246467991473532e-16f,0f,-1f,0.3515625f,0f,0f,0f,1f],start_interpolation:0}