execute if entity @s[tag=aj.animal_wolf.bone.rear_leg_right_under] run data modify entity @s {} merge value {transformation:[-1f,2.546183866652831e-17f,1.1978853283323182e-16f,0.4687500000000002f,0f,0.9781476007338056f,-0.20791169081775934f,-1.1150445055171896f,-1.2246467991473532e-16f,-0.20791169081775934f,-0.9781476007338056f,-1.788143085454828f,0f,0f,0f,1f],start_interpolation:0}
execute if entity @s[tag=aj.animal_wolf.bone.rear_leg_left] run data modify entity @s {} merge value {transformation:[-1f,-4.188538737676991e-17f,1.1507915602278503e-16f,0.46875000000000017f,0f,0.9396926207859084f,0.34202014332566866f,-0.5625f,-1.2246467991473532e-16f,0.34202014332566866f,-0.9396926207859084f,-1.3875f,0f,0f,0f,1f],start_interpolation:0}
execute if entity @s[tag=aj.animal_wolf.bone.right_leg_left_under] run data modify entity @s {} merge value {transformation:[-1f,2.546183866652831e-17f,1.1978853283323182e-16f,-0.5624999999999998f,0f,0.9781476007338056f,-0.20791169081775934f,-1.1150445055171896f,-1.2246467991473532e-16f,-0.20791169081775934f,-0.9781476007338056f,-1.788143085454828f,0f,0f,0f,1f],start_interpolation:0}
execute if entity @s[tag=aj.animal_wolf.bone.rear_leg_right] run data modify entity @s {} merge value {transformation:[-1f,-4.188538737676991e-17f,1.1507915602278503e-16f,-0.46874999999999983f,0f,0.9396926207859084f,0.34202014332566866f,-0.5625f,-1.2246467991473532e-16f,0.34202014332566866f,-0.9396926207859084f,-1.3875f,0f,0f,0f,1f],start_interpolation:0}
execute if entity @s[tag=aj.animal_wolf.bone.tale] run data modify entity @s {} merge value {transformation:[-1.3229166666666667f,0f,1.6201056613720195e-16f,2.2445479615622584e-16f,0f,1.3229166666666667f,0f,-0.2578125f,-1.6201056613720195e-16f,0f,-1.3229166666666667f,-1.8328125f,0f,0f,0f,1f],start_interpolation:0}
execute if entity @s[tag=aj.animal_wolf.bone.rear_body] run data modify entity @s {} merge value {transformation:[-1.171875f,0f,1.4351329677508045e-16f,1.2055116929106758e-17f,0f,1.171875f,0f,-0.5859375f,-1.4351329677508045e-16f,0f,-1.171875f,-0.09843750000000001f,0f,0f,0f,1f],start_interpolation:0}
execute if entity @s[tag=aj.animal_wolf.bone.head] run data modify entity @s {} merge value {transformation:[-1f,-2.6506208041798665e-17f,1.195617780139768e-16f,-0.015625000000000066f,0f,0.9762960071199333f,0.2164396139381029f,0.40289336764898986f,-1.2246467991473532e-16f,0.2164396139381029f,-0.9762960071199333f,0.5101738140891774f,0f,0f,0f,1f],start_interpolation:0}
execute if entity @s[tag=aj.animal_wolf.bone.talon_left] run data modify entity @s {} merge value {transformation:[-1.0104166666666665f,1.1909455134439593e-16f,3.358813726497806e-17f,0.6152343749999999f,0f,0.2742679545511688f,-0.9724808118333725f,-0.9751533603474272f,-1.2374035366384712e-16f,-0.9724808118333725f,-0.2742679545511688f,0.9710908686707076f,0f,0f,0f,1f],start_interpolation:0}
execute if entity @s[tag=aj.animal_wolf.bone.front_leg_left_under] run data modify entity @s {} merge value {transformation:[-1f,9.683154556045829e-17f,7.497499323768871e-17f,0.6005856249999999f,0f,0.6122172800344493f,-0.7906895737438433f,-0.6650117767255024f,-1.2246467991473532e-16f,-0.7906895737438433f,-0.6122172800344493f,0.6183911841042904f,0f,0f,0f,1f],start_interpolation:0}
execute if entity @s[tag=aj.animal_wolf.bone.front_leg_left] run data modify entity @s {} merge value {transformation:[-1f,9.683154556045829e-17f,7.497499323768871e-17f,0.5625f,0f,0.6122172800344493f,-0.7906895737438433f,-0.3790678547317783f,-1.2246467991473532e-16f,-0.7906895737438433f,-0.6122172800344493f,0.00982088570484696f,0f,0f,0f,1f],start_interpolation:0}
execute if entity @s[tag=aj.animal_wolf.bone.talon_right] run data modify entity @s {} merge value {transformation:[-1.0104166666666665f,1.184902188443591e-16f,3.5661508143513144e-17f,-0.6298831250000001f,0f,0.29119831259381945f,-0.9675460624798644f,-0.9872694124332754f,-1.2374035366384712e-16f,-0.9675460624798644f,-0.29119831259381945f,0.9642088564257366f,0f,0f,0f,1f],start_interpolation:0}
execute if entity @s[tag=aj.animal_wolf.bone.front_leg_right_under] run data modify entity @s {} merge value {transformation:[-1f,9.550830359243858e-17f,7.665351767214054e-17f,-0.5625000000000001f,0f,0.6259234721840591f,-0.7798844830928817f,-0.7167159630626094f,-1.2246467991473532e-16f,-0.7798844830928817f,-0.6259234721840591f,0.580300403251806f,0f,0f,0f,1f],start_interpolation:0}
execute if entity @s[tag=aj.animal_wolf.bone.front_leg_right] run data modify entity @s {} merge value {transformation:[-1f,9.550830359243858e-17f,7.665351767214054e-17f,-0.5625f,0f,0.6259234721840591f,-0.7798844830928817f,-0.3790678547317783f,-1.2246467991473532e-16f,-0.7798844830928817f,-0.6259234721840591f,0.009820885704846821f,0f,0f,0f,1f],start_interpolation:0}
execute if entity @s[tag=aj.animal_wolf.bone.front_body] run data modify entity @s {} merge value {transformation:[-1f,2.910812672397303e-17f,1.1895509566739756e-16f,1.2055116929106758e-17f,0f,0.9713420698132614f,-0.23768589232617307f,-0.4296875f,-1.2246467991473532e-16f,-0.23768589232617307f,-0.9713420698132614f,-0.09843750000000001f,0f,0f,0f,1f],start_interpolation:0}