execute if entity @s[tag=aj.animal_wolf.bone.rear_leg_right_under] run data modify entity @s {} merge value {transformation:[-1f,2.4764510268777855e-17f,1.1993463577201615e-16f,0.4687500000000002f,0f,0.9793406217655515f,-0.2022175723320379f,-1.1189032153420104f,-1.2246467991473532e-16f,-0.2022175723320379f,-0.9793406217655515f,-1.5202667130648273f,0f,0f,0f,1f],start_interpolation:0}
execute if entity @s[tag=aj.animal_wolf.bone.rear_leg_left] run data modify entity @s {} merge value {transformation:[-1f,-4.076759690752348e-17f,1.1547987213798022e-16f,0.46875000000000017f,0f,0.942964716180876f,0.3328926914756766f,-0.5625f,-1.2246467991473532e-16f,0.3328926914756766f,-0.942964716180876f,-1.1250000000000002f,0f,0f,0f,1f],start_interpolation:0}
execute if entity @s[tag=aj.animal_wolf.bone.right_leg_left_under] run data modify entity @s {} merge value {transformation:[-1f,2.4764510268777855e-17f,1.1993463577201615e-16f,-0.5624999999999998f,0f,0.9793406217655515f,-0.2022175723320379f,-1.1189032153420104f,-1.2246467991473532e-16f,-0.2022175723320379f,-0.9793406217655515f,-1.5202667130648273f,0f,0f,0f,1f],start_interpolation:0}
execute if entity @s[tag=aj.animal_wolf.bone.rear_leg_right] run data modify entity @s {} merge value {transformation:[-1f,-4.076759690752348e-17f,1.1547987213798022e-16f,-0.46874999999999983f,0f,0.942964716180876f,0.3328926914756766f,-0.5625f,-1.2246467991473532e-16f,0.3328926914756766f,-0.942964716180876f,-1.1250000000000002f,0f,0f,0f,1f],start_interpolation:0}
execute if entity @s[tag=aj.animal_wolf.bone.tale] run data modify entity @s {} merge value {transformation:[-1.3229166666666667f,0f,1.6201056613720195e-16f,1.9230781767860783e-16f,0f,1.3229166666666667f,0f,-0.2578125f,-1.6201056613720195e-16f,0f,-1.3229166666666667f,-1.5703125000000002f,0f,0f,0f,1f],start_interpolation:0}
execute if entity @s[tag=aj.animal_wolf.bone.rear_body] run data modify entity @s {} merge value {transformation:[-1.171875f,0f,1.4351329677508045e-16f,-2.0091861548511244e-17f,0f,1.171875f,0f,-0.5859375f,-1.4351329677508045e-16f,0f,-1.171875f,0.16406249999999983f,0f,0f,0f,1f],start_interpolation:0}
execute if entity @s[tag=aj.animal_wolf.bone.head] run data modify entity @s {} merge value {transformation:[-1f,-4.56282458527807e-17f,1.1364708974283846e-16f,-0.015625000000000076f,0f,0.9279989121921846f,0.37258290214410283f,0.6155830484334508f,-1.2246467991473532e-16f,0.37258290214410283f,-0.9279989121921846f,0.6137962968431693f,0f,0f,0f,1f],start_interpolation:0}
execute if entity @s[tag=aj.animal_wolf.bone.talon_left] run data modify entity @s {} merge value {transformation:[-1.0104166666666665f,1.140495752279494e-16f,-4.800384896212251e-17f,0.6152343749999998f,0f,-0.39198117363753093f,-0.9312854555889517f,-0.09794508298462697f,-1.2374035366384712e-16f,-0.9312854555889517f,0.39198117363753093f,1.3832164344102815f,0f,0f,0f,1f],start_interpolation:0}
execute if entity @s[tag=aj.animal_wolf.bone.front_leg_left_under] run data modify entity @s {} merge value {transformation:[-1f,1.2242613842327152e-16f,-3.0722072496063195e-18f,0.6005856249999999f,0f,-0.025086475967971367f,-0.9996852848389379f,-0.08041671376534779f,-1.2246467991473532e-16f,-0.9996852848389379f,0.025086475967971367f,0.9138790017914051f,0f,0f,0f,1f],start_interpolation:0}
execute if entity @s[tag=aj.animal_wolf.bone.front_leg_left] run data modify entity @s {} merge value {transformation:[-1f,1.2242613842327152e-16f,-3.0722072496063195e-18f,0.5625f,0f,-0.025086475967971367f,-0.9996852848389379f,-0.2433179877656578f,-1.2246467991473532e-16f,-0.9996852848389379f,0.025086475967971367f,0.26151031036897293f,0f,0f,0f,1f],start_interpolation:0}
execute if entity @s[tag=aj.animal_wolf.bone.talon_right] run data modify entity @s {} merge value {transformation:[-1.0104166666666665f,1.1546234763664622e-16f,-4.4498555067420105e-17f,-0.6298831250000001f,0f,-0.3633582768386912f,-0.9428216177679605f,-0.12640883567761202f,-1.2374035366384712e-16f,-0.9428216177679605f,0.3633582768386912f,1.3871646905431536f,0f,0f,0f,1f],start_interpolation:0}
execute if entity @s[tag=aj.animal_wolf.bone.front_leg_right_under] run data modify entity @s {} merge value {transformation:[-1f,1.2246285839216047e-16f,6.679379014730965e-19f,-0.5625000000000001f,0f,0.005454126871014098f,-0.9999851261394215f,-0.15314865294919003f,-1.2246467991473532e-16f,-0.9999851261394215f,-0.005454126871014098f,0.9182618737921256f,0f,0f,0f,1f],start_interpolation:0}
execute if entity @s[tag=aj.animal_wolf.bone.front_leg_right] run data modify entity @s {} merge value {transformation:[-1f,1.2246285839216047e-16f,6.679379014730965e-19f,-0.5625f,0f,0.005454126871014098f,-0.9999851261394215f,-0.2433179877656578f,-1.2246467991473532e-16f,-0.9999851261394215f,-0.005454126871014098f,0.26151031036897276f,0f,0f,0f,1f],start_interpolation:0}
execute if entity @s[tag=aj.animal_wolf.bone.front_body] run data modify entity @s {} merge value {transformation:[-1f,4.993288207663917e-17f,1.1182265027327434e-16f,-2.0091861548511244e-17f,0f,0.9131012333607504f,-0.40773292439423664f,-0.3125f,-1.2246467991473532e-16f,-0.40773292439423664f,-0.9131012333607504f,0.16406249999999983f,0f,0f,0f,1f],start_interpolation:0}