execute if entity @s[tag=aj.animal_wolf.bone.rear_leg_right_under] run data modify entity @s {} merge value {transformation:[-1f,6.4093061293237094e-18f,1.2229684632711997e-16f,0.46875000000000017f,0f,0.9986295347545739f,-0.05233595624294382f,-1.199911068857522f,-1.2246467991473532e-16f,-0.05233595624294382f,-0.9986295347545739f,-1.293982462070353f,0f,0f,0f,1f],start_interpolation:0}
execute if entity @s[tag=aj.animal_wolf.bone.rear_leg_left] run data modify entity @s {} merge value {transformation:[-1f,-1.0673500138322974e-17f,1.2199866483456202e-16f,0.4687500000000001f,0f,0.9961946980917455f,0.08715574274765818f,-0.5625f,-1.2246467991473532e-16f,0.08715574274765818f,-0.9961946980917455f,-1.05f,0f,0f,0f,1f],start_interpolation:0}
execute if entity @s[tag=aj.animal_wolf.bone.right_leg_left_under] run data modify entity @s {} merge value {transformation:[-1f,6.4093061293237094e-18f,1.2229684632711997e-16f,-0.5624999999999999f,0f,0.9986295347545739f,-0.05233595624294382f,-1.199911068857522f,-1.2246467991473532e-16f,-0.05233595624294382f,-0.9986295347545739f,-1.293982462070353f,0f,0f,0f,1f],start_interpolation:0}
execute if entity @s[tag=aj.animal_wolf.bone.rear_leg_right] run data modify entity @s {} merge value {transformation:[-1f,-1.0673500138322974e-17f,1.2199866483456202e-16f,-0.4687499999999999f,0f,0.9961946980917455f,0.08715574274765818f,-0.5625f,-1.2246467991473532e-16f,0.08715574274765818f,-0.9961946980917455f,-1.05f,0f,0f,0f,1f],start_interpolation:0}
execute if entity @s[tag=aj.animal_wolf.bone.tale] run data modify entity @s {} merge value {transformation:[-1.3229166666666667f,0f,1.6201056613720195e-16f,1.8312296668500267e-16f,0f,1.3229166666666667f,0f,-0.2578125f,-1.6201056613720195e-16f,0f,-1.3229166666666667f,-1.4953125f,0f,0f,0f,1f],start_interpolation:0}
execute if entity @s[tag=aj.animal_wolf.bone.rear_body] run data modify entity @s {} merge value {transformation:[-1.171875f,0f,1.4351329677508045e-16f,-2.9276712542116413e-17f,0f,1.171875f,0f,-0.5859375f,-1.4351329677508045e-16f,0f,-1.171875f,0.2390625f,0f,0f,0f,1f],start_interpolation:0}
execute if entity @s[tag=aj.animal_wolf.bone.head] run data modify entity @s {} merge value {transformation:[-1f,-6.676100993809758e-18f,1.2228257235656694e-16f,-0.015625000000000118f,0f,0.998512978939763f,0.05451450163800632f,0.16330467406206794f,-1.2246467991473532e-16f,0.05451450163800632f,-0.998512978939763f,0.9868883242141648f,0f,0f,0f,1f],start_interpolation:0}
execute if entity @s[tag=aj.animal_wolf.bone.talon_left] run data modify entity @s {} merge value {transformation:[-1.0104166666666665f,3.939137154219248e-17f,1.1730300496099367e-16f,0.615234375f,0f,0.957851725433526f,-0.32165495855309706f,-1.5858567635026648f,-1.2374035366384712e-16f,-0.32165495855309706f,-0.957851725433526f,0.7230545358560185f,0f,0f,0f,1f],start_interpolation:0}
execute if entity @s[tag=aj.animal_wolf.bone.front_leg_left_under] run data modify entity @s {} merge value {transformation:[-1f,2.7678706835329454e-17f,1.1929579629870642e-16f,0.600585625f,0f,0.9741241015921066f,-0.22601379315734504f,-1.1226145930349583f,-1.2246467991473532e-16f,-0.22601379315734504f,-0.9741241015921066f,0.6456493623523443f,0f,0f,0f,1f],start_interpolation:0}
execute if entity @s[tag=aj.animal_wolf.bone.front_leg_left] run data modify entity @s {} merge value {transformation:[-1f,2.7678706835329454e-17f,1.1929579629870642e-16f,0.5625f,0f,0.9741241015921066f,-0.22601379315734504f,-0.5164531405971713f,-1.2246467991473532e-16f,-0.22601379315734504f,-0.9741241015921066f,0.3546338503986803f,0f,0f,0f,1f],start_interpolation:0}
execute if entity @s[tag=aj.animal_wolf.bone.talon_right] run data modify entity @s {} merge value {transformation:[-1.0104166666666665f,3.887916727405114e-17f,1.1747376505811972e-16f,-0.629883125f,0f,0.9592460874425961f,-0.31747249330272487f,-1.5861547347008313f,-1.2374035366384712e-16f,-0.31747249330272487f,-0.9592460874425961f,0.7240983724022876f,0f,0f,0f,1f],start_interpolation:0}
execute if entity @s[tag=aj.animal_wolf.bone.front_leg_right_under] run data modify entity @s {} merge value {transformation:[-1f,2.7157918898367997e-17f,1.1941543144723062e-16f,-0.5625f,0f,0.9751009967149085f,-0.22176123693195787f,-1.135573053728959f,-1.2246467991473532e-16f,-0.22176123693195787f,-0.9751009967149085f,0.5915803805773002f,0f,0f,0f,1f],start_interpolation:0}
execute if entity @s[tag=aj.animal_wolf.bone.front_leg_right] run data modify entity @s {} merge value {transformation:[-1f,2.7157918898367997e-17f,1.1941543144723062e-16f,-0.5625f,0f,0.9751009967149085f,-0.22176123693195787f,-0.5164531405971713f,-1.2246467991473532e-16f,-0.22176123693195787f,-0.9751009967149085f,0.3546338503986802f,0f,0f,0f,1f],start_interpolation:0}
execute if entity @s[tag=aj.animal_wolf.bone.front_body] run data modify entity @s {} merge value {transformation:[-1f,7.342946358161015e-18f,1.2224434124081058e-16f,-2.9276712542116413e-17f,0f,0.9982007981886848f,-0.059959707266400895f,-0.546875f,-1.2246467991473532e-16f,-0.059959707266400895f,-0.9982007981886848f,0.2390625f,0f,0f,0f,1f],start_interpolation:0}