execute if entity @s[tag=aj.animal_wolf.bone.rear_leg_right_under] run data modify entity @s {} merge value {transformation:[-1f,2.1265768495757707e-17f,1.2060416625018979e-16f,0.46875000000000017f,0f,0.984807753012208f,-0.17364817766693025f,-1.1374050113237102f,-1.2246467991473532e-16f,-0.17364817766693025f,-0.984807753012208f,-1.3053376550258071f,0f,0f,0f,1f],start_interpolation:0}
execute if entity @s[tag=aj.animal_wolf.bone.rear_leg_left] run data modify entity @s {} merge value {transformation:[-1f,-3.512326609247501e-17f,1.1731987898738974e-16f,0.4687500000000001f,0f,0.9579895123154889f,0.2868032327110902f,-0.5625f,-1.2246467991473532e-16f,0.2868032327110902f,-0.9579895123154889f,-0.9375f,0f,0f,0f,1f],start_interpolation:0}
execute if entity @s[tag=aj.animal_wolf.bone.right_leg_left_under] run data modify entity @s {} merge value {transformation:[-1f,2.1265768495757707e-17f,1.2060416625018979e-16f,-0.5624999999999998f,0f,0.984807753012208f,-0.17364817766693025f,-1.1374050113237102f,-1.2246467991473532e-16f,-0.17364817766693025f,-0.984807753012208f,-1.3053376550258071f,0f,0f,0f,1f],start_interpolation:0}
execute if entity @s[tag=aj.animal_wolf.bone.rear_leg_right] run data modify entity @s {} merge value {transformation:[-1f,-3.512326609247501e-17f,1.1731987898738974e-16f,-0.4687499999999999f,0f,0.9579895123154889f,0.2868032327110902f,-0.5625f,-1.2246467991473532e-16f,0.2868032327110902f,-0.9579895123154889f,-0.9375f,0f,0f,0f,1f],start_interpolation:0}
execute if entity @s[tag=aj.animal_wolf.bone.tale] run data modify entity @s {} merge value {transformation:[-1.3229166666666667f,0f,1.6201056613720195e-16f,1.6934569019459494e-16f,0f,1.3229166666666667f,0f,-0.2578125f,-1.6201056613720195e-16f,0f,-1.3229166666666667f,-1.3828125f,0f,0f,0f,1f],start_interpolation:0}
execute if entity @s[tag=aj.animal_wolf.bone.rear_body] run data modify entity @s {} merge value {transformation:[-1.171875f,0f,1.4351329677508045e-16f,-4.305398903252414e-17f,0f,1.171875f,0f,-0.5859375f,-1.4351329677508045e-16f,0f,-1.171875f,0.3515625f,0f,0f,0f,1f],start_interpolation:0}
execute if entity @s[tag=aj.animal_wolf.bone.head] run data modify entity @s {} merge value {transformation:[-1f,-5.175581015019658e-17f,1.1099069304367545e-16f,-0.01562500000000009f,0f,0.90630778703665f,0.4226182617406994f,0.6799416465381818f,-1.2246467991473532e-16f,0.4226182617406994f,-0.90630778703665f,0.7448395470783009f,0f,0f,0f,1f],start_interpolation:0}
execute if entity @s[tag=aj.animal_wolf.bone.talon_left] run data modify entity @s {} merge value {transformation:[-1.0104166666666665f,1.0397299404329769e-16f,-6.709166590960715e-17f,0.6152343749999998f,0f,-0.5478450272872063f,-0.8490039259947256f,0.19659528818415106f,-1.2374035366384712e-16f,-0.8490039259947256f,0.5478450272872063f,1.5045115375906182f,0f,0f,0f,1f],start_interpolation:0}
execute if entity @s[tag=aj.animal_wolf.bone.front_leg_left_under] run data modify entity @s {} merge value {transformation:[-1f,1.1856389088911123e-16f,-3.0662707053577285e-17f,0.6005856249999999f,0f,-0.2503800040544413f,-0.9681476403781077f,0.10759336168533407f,-1.2246467991473532e-16f,-0.9681476403781077f,0.2503800040544413f,1.0433569794820978f,0f,0f,0f,1f],start_interpolation:0}
execute if entity @s[tag=aj.animal_wolf.bone.front_leg_left] run data modify entity @s {} merge value {transformation:[-1f,1.1856389088911123e-16f,-3.0662707053577285e-17f,0.5625f,0f,-0.2503800040544413f,-0.9681476403781077f,-0.19853701798390488f,-1.2246467991473532e-16f,-0.9681476403781077f,0.2503800040544413f,0.4446868488903768f,0f,0f,0f,1f],start_interpolation:0}
execute if entity @s[tag=aj.animal_wolf.bone.talon_right] run data modify entity @s {} merge value {transformation:[-1.0104166666666665f,1.0625112187776043e-16f,-6.342219031672795e-17f,-0.6298831250000001f,0f,-0.517881485183197f,-0.8676062514656195f,0.16508772044754638f,-1.2374035366384712e-16f,-0.8676062514656195f,0.517881485183197f,1.5163876387790118f,0f,0f,0f,1f],start_interpolation:0}
execute if entity @s[tag=aj.animal_wolf.bone.front_leg_right_under] run data modify entity @s {} merge value {transformation:[-1f,1.195617780139768e-16f,-2.650620804179866e-17f,-0.5625000000000001f,0f,-0.21643961393810288f,-0.9762960071199335f,0.03502922933046887f,-1.2246467991473532e-16f,-0.9762960071199335f,0.21643961393810288f,1.0650898897561358f,0f,0f,0f,1f],start_interpolation:0}
execute if entity @s[tag=aj.animal_wolf.bone.front_leg_right] run data modify entity @s {} merge value {transformation:[-1f,1.195617780139768e-16f,-2.650620804179866e-17f,-0.5625f,0f,-0.21643961393810288f,-0.9762960071199335f,-0.19853701798390488f,-1.2246467991473532e-16f,-0.9762960071199335f,0.21643961393810288f,0.4446868488903767f,0f,0f,0f,1f],start_interpolation:0}
execute if entity @s[tag=aj.animal_wolf.bone.front_body] run data modify entity @s {} merge value {transformation:[-1f,5.654789612090135e-17f,1.0862749776607361e-16f,-4.305398903252414e-17f,0f,0.8870108331782217f,-0.4617486132350339f,-0.2734375f,-1.2246467991473532e-16f,-0.4617486132350339f,-0.8870108331782217f,0.3515625f,0f,0f,0f,1f],start_interpolation:0}