execute if entity @s[tag=aj.animal_wolf.bone.rear_leg_right_under] run data modify entity @s {} merge value {transformation:[-1f,1.7749033759509416e-17f,1.211716535631266e-16f,0.46875000000000017f,0f,0.9894416385809445f,-0.1449318593072467f,-1.1545557904699995f,-1.2246467991473532e-16f,-0.1449318593072467f,-0.9894416385809445f,-1.0687108515247556f,0f,0f,0f,1f],start_interpolation:0}
execute if entity @s[tag=aj.animal_wolf.bone.rear_leg_left] run data modify entity @s {} merge value {transformation:[-1f,-2.939639620945727e-17f,1.188841861498626e-16f,0.4687500000000001f,0f,0.97076304966162f,0.2400397913090059f,-0.5625f,-1.2246467991473532e-16f,0.2400397913090059f,-0.97076304966162f,-0.7291666666666667f,0f,0f,0f,1f],start_interpolation:0}
execute if entity @s[tag=aj.animal_wolf.bone.right_leg_left_under] run data modify entity @s {} merge value {transformation:[-1f,1.7749033759509416e-17f,1.211716535631266e-16f,-0.5624999999999999f,0f,0.9894416385809445f,-0.1449318593072467f,-1.1545557904699995f,-1.2246467991473532e-16f,-0.1449318593072467f,-0.9894416385809445f,-1.0687108515247556f,0f,0f,0f,1f],start_interpolation:0}
execute if entity @s[tag=aj.animal_wolf.bone.rear_leg_right] run data modify entity @s {} merge value {transformation:[-1f,-2.939639620945727e-17f,1.188841861498626e-16f,-0.4687499999999999f,0f,0.97076304966162f,0.2400397913090059f,-0.5625f,-1.2246467991473532e-16f,0.2400397913090059f,-0.97076304966162f,-0.7291666666666667f,0f,0f,0f,1f],start_interpolation:0}
execute if entity @s[tag=aj.animal_wolf.bone.tale] run data modify entity @s {} merge value {transformation:[-1.3229166666666667f,0f,1.6201056613720195e-16f,1.438322152123584e-16f,0f,1.3229166666666667f,0f,-0.2578125f,-1.6201056613720195e-16f,0f,-1.3229166666666667f,-1.1744791666666667f,0f,0f,0f,1f],start_interpolation:0}
execute if entity @s[tag=aj.animal_wolf.bone.rear_body] run data modify entity @s {} merge value {transformation:[-1.171875f,0f,1.4351329677508045e-16f,-6.856746401476065e-17f,0f,1.171875f,0f,-0.5859375f,-1.4351329677508045e-16f,0f,-1.171875f,0.5598958333333333f,0f,0f,0f,1f],start_interpolation:0}
execute if entity @s[tag=aj.animal_wolf.bone.head] run data modify entity @s {} merge value {transformation:[-1f,-4.355465670709063e-17f,1.1445780753511779e-16f,-0.01562500000000013f,0f,0.9346189253489885f,0.3556507618148764f,0.5933832005522789f,-1.2246467991473532e-16f,0.3556507618148764f,-0.9346189253489885f,1.0280987907366903f,0f,0f,0f,1f],start_interpolation:0}
execute if entity @s[tag=aj.animal_wolf.bone.talon_left] run data modify entity @s {} merge value {transformation:[-1.0104166666666665f,1.2087178036222593e-16f,-2.6489391025838634e-17f,0.6152343749999997f,0f,-0.2163022925816781f,-0.9869929880711856f,-0.19850953169628371f,-1.2374035366384712e-16f,-0.9869929880711856f,0.2163022925816781f,1.7882131838066109f,0f,0f,0f,1f],start_interpolation:0}
execute if entity @s[tag=aj.animal_wolf.bone.front_leg_left_under] run data modify entity @s {} merge value {transformation:[-1f,1.2230603892845205e-16f,6.2314258601502105e-18f,0.6005856249999998f,0f,0.05088345361690216f,-0.9987045980408904f,-0.1453989890426316f,-1.2246467991473532e-16f,-0.9987045980408904f,-0.05088345361690216f,1.3215611296551262f,0f,0f,0f,1f],start_interpolation:0}
execute if entity @s[tag=aj.animal_wolf.bone.front_leg_left] run data modify entity @s {} merge value {transformation:[-1f,1.2230603892845205e-16f,6.2314258601502105e-18f,0.5624999999999999f,0f,0.05088345361690216f,-0.9987045980408904f,-0.25830134146018563f,-1.2246467991473532e-16f,-0.9987045980408904f,-0.05088345361690216f,0.6587076062898786f,0f,0f,0f,1f],start_interpolation:0}
execute if entity @s[tag=aj.animal_wolf.bone.talon_right] run data modify entity @s {} merge value {transformation:[-1.0104166666666665f,1.2159108205314224e-16f,-2.2962662955328092e-17f,-0.6298831250000003f,0f,-0.18750437245510773f,-0.9928665321119419f,-0.22554554097058768f,-1.2374035366384712e-16f,-0.9928665321119419f,0.18750437245510773f,1.7899425911544518f,0f,0f,0f,1f],start_interpolation:0}
execute if entity @s[tag=aj.animal_wolf.bone.front_leg_right_under] run data modify entity @s {} merge value {transformation:[-1f,1.22073058100226e-16f,9.786026398770398e-18f,-0.5625000000000002f,0f,0.07990896971750394f,-0.9968021652056576f,-0.2172913998492672f,-1.2246467991473532e-16f,-0.9968021652056576f,-0.07990896971750394f,1.3203504931171073f,0f,0f,0f,1f],start_interpolation:0}
execute if entity @s[tag=aj.animal_wolf.bone.front_leg_right] run data modify entity @s {} merge value {transformation:[-1f,1.22073058100226e-16f,9.786026398770398e-18f,-0.5625000000000001f,0f,0.07990896971750394f,-0.9968021652056576f,-0.25830134146018563f,-1.2246467991473532e-16f,-0.9968021652056576f,-0.07990896971750394f,0.6587076062898785f,0f,0f,0f,1f],start_interpolation:0}
execute if entity @s[tag=aj.animal_wolf.bone.front_body] run data modify entity @s {} merge value {transformation:[-1f,4.768675386166166e-17f,1.1279880909280857e-16f,-6.856746401476065e-17f,0f,0.9210721750250235f,-0.3893918956458551f,-0.32552083333333326f,-1.2246467991473532e-16f,-0.3893918956458551f,-0.9210721750250235f,0.5598958333333333f,0f,0f,0f,1f],start_interpolation:0}