execute if entity @s[tag=aj.animal_wolf.bone.rear_leg_right_under] run data modify entity @s {} merge value {transformation:[-1f,1.2801044796052345e-17f,1.217938055844715e-16f,0.4687500000000002f,0f,0.9945218953682733f,-0.10452846326765344f,-1.176221054601712f,-1.2246467991473532e-16f,-0.10452846326765344f,-0.9945218953682733f,-1.461108070283712f,0f,0f,0f,1f],start_interpolation:0}
execute if entity @s[tag=aj.animal_wolf.bone.rear_leg_left] run data modify entity @s {} merge value {transformation:[-1f,-2.1265768495757713e-17f,1.2060416625018976e-16f,0.46875000000000017f,0f,0.984807753012208f,0.17364817766693033f,-0.5625f,-1.2246467991473532e-16f,0.17364817766693033f,-0.984807753012208f,-1.1625f,0f,0f,0f,1f],start_interpolation:0}
execute if entity @s[tag=aj.animal_wolf.bone.right_leg_left_under] run data modify entity @s {} merge value {transformation:[-1f,1.2801044796052345e-17f,1.217938055844715e-16f,-0.5624999999999998f,0f,0.9945218953682733f,-0.10452846326765344f,-1.176221054601712f,-1.2246467991473532e-16f,-0.10452846326765344f,-0.9945218953682733f,-1.461108070283712f,0f,0f,0f,1f],start_interpolation:0}
execute if entity @s[tag=aj.animal_wolf.bone.rear_leg_right] run data modify entity @s {} merge value {transformation:[-1f,-2.1265768495757713e-17f,1.2060416625018976e-16f,-0.46874999999999983f,0f,0.984807753012208f,0.17364817766693033f,-0.5625f,-1.2246467991473532e-16f,0.17364817766693033f,-0.984807753012208f,-1.1625f,0f,0f,0f,1f],start_interpolation:0}
execute if entity @s[tag=aj.animal_wolf.bone.tale] run data modify entity @s {} merge value {transformation:[-1.3229166666666667f,0f,1.6201056613720195e-16f,1.969002431754104e-16f,0f,1.3229166666666667f,0f,-0.2578125f,-1.6201056613720195e-16f,0f,-1.3229166666666667f,-1.6078125f,0f,0f,0f,1f],start_interpolation:0}
execute if entity @s[tag=aj.animal_wolf.bone.rear_body] run data modify entity @s {} merge value {transformation:[-1.171875f,0f,1.4351329677508045e-16f,-1.549943605170869e-17f,0f,1.171875f,0f,-0.5859375f,-1.4351329677508045e-16f,0f,-1.171875f,0.1265625f,0f,0f,0f,1f],start_interpolation:0}
execute if entity @s[tag=aj.animal_wolf.bone.head] run data modify entity @s {} merge value {transformation:[-1f,-1.333234698206339e-17f,1.2173679127761025e-16f,-0.0156250000000001f,0f,0.9940563382223195f,0.1088668748519646f,0.24592883501227258f,-1.2246467991473532e-16f,0.1088668748519646f,-0.9940563382223195f,0.8304606692733809f,0f,0f,0f,1f],start_interpolation:0}
execute if entity @s[tag=aj.animal_wolf.bone.talon_left] run data modify entity @s {} merge value {transformation:[-1.0104166666666665f,7.468422571325132e-17f,9.86607396813246e-17f,0.615234375f,0f,0.8056260772495061f,-0.6098429830155877f,-1.4289794381277408f,-1.2374035366384712e-16f,-0.6098429830155877f,-0.8056260772495061f,0.840689266889569f,0f,0f,0f,1f],start_interpolation:0}
execute if entity @s[tag=aj.animal_wolf.bone.front_leg_left_under] run data modify entity @s {} merge value {transformation:[-1f,5.392499085839321e-17f,1.0995314087164943e-16f,0.600585625f,0f,0.8978355306052577f,-0.4403309664136459f,-0.9952187118748765f,-1.2246467991473532e-16f,-0.4403309664136459f,-0.8978355306052577f,0.6605879016938734f,0f,0f,0f,1f],start_interpolation:0}
execute if entity @s[tag=aj.animal_wolf.bone.front_leg_left] run data modify entity @s {} merge value {transformation:[-1f,5.392499085839321e-17f,1.0995314087164943e-16f,0.5625f,0f,0.8978355306052577f,-0.4403309664136459f,-0.470515751323425f,-1.2246467991473532e-16f,-0.4403309664136459f,-0.8978355306052577f,0.24010182843141364f,0f,0f,0f,1f],start_interpolation:0}
execute if entity @s[tag=aj.animal_wolf.bone.talon_right] run data modify entity @s {} merge value {transformation:[-1.0104166666666665f,7.382041551965651e-17f,9.93087175295262e-17f,-0.629883125f,0f,0.8109172179167804f,-0.6027894375019242f,-1.4316499325194358f,-1.2374035366384712e-16f,-0.6027894375019242f,-0.8109172179167804f,0.8375854007444431f,0f,0f,0f,1f],start_interpolation:0}
execute if entity @s[tag=aj.animal_wolf.bone.front_leg_right_under] run data modify entity @s {} merge value {transformation:[-1f,5.2963427573002576e-17f,1.1041953253993557e-16f,-0.5625f,0f,0.9016439075888161f,-0.4324792063301662f,-1.0216746400851324f,-1.2246467991473532e-16f,-0.4324792063301662f,-0.9016439075888161f,0.6084454239220366f,0f,0f,0f,1f],start_interpolation:0}
execute if entity @s[tag=aj.animal_wolf.bone.front_leg_right] run data modify entity @s {} merge value {transformation:[-1f,5.2963427573002576e-17f,1.1041953253993557e-16f,-0.5625f,0f,0.9016439075888161f,-0.4324792063301662f,-0.470515751323425f,-1.2246467991473532e-16f,-0.4324792063301662f,-0.9016439075888161f,0.2401018284314135f,0f,0f,0f,1f],start_interpolation:0}
execute if entity @s[tag=aj.animal_wolf.bone.front_body] run data modify entity @s {} merge value {transformation:[-1f,1.4659469831546042e-17f,1.215841180865189e-16f,-1.549943605170869e-17f,0f,0.992809667009055f,-0.1197036553049625f,-0.5078125f,-1.2246467991473532e-16f,-0.1197036553049625f,-0.992809667009055f,0.1265625f,0f,0f,0f,1f],start_interpolation:0}