execute if entity @s[tag=aj.animal_wolf.bone.rear_leg_right_under] run data modify entity @s {} merge value {transformation:[-1f,-5.272240367036948e-17f,1.1053481794365605e-16f,0.4687500000000001f,0f,0.9025852843498607f,0.4305110968082949f,-1.3480424235061512f,-1.2246467991473532e-16f,0.4305110968082949f,-0.9025852843498607f,-0.8242118335351554f,0f,0f,0f,1f],start_interpolation:0}
execute if entity @s[tag=aj.animal_wolf.bone.rear_leg_left] run data modify entity @s {} merge value {transformation:[-1f,5.2722403670369467e-17f,1.1053481794365606e-16f,0.4687500000000001f,0f,0.9025852843498607f,-0.4305110968082949f,-0.6749999999999998f,-1.2246467991473532e-16f,-0.4305110968082949f,-0.9025852843498607f,-0.9375f,0f,0f,0f,1f],start_interpolation:0}
execute if entity @s[tag=aj.animal_wolf.bone.right_leg_left_under] run data modify entity @s {} merge value {transformation:[-1f,-5.272240367036947e-17f,1.1053481794365605e-16f,-0.5624999999999999f,0f,0.9025852843498606f,0.43051109680829497f,-1.3530490867789862f,-1.2246467991473532e-16f,0.43051109680829497f,-0.9025852843498606f,-0.8595914098562762f,0f,0f,0f,1f],start_interpolation:0}
execute if entity @s[tag=aj.animal_wolf.bone.rear_leg_right] run data modify entity @s {} merge value {transformation:[-1f,4.686520405326295e-17f,1.1314261122877005e-16f,-0.4687499999999999f,0f,0.9238795325112868f,-0.3826834323650895f,-0.6749999999999998f,-1.2246467991473532e-16f,-0.3826834323650895f,-0.9238795325112868f,-0.9375f,0f,0f,0f,1f],start_interpolation:0}
execute if entity @s[tag=aj.animal_wolf.bone.tale] run data modify entity @s {} merge value {transformation:[-1.3229166666666667f,0f,1.6201056613720195e-16f,1.6934569019459494e-16f,0f,1.3229166666666667f,0f,-0.3703124999999998f,-1.6201056613720195e-16f,0f,-1.3229166666666667f,-1.3828125f,0f,0f,0f,1f],start_interpolation:0}
execute if entity @s[tag=aj.animal_wolf.bone.rear_body] run data modify entity @s {} merge value {transformation:[-1.171875f,0f,1.4351329677508045e-16f,-4.305398903252414e-17f,0f,1.171875f,0f,-0.6984374999999998f,-1.4351329677508045e-16f,0f,-1.171875f,0.3515625f,0f,0f,0f,1f],start_interpolation:0}
execute if entity @s[tag=aj.animal_wolf.bone.head] run data modify entity @s {} merge value {transformation:[-1f,0f,1.2246467991473532e-16f,-0.01562500000000014f,0f,1f,0f,-0.03437499999999982f,-1.2246467991473532e-16f,0f,-1f,1.140625f,0f,0f,0f,1f],start_interpolation:0}
execute if entity @s[tag=aj.animal_wolf.bone.talon_left] run data modify entity @s {} merge value {transformation:[-1.0104166666666665f,-6.227173486852062e-33f,1.2374035366384715e-16f,0.615234375f,0f,1.0104166666666665f,5.608939238991675e-17f,-1.761925027937204f,-1.2374035366384712e-16f,5.608939238991675e-17f,-1.0104166666666665f,0.47669641673902896f,0f,0f,0f,1f],start_interpolation:0}
execute if entity @s[tag=aj.animal_wolf.bone.front_leg_left_under] run data modify entity @s {} merge value {transformation:[-1f,5.2722403670369467e-17f,1.1053481794365608e-16f,0.600585625f,0f,0.9025852843498607f,-0.43051109680829486f,-1.3262255461089014f,-1.2246467991473532e-16f,-0.43051109680829486f,-0.9025852843498607f,0.30133726836257807f,0f,0f,0f,1f],start_interpolation:0}
execute if entity @s[tag=aj.animal_wolf.bone.front_leg_left] run data modify entity @s {} merge value {transformation:[-1f,-5.55978012349343e-17f,1.0911682878666936e-16f,0.5625f,0f,0.891006524188368f,0.4539904997395466f,-0.6749999999999998f,-1.2246467991473532e-16f,0.4539904997395466f,-0.891006524188368f,0.46875000000000006f,0f,0f,0f,1f],start_interpolation:0}
execute if entity @s[tag=aj.animal_wolf.bone.talon_right] run data modify entity @s {} merge value {transformation:[-1.0104166666666665f,-6.227173486852062e-33f,1.2374035366384715e-16f,-0.629883125f,0f,1.0104166666666665f,0f,-1.7239903288602314f,-1.2374035366384712e-16f,0f,-1.0104166666666665f,0.48826629164851015f,0f,0f,0f,1f],start_interpolation:0}
execute if entity @s[tag=aj.animal_wolf.bone.front_leg_right_under] run data modify entity @s {} merge value {transformation:[-1f,4.981087280387179e-17f,1.1187705205776154e-16f,-0.5625f,0f,0.913545457642601f,-0.4067366430758f,-1.3076820081803735f,-1.2246467991473532e-16f,-0.4067366430758f,-0.913545457642601f,0.27084446312735583f,0f,0f,0f,1f],start_interpolation:0}
execute if entity @s[tag=aj.animal_wolf.bone.front_leg_right] run data modify entity @s {} merge value {transformation:[-1f,-5.2722403670369467e-17f,1.1053481794365606e-16f,-0.5625f,0f,0.9025852843498607f,0.4305110968082949f,-0.6749999999999998f,-1.2246467991473532e-16f,0.4305110968082949f,-0.9025852843498607f,0.46874999999999994f,0f,0f,0f,1f],start_interpolation:0}
execute if entity @s[tag=aj.animal_wolf.bone.front_body] run data modify entity @s {} merge value {transformation:[-1f,0f,1.2246467991473532e-16f,-4.305398903252414e-17f,0f,1f,0f,-0.6984374999999998f,-1.2246467991473532e-16f,0f,-1f,0.3515625f,0f,0f,0f,1f],start_interpolation:0}