execute if entity @s[tag=aj.animal_wolf.bone.rear_leg_right_under] run data modify entity @s {} merge value {transformation:[-1f,-6.84813799341365e-17f,1.0152782096024234e-16f,0.4687500000000001f,0f,0.8290375725550417f,0.5591929034707468f,-1.3614045763900111f,-1.2246467991473532e-16f,0.5591929034707468f,-0.8290375725550417f,-0.7259742019513927f,0f,0f,0f,1f],start_interpolation:0}
execute if entity @s[tag=aj.animal_wolf.bone.rear_leg_left] run data modify entity @s {} merge value {transformation:[-1f,6.848137993413649e-17f,1.0152782096024235e-16f,0.4687500000000001f,0f,0.8290375725550417f,-0.5591929034707468f,-0.7124999999999999f,-1.2246467991473532e-16f,-0.5591929034707468f,-0.8290375725550417f,-0.9375f,0f,0f,0f,1f],start_interpolation:0}
execute if entity @s[tag=aj.animal_wolf.bone.right_leg_left_under] run data modify entity @s {} merge value {transformation:[-1f,-6.84813799341365e-17f,1.0152782096024234e-16f,-0.5624999999999999f,0f,0.8290375725550417f,0.5591929034707469f,-1.3745791712335378f,-1.2246467991473532e-16f,0.5591929034707469f,-0.8290375725550417f,-0.7717547632095823f,0f,0f,0f,1f],start_interpolation:0}
execute if entity @s[tag=aj.animal_wolf.bone.rear_leg_right] run data modify entity @s {} merge value {transformation:[-1f,6.123233995736765e-17f,1.0605752387249069e-16f,-0.4687499999999999f,0f,0.8660254037844387f,-0.4999999999999999f,-0.7124999999999999f,-1.2246467991473532e-16f,-0.4999999999999999f,-0.8660254037844387f,-0.9375f,0f,0f,0f,1f],start_interpolation:0}
execute if entity @s[tag=aj.animal_wolf.bone.tale] run data modify entity @s {} merge value {transformation:[-1.3229166666666667f,0f,1.6201056613720195e-16f,1.6934569019459494e-16f,0f,1.3229166666666667f,0f,-0.4078124999999999f,-1.6201056613720195e-16f,0f,-1.3229166666666667f,-1.3828125f,0f,0f,0f,1f],start_interpolation:0}
execute if entity @s[tag=aj.animal_wolf.bone.rear_body] run data modify entity @s {} merge value {transformation:[-1.171875f,0f,1.4351329677508045e-16f,-4.305398903252414e-17f,0f,1.171875f,0f,-0.7359374999999999f,-1.4351329677508045e-16f,0f,-1.171875f,0.3515625f,0f,0f,0f,1f],start_interpolation:0}
execute if entity @s[tag=aj.animal_wolf.bone.head] run data modify entity @s {} merge value {transformation:[-1f,0f,1.2246467991473532e-16f,-0.01562500000000014f,0f,1f,0f,-0.07187499999999991f,-1.2246467991473532e-16f,0f,-1f,1.140625f,0f,0f,0f,1f],start_interpolation:0}
execute if entity @s[tag=aj.animal_wolf.bone.talon_left] run data modify entity @s {} merge value {transformation:[-1.0104166666666665f,-1.2454346973704123e-32f,1.2374035366384715e-16f,0.615234375f,0f,1.0104166666666667f,5.608939238991675e-17f,-1.734512724603885f,-1.2374035366384712e-16f,5.608939238991675e-17f,-1.0104166666666667f,0.43935774033692143f,0f,0f,0f,1f],start_interpolation:0}
execute if entity @s[tag=aj.animal_wolf.bone.front_leg_left_under] run data modify entity @s {} merge value {transformation:[-1f,6.848137993413649e-17f,1.0152782096024236e-16f,0.600585625f,0f,0.8290375725550418f,-0.5591929034707468f,-1.3295187578748395f,-1.2246467991473532e-16f,-0.5591929034707468f,-0.8290375725550418f,0.20152427696845737f,0f,0f,0f,1f],start_interpolation:0}
execute if entity @s[tag=aj.animal_wolf.bone.front_leg_left] run data modify entity @s {} merge value {transformation:[-1f,-7.198293278059965e-17f,9.907600726170918e-17f,0.5625f,0f,0.8090169943749476f,0.587785252292473f,-0.7124999999999999f,-1.2246467991473532e-16f,0.587785252292473f,-0.8090169943749476f,0.46875000000000006f,0f,0f,0f,1f],start_interpolation:0}
execute if entity @s[tag=aj.animal_wolf.bone.talon_right] run data modify entity @s {} merge value {transformation:[-1.0104166666666665f,-3.736304092111237e-32f,1.2374035366384712e-16f,-0.629883125f,0f,1.0104166666666663f,3.3653635433950053e-16f,-1.690977808318621f,-1.2374035366384712e-16f,3.3653635433950053e-16f,-1.0104166666666663f,0.4527467437007549f,0f,0f,0f,1f],start_interpolation:0}
execute if entity @s[tag=aj.animal_wolf.bone.front_leg_right_under] run data modify entity @s {} merge value {transformation:[-1f,6.489639307497144e-17f,1.0385593864809742e-16f,-0.5625f,0f,0.8480480961564262f,-0.5299192642332045f,-1.3089802416896286f,-1.2246467991473532e-16f,-0.5299192642332045f,-0.8480480961564262f,0.1795019295243575f,0f,0f,0f,1f],start_interpolation:0}
execute if entity @s[tag=aj.animal_wolf.bone.front_leg_right] run data modify entity @s {} merge value {transformation:[-1f,-6.848137993413649e-17f,1.0152782096024235e-16f,-0.5625f,0f,0.8290375725550417f,0.5591929034707468f,-0.7124999999999999f,-1.2246467991473532e-16f,0.5591929034707468f,-0.8290375725550417f,0.46874999999999994f,0f,0f,0f,1f],start_interpolation:0}
execute if entity @s[tag=aj.animal_wolf.bone.front_body] run data modify entity @s {} merge value {transformation:[-1f,0f,1.2246467991473532e-16f,-4.305398903252414e-17f,0f,1f,0f,-0.7359374999999999f,-1.2246467991473532e-16f,0f,-1f,0.3515625f,0f,0f,0f,1f],start_interpolation:0}