execute if entity @s[tag=aj.animal_wolf.bone.rear_leg_right_under] run data modify entity @s {} merge value {transformation:[-1f,-3.5805207234995475e-17f,1.1711355583995222e-16f,0.4687500000000001f,0f,0.9563047559630354f,0.29237170472273677f,-1.319894690736255f,-1.2246467991473532e-16f,0.29237170472273677f,-0.9563047559630354f,-0.9249382105187731f,0f,0f,0f,1f],start_interpolation:0}
execute if entity @s[tag=aj.animal_wolf.bone.rear_leg_left] run data modify entity @s {} merge value {transformation:[-1f,3.580520723499547e-17f,1.1711355583995222e-16f,0.4687500000000001f,0f,0.9563047559630354f,-0.29237170472273677f,-0.6375f,-1.2246467991473532e-16f,-0.29237170472273677f,-0.9563047559630354f,-0.9375f,0f,0f,0f,1f],start_interpolation:0}
execute if entity @s[tag=aj.animal_wolf.bone.right_leg_left_under] run data modify entity @s {} merge value {transformation:[-1f,-3.580520723499546e-17f,1.1711355583995222e-16f,-0.5624999999999999f,0f,0.9563047559630354f,0.29237170472273677f,-1.3199173944589238f,-1.2246467991473532e-16f,0.29237170472273677f,-0.9563047559630354f,-0.9487610940806711f,0f,0f,0f,1f],start_interpolation:0}
execute if entity @s[tag=aj.animal_wolf.bone.rear_leg_right] run data modify entity @s {} merge value {transformation:[-1f,3.169619151431765e-17f,1.1829179713786698e-16f,-0.4687499999999999f,0f,0.9659258262890683f,-0.25881904510252074f,-0.6375f,-1.2246467991473532e-16f,-0.25881904510252074f,-0.9659258262890683f,-0.9375f,0f,0f,0f,1f],start_interpolation:0}
execute if entity @s[tag=aj.animal_wolf.bone.tale] run data modify entity @s {} merge value {transformation:[-1.3229166666666667f,0f,1.6201056613720195e-16f,1.6934569019459494e-16f,0f,1.3229166666666667f,0f,-0.33281249999999996f,-1.6201056613720195e-16f,0f,-1.3229166666666667f,-1.3828125f,0f,0f,0f,1f],start_interpolation:0}
execute if entity @s[tag=aj.animal_wolf.bone.rear_body] run data modify entity @s {} merge value {transformation:[-1.171875f,0f,1.4351329677508045e-16f,-4.305398903252414e-17f,0f,1.171875f,0f,-0.6609375f,-1.4351329677508045e-16f,0f,-1.171875f,0.3515625f,0f,0f,0f,1f],start_interpolation:0}
execute if entity @s[tag=aj.animal_wolf.bone.head] run data modify entity @s {} merge value {transformation:[-0.9914448613738104f,0.13052619222005157f,1.2246467991473532e-16f,-0.01562500000000014f,0.13052619222005157f,0.9914448613738104f,0f,0.0031250000000000444f,-1.2141697760125282e-16f,1.5984848350717833e-17f,-1f,1.140625f,0f,0f,0f,1f],start_interpolation:0}
execute if entity @s[tag=aj.animal_wolf.bone.talon_left] run data modify entity @s {} merge value {transformation:[-1.0104166666666665f,-1.2454346973704123e-32f,1.2374035366384712e-16f,0.615234375f,0f,1.0104166666666665f,1.6826817716975026e-16f,-1.763730431748559f,-1.2374035366384712e-16f,1.6826817716975026e-16f,-1.0104166666666665f,0.5143050125120419f,0f,0f,0f,1f],start_interpolation:0}
execute if entity @s[tag=aj.animal_wolf.bone.front_leg_left_under] run data modify entity @s {} merge value {transformation:[-1f,3.5805207234995457e-17f,1.1711355583995222e-16f,0.600585625f,0f,0.9563047559630355f,-0.2923717047227366f,-1.3068970001040872f,-1.2246467991473532e-16f,-0.2923717047227366f,-0.9563047559630355f,0.40527251682061366f,0f,0f,0f,1f],start_interpolation:0}
execute if entity @s[tag=aj.animal_wolf.bone.front_leg_left] run data modify entity @s {} merge value {transformation:[-1f,-3.7843667304341506e-17f,1.1647083184890923e-16f,0.5625f,0f,0.9510565162951535f,0.30901699437494745f,-0.6375f,-1.2246467991473532e-16f,0.30901699437494745f,-0.9510565162951535f,0.46875000000000006f,0f,0f,0f,1f],start_interpolation:0}
execute if entity @s[tag=aj.animal_wolf.bone.talon_right] run data modify entity @s {} merge value {transformation:[-1.0104166666666665f,-1.2454346973704123e-32f,1.2374035366384712e-16f,-0.629883125f,0f,1.0104166666666665f,0f,-1.7350009502308845f,-1.2374035366384712e-16f,0f,-1.0104166666666665f,0.5239016139346498f,0f,0f,0f,1f],start_interpolation:0}
execute if entity @s[tag=aj.animal_wolf.bone.front_leg_right_under] run data modify entity @s {} merge value {transformation:[-1f,3.3755840552672803e-17f,1.1772060590738186e-16f,-0.5625f,0f,0.9612616959383189f,-0.27563735581699916f,-1.2924848434184986f,-1.2246467991473532e-16f,-0.27563735581699916f,-0.9612616959383189f,0.36653463964723854f,0f,0f,0f,1f],start_interpolation:0}
execute if entity @s[tag=aj.animal_wolf.bone.front_leg_right] run data modify entity @s {} merge value {transformation:[-1f,-3.580520723499547e-17f,1.1711355583995222e-16f,-0.5625f,0f,0.9563047559630354f,0.29237170472273677f,-0.6375f,-1.2246467991473532e-16f,0.29237170472273677f,-0.9563047559630354f,0.46874999999999994f,0f,0f,0f,1f],start_interpolation:0}
execute if entity @s[tag=aj.animal_wolf.bone.front_body] run data modify entity @s {} merge value {transformation:[-1f,0f,1.2246467991473532e-16f,-4.305398903252414e-17f,0f,1f,0f,-0.6609375f,-1.2246467991473532e-16f,0f,-1f,0.3515625f,0f,0f,0f,1f],start_interpolation:0}