execute if entity @s[tag=aj.animal_wolf.bone.rear_leg_right_under] run data modify entity @s {} merge value {transformation:[-1f,-1.8101432222373305e-17f,1.2111951113721276e-16f,0.4687500000000001f,0f,0.9890158633619168f,0.14780941112961074f,-1.27675592491806f,-1.2246467991473532e-16f,0.14780941112961074f,-0.9890158633619168f,-1.0259405483265525f,0f,0f,0f,1f],start_interpolation:0}
execute if entity @s[tag=aj.animal_wolf.bone.rear_leg_left] run data modify entity @s {} merge value {transformation:[-1f,1.8101432222373296e-17f,1.2111951113721276e-16f,0.4687500000000001f,0f,0.9890158633619168f,-0.14780941112961074f,-0.6000000000000001f,-1.2246467991473532e-16f,-0.14780941112961074f,-0.9890158633619168f,-0.9375f,0f,0f,0f,1f],start_interpolation:0}
execute if entity @s[tag=aj.animal_wolf.bone.right_leg_left_under] run data modify entity @s {} merge value {transformation:[-1f,-1.81014322223733e-17f,1.2111951113721276e-16f,-0.5624999999999999f,0f,0.9890158633619168f,0.14780941112961074f,-1.2751093513178229f,-1.2246467991473532e-16f,0.14780941112961074f,-0.9890158633619168f,-1.0377380978631805f,0f,0f,0f,1f],start_interpolation:0}
execute if entity @s[tag=aj.animal_wolf.bone.rear_leg_right] run data modify entity @s {} merge value {transformation:[-1f,1.5984848350717848e-17f,1.2141697760125282e-16f,-0.4687499999999999f,0f,0.9914448613738104f,-0.1305261922200517f,-0.6000000000000001f,-1.2246467991473532e-16f,-0.1305261922200517f,-0.9914448613738104f,-0.9375f,0f,0f,0f,1f],start_interpolation:0}
execute if entity @s[tag=aj.animal_wolf.bone.tale] run data modify entity @s {} merge value {transformation:[-1.3229166666666667f,0f,1.6201056613720195e-16f,1.6934569019459494e-16f,0f,1.3229166666666667f,0f,-0.2953125000000001f,-1.6201056613720195e-16f,0f,-1.3229166666666667f,-1.3828125f,0f,0f,0f,1f],start_interpolation:0}
execute if entity @s[tag=aj.animal_wolf.bone.rear_body] run data modify entity @s {} merge value {transformation:[-1.171875f,0f,1.4351329677508045e-16f,-4.305398903252414e-17f,0f,1.171875f,0f,-0.6234375000000001f,-1.4351329677508045e-16f,0f,-1.171875f,0.3515625f,0f,0f,0f,1f],start_interpolation:0}
execute if entity @s[tag=aj.animal_wolf.bone.head] run data modify entity @s {} merge value {transformation:[-1f,0f,1.2246467991473532e-16f,-0.01562500000000014f,0f,1f,0f,0.04062499999999991f,-1.2246467991473532e-16f,0f,-1f,1.140625f,0f,0f,0f,1f],start_interpolation:0}
execute if entity @s[tag=aj.animal_wolf.bone.talon_left] run data modify entity @s {} merge value {transformation:[-1.0104166666666665f,3.113586743426031e-33f,1.2374035366384712e-16f,0.615234375f,0f,1.0104166666666665f,0f,-1.7390172181480232f,-1.2374035366384712e-16f,0f,-1.0104166666666665f,0.5510813789292882f,0f,0f,0f,1f],start_interpolation:0}
execute if entity @s[tag=aj.animal_wolf.bone.front_leg_left_under] run data modify entity @s {} merge value {transformation:[-1f,1.8101432222373296e-17f,1.2111951113721273e-16f,0.600585625f,0f,0.9890158633619167f,-0.1478094111296107f,-1.271085678355437f,-1.2246467991473532e-16f,-0.1478094111296107f,-0.9890158633619167f,0.5107707915842143f,0f,0f,0f,1f],start_interpolation:0}
execute if entity @s[tag=aj.animal_wolf.bone.front_leg_left] run data modify entity @s {} merge value {transformation:[-1f,-1.915769668878474e-17f,1.2095693648649962e-16f,0.5625f,0f,0.9876883405951377f,0.15643446504023098f,-0.6000000000000001f,-1.2246467991473532e-16f,0.15643446504023098f,-0.9876883405951377f,0.46875000000000006f,0f,0f,0f,1f],start_interpolation:0}
execute if entity @s[tag=aj.animal_wolf.bone.talon_right] run data modify entity @s {} merge value {transformation:[-1.0104166666666665f,0f,1.2374035366384712e-16f,-0.629883125f,0f,1.0104166666666663f,0f,-1.7230096129050807f,-1.2374035366384712e-16f,0f,-1.0104166666666663f,0.5587194620378165f,0f,0f,0f,1f],start_interpolation:0}
execute if entity @s[tag=aj.animal_wolf.bone.front_leg_right_under] run data modify entity @s {} merge value {transformation:[-1f,1.7043789261815575e-17f,1.2127286206821952e-16f,-0.5625f,0f,0.9902680687415703f,-0.13917310096006558f,-1.262898792624659f,-1.2246467991473532e-16f,-0.13917310096006558f,-0.9902680687415703f,0.4644703111363726f,0f,0f,0f,1f],start_interpolation:0}
execute if entity @s[tag=aj.animal_wolf.bone.front_leg_right] run data modify entity @s {} merge value {transformation:[-1f,-1.8101432222373296e-17f,1.2111951113721276e-16f,-0.5625f,0f,0.9890158633619168f,0.14780941112961074f,-0.6000000000000001f,-1.2246467991473532e-16f,0.14780941112961074f,-0.9890158633619168f,0.46874999999999994f,0f,0f,0f,1f],start_interpolation:0}
execute if entity @s[tag=aj.animal_wolf.bone.front_body] run data modify entity @s {} merge value {transformation:[-1f,0f,1.2246467991473532e-16f,-4.305398903252414e-17f,0f,1f,0f,-0.6234375000000001f,-1.2246467991473532e-16f,0f,-1f,0.3515625f,0f,0f,0f,1f],start_interpolation:0}