execute if entity @s[tag=aj.animal_wolf.bone.rear_leg_right_under] run data modify entity @s {} merge value {transformation:[-1f,2.824229879373091e-17f,1.191636286182332e-16f,0.4687500000000002f,0f,0.9730448705798238f,-0.23061587074244005f,-1.0990938814255262f,-1.2246467991473532e-16f,-0.23061587074244005f,-0.9730448705798238f,-1.7342669011630574f,0f,0f,0f,1f],start_interpolation:0}
execute if entity @s[tag=aj.animal_wolf.bone.rear_leg_left] run data modify entity @s {} merge value {transformation:[-1f,-4.631612457478849e-17f,1.1336848958591294e-16f,0.46875000000000017f,0f,0.9257239692688903f,0.3781998581716425f,-0.5625f,-1.2246467991473532e-16f,0.3781998581716425f,-0.9257239692688903f,-1.3125f,0f,0f,0f,1f],start_interpolation:0}
execute if entity @s[tag=aj.animal_wolf.bone.right_leg_left_under] run data modify entity @s {} merge value {transformation:[-1f,2.824229879373091e-17f,1.191636286182332e-16f,-0.5624999999999998f,0f,0.9730448705798238f,-0.23061587074244005f,-1.0990938814255262f,-1.2246467991473532e-16f,-0.23061587074244005f,-0.9730448705798238f,-1.7342669011630574f,0f,0f,0f,1f],start_interpolation:0}
execute if entity @s[tag=aj.animal_wolf.bone.rear_leg_right] run data modify entity @s {} merge value {transformation:[-1f,-4.631612457478849e-17f,1.1336848958591294e-16f,-0.46874999999999983f,0f,0.9257239692688903f,0.3781998581716425f,-0.5625f,-1.2246467991473532e-16f,0.3781998581716425f,-0.9257239692688903f,-1.3125f,0f,0f,0f,1f],start_interpolation:0}
execute if entity @s[tag=aj.animal_wolf.bone.tale] run data modify entity @s {} merge value {transformation:[-1.3229166666666667f,0f,1.6201056613720195e-16f,2.152699451626207e-16f,0f,1.3229166666666667f,0f,-0.2578125f,-1.6201056613720195e-16f,0f,-1.3229166666666667f,-1.7578125f,0f,0f,0f,1f],start_interpolation:0}
execute if entity @s[tag=aj.animal_wolf.bone.rear_body] run data modify entity @s {} merge value {transformation:[-1.171875f,0f,1.4351329677508045e-16f,2.8702659355016235e-18f,0f,1.171875f,0f,-0.5859375f,-1.4351329677508045e-16f,0f,-1.171875f,-0.02343750000000011f,0f,0f,0f,1f],start_interpolation:0}
execute if entity @s[tag=aj.animal_wolf.bone.head] run data modify entity @s {} merge value {transformation:[-1f,-3.9364981230315354e-17f,1.1596549521023701e-16f,-0.01562500000000006f,0f,0.9469301294951057f,0.3214394653031615f,0.5478848329251349f,-1.2246467991473532e-16f,0.3214394653031615f,-0.9469301294951057f,0.4811347228842582f,0f,0f,0f,1f],start_interpolation:0}
execute if entity @s[tag=aj.animal_wolf.bone.talon_left] run data modify entity @s {} merge value {transformation:[-1.0104166666666665f,1.2065601538472337e-16f,-2.7455438010262337e-17f,0.6152343749999998f,0f,-0.22419066484620623f,-0.9852311333253703f,-0.40025770798759913f,-1.2374035366384712e-16f,-0.9852311333253703f,0.22419066484620623f,1.2035203672576862f,0f,0f,0f,1f],start_interpolation:0}
execute if entity @s[tag=aj.animal_wolf.bone.front_leg_left_under] run data modify entity @s {} merge value {transformation:[-1f,1.1995261331680927e-16f,2.467728479972234e-17f,0.6005856249999999f,0f,0.20150532232561763f,-0.9794874195590513f,-0.2771061676525718f,-1.2246467991473532e-16f,-0.9794874195590513f,-0.20150532232561763f,0.7502891155793892f,0f,0f,0f,1f],start_interpolation:0}
execute if entity @s[tag=aj.animal_wolf.bone.front_leg_left] run data modify entity @s {} merge value {transformation:[-1f,1.1995261331680927e-16f,2.467728479972234e-17f,0.5625f,0f,0.20150532232561763f,-0.9794874195590513f,-0.2883479023508556f,-1.2246467991473532e-16f,-0.9794874195590513f,-0.20150532232561763f,0.07798311529372016f,0f,0f,0f,1f],start_interpolation:0}
execute if entity @s[tag=aj.animal_wolf.bone.talon_right] run data modify entity @s {} merge value {transformation:[-1.0104166666666665f,1.213333691632669e-16f,-2.4287623439611253e-17f,-0.6298831250000001f,0f,-0.1983234958562848f,-0.9907621466674629f,-0.42397617933001025f,-1.2374035366384712e-16f,-0.9907621466674629f,0.1983234958562848f,1.2015357415337777f,0f,0f,0f,1f],start_interpolation:0}
execute if entity @s[tag=aj.animal_wolf.bone.front_leg_right_under] run data modify entity @s {} merge value {transformation:[-1f,1.1926553254352797e-16f,2.780882186873881e-17f,-0.5625000000000001f,0f,0.22707626303437356f,-0.9738769792773334f,-0.3460657331599133f,-1.2246467991473532e-16f,-0.9738769792773334f,-0.22707626303437356f,0.7383782826039426f,0f,0f,0f,1f],start_interpolation:0}
execute if entity @s[tag=aj.animal_wolf.bone.front_leg_right] run data modify entity @s {} merge value {transformation:[-1f,1.1926553254352797e-16f,2.780882186873881e-17f,-0.5625f,0f,0.22707626303437356f,-0.9738769792773334f,-0.2883479023508556f,-1.2246467991473532e-16f,-0.9738769792773334f,-0.22707626303437356f,0.07798311529372003f,0f,0f,0f,1f],start_interpolation:0}
execute if entity @s[tag=aj.animal_wolf.bone.front_body] run data modify entity @s {} merge value {transformation:[-1f,4.313818936862402e-17f,1.1461541975063963e-16f,2.8702659355016235e-18f,0f,0.9359059267573258f,-0.3522500479212334f,-0.3515625f,-1.2246467991473532e-16f,-0.3522500479212334f,-0.9359059267573258f,-0.02343750000000011f,0f,0f,0f,1f],start_interpolation:0}