execute if entity @s[tag=aj.animal_wolf.bone.rear_leg_right_under] run data modify entity @s {} merge value {transformation:[-1f,3.561850771285228e-18f,1.2241287124196405e-16f,0.4687500000000001f,0f,0.9995769500822005f,-0.02908471874311129f,-1.2088922160063418f,-1.2246467991473532e-16f,-0.02908471874311129f,-0.9995769500822005f,-0.9482497914992531f,0f,0f,0f,1f],start_interpolation:0}
execute if entity @s[tag=aj.animal_wolf.bone.rear_leg_left] run data modify entity @s {} merge value {transformation:[-1f,-5.934929637476748e-18f,1.2232078497465904e-16f,0.4687500000000001f,0f,0.9988250086459504f,0.0484623782270029f,-0.5625f,-1.2246467991473532e-16f,0.0484623782270029f,-0.9988250086459504f,-0.7291666666666669f,0f,0f,0f,1f],start_interpolation:0}
execute if entity @s[tag=aj.animal_wolf.bone.right_leg_left_under] run data modify entity @s {} merge value {transformation:[-1f,3.561850771285228e-18f,1.2241287124196405e-16f,-0.5624999999999999f,0f,0.9995769500822005f,-0.02908471874311129f,-1.2088922160063418f,-1.2246467991473532e-16f,-0.02908471874311129f,-0.9995769500822005f,-0.9482497914992533f,0f,0f,0f,1f],start_interpolation:0}
execute if entity @s[tag=aj.animal_wolf.bone.rear_leg_right] run data modify entity @s {} merge value {transformation:[-1f,-5.934929637476748e-18f,1.2232078497465904e-16f,-0.4687499999999999f,0f,0.9988250086459504f,0.0484623782270029f,-0.5625f,-1.2246467991473532e-16f,0.0484623782270029f,-0.9988250086459504f,-0.7291666666666669f,0f,0f,0f,1f],start_interpolation:0}
execute if entity @s[tag=aj.animal_wolf.bone.tale] run data modify entity @s {} merge value {transformation:[-1.3229166666666667f,0f,1.6201056613720195e-16f,1.4383221521235843e-16f,0f,1.3229166666666667f,0f,-0.2578125f,-1.6201056613720195e-16f,0f,-1.3229166666666667f,-1.174479166666667f,0f,0f,0f,1f],start_interpolation:0}
execute if entity @s[tag=aj.animal_wolf.bone.rear_body] run data modify entity @s {} merge value {transformation:[-1.171875f,0f,1.4351329677508045e-16f,-6.856746401476064e-17f,0f,1.171875f,0f,-0.5859375f,-1.4351329677508045e-16f,0f,-1.171875f,0.5598958333333331f,0f,0f,0f,1f],start_interpolation:0}
execute if entity @s[tag=aj.animal_wolf.bone.head] run data modify entity @s {} merge value {transformation:[-1f,-8.898035127798716e-18f,1.2214099556448292e-16f,-0.01562500000000016f,0f,0.9973569167005724f,0.07265797072261057f,0.19113794258293315f,-1.2246467991473532e-16f,0.07265797072261057f,-0.9973569167005724f,1.2933704916128925f,0f,0f,0f,1f],start_interpolation:0}
execute if entity @s[tag=aj.animal_wolf.bone.talon_left] run data modify entity @s {} merge value {transformation:[-1.0104166666666665f,4.3278588205509713e-17f,1.1592514363929804e-16f,0.6152343749999999f,0f,0.946600633913465f,-0.3533964914262786f,-1.5394733768796338f,-1.2374035366384712e-16f,-0.3533964914262786f,-0.946600633913465f,1.1233837119846826f,0f,0f,0f,1f],start_interpolation:0}
execute if entity @s[tag=aj.animal_wolf.bone.front_leg_left_under] run data modify entity @s {} merge value {transformation:[-1f,3.6655926765484056e-17f,1.168500785604445e-16f,0.6005856249999999f,0f,0.9541533007051507f,-0.29931835686016034f,-1.083444924687957f,-1.2246467991473532e-16f,-0.29931835686016034f,-0.9541533007051507f,1.0110319421880787f,0f,0f,0f,1f],start_interpolation:0}
execute if entity @s[tag=aj.animal_wolf.bone.front_leg_left] run data modify entity @s {} merge value {transformation:[-1f,3.6655926765484056e-17f,1.168500785604445e-16f,0.5624999999999999f,0f,0.9541533007051507f,-0.29931835686016034f,-0.5011272835308892f,-1.2246467991473532e-16f,-0.29931835686016034f,-0.9541533007051507f,0.6748357205906172f,0f,0f,0f,1f],start_interpolation:0}
execute if entity @s[tag=aj.animal_wolf.bone.talon_right] run data modify entity @s {} merge value {transformation:[-1.0104166666666665f,4.260343445282236e-17f,1.1617496502120428e-16f,-0.6298831250000001f,0f,0.9486405803051933f,-0.34788344265860593f,-1.54034407313264f,-1.2374035366384712e-16f,-0.34788344265860593f,-0.9486405803051933f,1.1229361531468642f,0f,0f,0f,1f],start_interpolation:0}
execute if entity @s[tag=aj.animal_wolf.bone.front_leg_right_under] run data modify entity @s {} merge value {transformation:[-1f,3.597550406614628e-17f,1.1706135542443231e-16f,-0.5625000000000001f,0f,0.9558785072229397f,-0.29376228387804404f,-1.1008823397823768f,-1.2246467991473532e-16f,-0.29376228387804404f,-0.9558785072229397f,0.9572308294377341f,0f,0f,0f,1f],start_interpolation:0}
execute if entity @s[tag=aj.animal_wolf.bone.front_leg_right] run data modify entity @s {} merge value {transformation:[-1f,3.597550406614628e-17f,1.1706135542443231e-16f,-0.5625000000000001f,0f,0.9558785072229397f,-0.29376228387804404f,-0.5011272835308892f,-1.2246467991473532e-16f,-0.29376228387804404f,-0.9558785072229397f,0.674835720590617f,0f,0f,0f,1f],start_interpolation:0}
execute if entity @s[tag=aj.animal_wolf.bone.front_body] run data modify entity @s {} merge value {transformation:[-1f,9.78602639877039e-18f,1.2207305810022597e-16f,-6.856746401476064e-17f,0f,0.9968021652056576f,-0.07990896971750389f,-0.5338541666666667f,-1.2246467991473532e-16f,-0.07990896971750389f,-0.9968021652056576f,0.5598958333333331f,0f,0f,0f,1f],start_interpolation:0}