execute if entity @s[tag=aj.animal_wolf.bone.rear_leg_right_under] run data modify entity @s {} merge value {transformation:[-1f,1.421728156871518e-17f,1.2163661755990443e-16f,0.4687500000000001f,0f,0.993238357741943f,-0.1160929141252302f,-1.1703152487464543f,-1.2246467991473532e-16f,-0.1160929141252302f,-0.993238357741943f,-0.831286125060652f,0f,0f,0f,1f],start_interpolation:0}
execute if entity @s[tag=aj.animal_wolf.bone.rear_leg_left] run data modify entity @s {} merge value {transformation:[-1f,-2.360044530366688e-17f,1.2016911753061685e-16f,0.46875000000000006f,0f,0.9812553106273847f,0.19271226054808968f,-0.5625f,-1.2246467991473532e-16f,0.19271226054808968f,-0.9812553106273847f,-0.5208333333333335f,0f,0f,0f,1f],start_interpolation:0}
execute if entity @s[tag=aj.animal_wolf.bone.right_leg_left_under] run data modify entity @s {} merge value {transformation:[-1f,1.421728156871518e-17f,1.2163661755990443e-16f,-0.5624999999999999f,0f,0.993238357741943f,-0.1160929141252302f,-1.1703152487464543f,-1.2246467991473532e-16f,-0.1160929141252302f,-0.993238357741943f,-0.831286125060652f,0f,0f,0f,1f],start_interpolation:0}
execute if entity @s[tag=aj.animal_wolf.bone.rear_leg_right] run data modify entity @s {} merge value {transformation:[-1f,-2.360044530366688e-17f,1.2016911753061685e-16f,-0.46874999999999994f,0f,0.9812553106273847f,0.19271226054808968f,-0.5625f,-1.2246467991473532e-16f,0.19271226054808968f,-0.9812553106273847f,-0.5208333333333335f,0f,0f,0f,1f],start_interpolation:0}
execute if entity @s[tag=aj.animal_wolf.bone.tale] run data modify entity @s {} merge value {transformation:[-1.3229166666666667f,0f,1.6201056613720195e-16f,1.183187402301219e-16f,0f,1.3229166666666667f,0f,-0.2578125f,-1.6201056613720195e-16f,0f,-1.3229166666666667f,-0.9661458333333335f,0f,0f,0f,1f],start_interpolation:0}
execute if entity @s[tag=aj.animal_wolf.bone.rear_body] run data modify entity @s {} merge value {transformation:[-1.171875f,0f,1.4351329677508045e-16f,-9.408093899699718e-17f,0f,1.171875f,0f,-0.5859375f,-1.4351329677508045e-16f,0f,-1.171875f,0.7682291666666665f,0f,0f,0f,1f],start_interpolation:0}
execute if entity @s[tag=aj.animal_wolf.bone.head] run data modify entity @s {} merge value {transformation:[-1f,-3.5123266092475e-17f,1.1731987898738972e-16f,-0.01562500000000016f,0f,0.9579895123154889f,0.28680323271109015f,0.5009477479819338f,-1.2246467991473532e-16f,0.28680323271109015f,-0.9579895123154889f,1.3083635629790826f,0f,0f,0f,1f],start_interpolation:0}
execute if entity @s[tag=aj.animal_wolf.bone.talon_left] run data modify entity @s {} merge value {transformation:[-1.0104166666666665f,1.2250249411465462e-16f,1.7458924953815732e-17f,0.6152343749999998f,0f,0.14256294113512008f,-1.000308776374916f,-0.5995267794817405f,-1.2374035366384712e-16f,-1.000308776374916f,-0.14256294113512008f,1.9677146574427722f,0f,0f,0f,1f],start_interpolation:0}
execute if entity @s[tag=aj.animal_wolf.bone.front_leg_left_under] run data modify entity @s {} merge value {transformation:[-1f,1.1483353059039907e-16f,4.255417815870088e-17f,0.6005856249999998f,0f,0.3474812344941314f,-0.9376869369221449f,-0.4091736538324754f,-1.2246467991473532e-16f,-0.9376869369221449f,-0.3474812344941314f,1.5383540200523371f,0f,0f,0f,1f],start_interpolation:0}
execute if entity @s[tag=aj.animal_wolf.bone.front_leg_left] run data modify entity @s {} merge value {transformation:[-1f,1.1483353059039907e-16f,4.255417815870088e-17f,0.5624999999999999f,0f,0.3474812344941314f,-0.9376869369221449f,-0.31849557859640654f,-1.2246467991473532e-16f,-0.9376869369221449f,-0.3474812344941314f,0.8720963962380781f,0f,0f,0f,1f],start_interpolation:0}
execute if entity @s[tag=aj.animal_wolf.bone.talon_right] run data modify entity @s {} merge value {transformation:[-1.0104166666666665f,1.220630745207469e-16f,2.0304702987154346e-17f,-0.6298831250000003f,0f,0.1658004822393794f,-0.9967206430926203f,-0.6194991856780792f,-1.2374035366384712e-16f,-0.9967206430926203f,-0.1658004822393794f,1.9630420236508688f,0f,0f,0f,1f],start_interpolation:0}
execute if entity @s[tag=aj.animal_wolf.bone.front_leg_right_under] run data modify entity @s {} merge value {transformation:[-1f,1.1381224708398953e-16f,4.52147126532005e-17f,-0.5625000000000002f,0f,0.36920614731268436f,-0.9293475242268224f,-0.47366078237409104f,-1.2246467991473532e-16f,-0.9293475242268224f,-0.36920614731268436f,1.5165937853224944f,0f,0f,0f,1f],start_interpolation:0}
execute if entity @s[tag=aj.animal_wolf.bone.front_leg_right] run data modify entity @s {} merge value {transformation:[-1f,1.1381224708398953e-16f,4.52147126532005e-17f,-0.5625000000000001f,0f,0.36920614731268436f,-0.9293475242268224f,-0.31849557859640654f,-1.2246467991473532e-16f,-0.9293475242268224f,-0.36920614731268436f,0.8720963962380779f,0f,0f,0f,1f],start_interpolation:0}
execute if entity @s[tag=aj.animal_wolf.bone.front_body] run data modify entity @s {} merge value {transformation:[-1f,3.852062288096585e-17f,1.1624869650658877e-16f,-9.408093899699718e-17f,0f,0.9492426435730339f,-0.3145447561516137f,-0.37760416666666674f,-1.2246467991473532e-16f,-0.3145447561516137f,-0.9492426435730339f,0.7682291666666665f,0f,0f,0f,1f],start_interpolation:0}