execute if entity @s[tag=aj.animal_wolf.bone.rear_leg_right_under] run data modify entity @s {} merge value {transformation:[-1f,3.169619151431765e-17f,1.18291797137867e-16f,0.4687500000000002f,0f,0.9659258262890684f,-0.25881904510252074f,-1.0780235611664204f,-1.2246467991473532e-16f,-0.25881904510252074f,-0.9659258262890684f,-1.9472759443367058f,0f,0f,0f,1f],start_interpolation:0}
execute if entity @s[tag=aj.animal_wolf.bone.rear_leg_left] run data modify entity @s {} merge value {transformation:[-1f,-5.175581015019659e-17f,1.1099069304367545e-16f,0.46875000000000017f,0f,0.9063077870366499f,0.42261826174069944f,-0.5625f,-1.2246467991473532e-16f,0.42261826174069944f,-0.9063077870366499f,-1.5f,0f,0f,0f,1f],start_interpolation:0}
execute if entity @s[tag=aj.animal_wolf.bone.right_leg_left_under] run data modify entity @s {} merge value {transformation:[-1f,3.169619151431765e-17f,1.18291797137867e-16f,-0.5624999999999998f,0f,0.9659258262890684f,-0.25881904510252074f,-1.0780235611664204f,-1.2246467991473532e-16f,-0.25881904510252074f,-0.9659258262890684f,-1.9472759443367058f,0f,0f,0f,1f],start_interpolation:0}
execute if entity @s[tag=aj.animal_wolf.bone.rear_leg_right] run data modify entity @s {} merge value {transformation:[-1f,-5.175581015019659e-17f,1.1099069304367545e-16f,-0.46874999999999983f,0f,0.9063077870366499f,0.42261826174069944f,-0.5625f,-1.2246467991473532e-16f,0.42261826174069944f,-0.9063077870366499f,-1.5f,0f,0f,0f,1f],start_interpolation:0}
execute if entity @s[tag=aj.animal_wolf.bone.tale] run data modify entity @s {} merge value {transformation:[-1.3229166666666667f,0f,1.6201056613720195e-16f,2.3823207264663356e-16f,0f,1.3229166666666667f,0f,-0.2578125f,-1.6201056613720195e-16f,0f,-1.3229166666666667f,-1.9453125f,0f,0f,0f,1f],start_interpolation:0}
execute if entity @s[tag=aj.animal_wolf.bone.rear_body] run data modify entity @s {} merge value {transformation:[-1.171875f,0f,1.4351329677508045e-16f,2.5832393419514482e-17f,0f,1.171875f,0f,-0.5859375f,-1.4351329677508045e-16f,0f,-1.171875f,-0.2109375f,0f,0f,0f,1f],start_interpolation:0}
execute if entity @s[tag=aj.animal_wolf.bone.head] run data modify entity @s {} merge value {transformation:[-1f,-3.298464349559936e-17f,1.1793901441035867e-16f,-0.015625000000000045f,0f,0.9630451367077626f,0.2693400539532261f,0.476950042875656f,-1.2246467991473532e-16f,0.2693400539532261f,-0.9630451367077626f,0.34665749441064164f,0f,0f,0f,1f],start_interpolation:0}
execute if entity @s[tag=aj.animal_wolf.bone.talon_left] run data modify entity @s {} merge value {transformation:[-1.0104166666666665f,1.2359130298867156e-16f,-6.071651374737153e-18f,0.6152343749999999f,0f,-0.04957879593499514f,-1.0091995755406427f,-0.6970062711047472f,-1.2374035366384712e-16f,-1.0091995755406427f,0.04957879593499514f,0.9652107726233704f,0f,0f,0f,1f],start_interpolation:0}
execute if entity @s[tag=aj.animal_wolf.bone.front_leg_left_under] run data modify entity @s {} merge value {transformation:[-1f,1.1127132493845286e-16f,5.1149683020130346e-17f,0.6005856249999999f,0f,0.4176688581209108f,-0.9085993203585254f,-0.4746048731469416f,-1.2246467991473532e-16f,-0.9085993203585254f,-0.4176688581209108f,0.5515412335330727f,0f,0f,0f,1f],start_interpolation:0}
execute if entity @s[tag=aj.animal_wolf.bone.front_leg_left] run data modify entity @s {} merge value {transformation:[-1f,1.1127132493845286e-16f,5.1149683020130346e-17f,0.5625f,0f,0.4176688581209108f,-0.9085993203585254f,-0.33360528857323724f,-1.2246467991473532e-16f,-0.9085993203585254f,-0.4176688581209108f,-0.10590903209101489f,0f,0f,0f,1f],start_interpolation:0}
execute if entity @s[tag=aj.animal_wolf.bone.talon_right] run data modify entity @s {} merge value {transformation:[-1.0104166666666665f,1.2369434398211133e-16f,-3.3740764201602713e-18f,-0.6298831250000001f,0f,-0.027551424806804992f,-1.0100409691041705f,-0.7150169767914811f,-1.2374035366384712e-16f,-1.0100409691041705f,0.027551424806804992f,0.959591159151471f,0f,0f,0f,1f],start_interpolation:0}
execute if entity @s[tag=aj.animal_wolf.bone.front_leg_right_under] run data modify entity @s {} merge value {transformation:[-1f,1.1012902092169651e-16f,5.356488194187595e-17f,-0.5625000000000001f,0f,0.4373904539592142f,-0.899271700202643f,-0.5363360520899738f,-1.2246467991473532e-16f,-0.899271700202643f,-0.4373904539592142f,0.5252433762256458f,0f,0f,0f,1f],start_interpolation:0}
execute if entity @s[tag=aj.animal_wolf.bone.front_leg_right] run data modify entity @s {} merge value {transformation:[-1f,1.1012902092169651e-16f,5.356488194187595e-17f,-0.5625f,0f,0.4373904539592142f,-0.899271700202643f,-0.33360528857323724f,-1.2246467991473532e-16f,-0.899271700202643f,-0.4373904539592142f,-0.10590903209101502f,0f,0f,0f,1f],start_interpolation:0}
execute if entity @s[tag=aj.animal_wolf.bone.front_body] run data modify entity @s {} merge value {transformation:[-1f,3.618826804371114e-17f,1.1699575668636487e-16f,2.5832393419514482e-17f,0f,0.9553428528766161f,-0.29549963359971887f,-0.390625f,-1.2246467991473532e-16f,-0.29549963359971887f,-0.9553428528766161f,-0.2109375f,0f,0f,0f,1f],start_interpolation:0}