execute if entity @s[tag=aj.animal_wolf.bone.rear_leg_right_under] run data modify entity @s {} merge value {transformation:[-1f,1.0673500138322967e-17f,1.2199866483456202e-16f,0.4687500000000001f,0f,0.9961946980917457f,-0.08715574274765811f,-1.184646351698636f,-1.2246467991473532e-16f,-0.08715574274765811f,-0.9961946980917457f,-0.5931318399043077f,0f,0f,0f,1f],start_interpolation:0}
execute if entity @s[tag=aj.animal_wolf.bone.rear_leg_left] run data modify entity @s {} merge value {transformation:[-1f,-1.7749033759509413e-17f,1.2117165356312662e-16f,0.46875000000000006f,0f,0.9894416385809446f,0.14493185930724664f,-0.5625f,-1.2246467991473532e-16f,0.14493185930724664f,-0.9894416385809446f,-0.3125f,0f,0f,0f,1f],start_interpolation:0}
execute if entity @s[tag=aj.animal_wolf.bone.right_leg_left_under] run data modify entity @s {} merge value {transformation:[-1f,1.0673500138322967e-17f,1.2199866483456202e-16f,-0.5624999999999999f,0f,0.9961946980917457f,-0.08715574274765811f,-1.184646351698636f,-1.2246467991473532e-16f,-0.08715574274765811f,-0.9961946980917457f,-0.5931318399043077f,0f,0f,0f,1f],start_interpolation:0}
execute if entity @s[tag=aj.animal_wolf.bone.rear_leg_right] run data modify entity @s {} merge value {transformation:[-1f,-1.7749033759509413e-17f,1.2117165356312662e-16f,-0.46874999999999994f,0f,0.9894416385809446f,0.14493185930724664f,-0.5625f,-1.2246467991473532e-16f,0.14493185930724664f,-0.9894416385809446f,-0.3125f,0f,0f,0f,1f],start_interpolation:0}
execute if entity @s[tag=aj.animal_wolf.bone.tale] run data modify entity @s {} merge value {transformation:[-1.3229166666666667f,0f,1.6201056613720195e-16f,9.280526524788535e-17f,0f,1.3229166666666667f,0f,-0.2578125f,-1.6201056613720195e-16f,0f,-1.3229166666666667f,-0.7578125f,0f,0f,0f,1f],start_interpolation:0}
execute if entity @s[tag=aj.animal_wolf.bone.rear_body] run data modify entity @s {} merge value {transformation:[-1.171875f,0f,1.4351329677508045e-16f,-1.1959441397923372e-16f,0f,1.171875f,0f,-0.5859375f,-1.4351329677508045e-16f,0f,-1.171875f,0.9765625f,0f,0f,0f,1f],start_interpolation:0}
execute if entity @s[tag=aj.animal_wolf.bone.head] run data modify entity @s {} merge value {transformation:[-1f,-2.650620804179864e-17f,1.1956177801397682e-16f,-0.015625000000000194f,0f,0.9762960071199334f,0.2164396139381027f,0.40289336764898975f,-1.2246467991473532e-16f,0.2164396139381027f,-0.9762960071199334f,1.5851738140891773f,0f,0f,0f,1f],start_interpolation:0}
execute if entity @s[tag=aj.animal_wolf.bone.talon_left] run data modify entity @s {} merge value {transformation:[-1.0104166666666665f,1.0865914962028144e-16f,5.920189463734464e-17f,0.6152343749999998f,0f,0.48342015574256436f,-0.887269290181742f,-0.9751533603474275f,-1.2374035366384712e-16f,-0.887269290181742f,-0.48342015574256436f,2.0460908686707073f,0f,0f,0f,1f],start_interpolation:0}
execute if entity @s[tag=aj.animal_wolf.bone.front_leg_left_under] run data modify entity @s {} merge value {transformation:[-1f,9.683154556045825e-17f,7.497499323768876e-17f,0.6005856249999998f,0f,0.6122172800344496f,-0.7906895737438431f,-0.6650117767255026f,-1.2246467991473532e-16f,-0.7906895737438431f,-0.6122172800344496f,1.6933911841042903f,0f,0f,0f,1f],start_interpolation:0}
execute if entity @s[tag=aj.animal_wolf.bone.front_leg_left] run data modify entity @s {} merge value {transformation:[-1f,9.683154556045825e-17f,7.497499323768876e-17f,0.5624999999999999f,0f,0.6122172800344496f,-0.7906895737438431f,-0.3790678547317783f,-1.2246467991473532e-16f,-0.7906895737438431f,-0.6122172800344496f,1.084820885704847f,0f,0f,0f,1f],start_interpolation:0}
execute if entity @s[tag=aj.animal_wolf.bone.talon_right] run data modify entity @s {} merge value {transformation:[-1.0104166666666665f,1.076093847784237e-16f,6.108924154434329e-17f,-0.6298831250000002f,0f,0.4988315127829182f,-0.8786973097332679f,-0.9872694124332755f,-1.2374035366384712e-16f,-0.8786973097332679f,-0.4988315127829182f,2.0392088564257365f,0f,0f,0f,1f],start_interpolation:0}
execute if entity @s[tag=aj.animal_wolf.bone.front_leg_right_under] run data modify entity @s {} merge value {transformation:[-1f,9.550830359243855e-17f,7.665351767214056e-17f,-0.5625000000000002f,0f,0.6259234721840592f,-0.7798844830928815f,-0.7167159630626094f,-1.2246467991473532e-16f,-0.7798844830928815f,-0.6259234721840592f,1.655300403251806f,0f,0f,0f,1f],start_interpolation:0}
execute if entity @s[tag=aj.animal_wolf.bone.front_leg_right] run data modify entity @s {} merge value {transformation:[-1f,9.550830359243855e-17f,7.665351767214056e-17f,-0.5625000000000001f,0f,0.6259234721840592f,-0.7798844830928815f,-0.3790678547317783f,-1.2246467991473532e-16f,-0.7798844830928815f,-0.6259234721840592f,1.084820885704847f,0f,0f,0f,1f],start_interpolation:0}
execute if entity @s[tag=aj.animal_wolf.bone.front_body] run data modify entity @s {} merge value {transformation:[-1f,2.910812672397302e-17f,1.1895509566739756e-16f,-1.1959441397923372e-16f,0f,0.9713420698132614f,-0.23768589232617301f,-0.4296875f,-1.2246467991473532e-16f,-0.23768589232617301f,-0.9713420698132614f,0.9765625f,0f,0f,0f,1f],start_interpolation:0}