execute if entity @s[tag=aj.animal_wolf.bone.rear_leg_right_under] run data modify entity @s {} merge value {transformation:[-1f,7.120687861218475e-18f,1.222574890589598e-16f,0.4687500000000001f,0f,0.9983081582712683f,-0.058144828910475815f,-1.1975154214824189f,-1.2246467991473532e-16f,-0.058144828910475815f,-0.9983081582712683f,-0.770984741443513f,0f,0f,0f,1f],start_interpolation:0}
execute if entity @s[tag=aj.animal_wolf.bone.rear_leg_left] run data modify entity @s {} merge value {transformation:[-1f,-1.185591229293165e-17f,1.2188943830505124e-16f,0.46875000000000006f,0f,0.9953027957931658f,0.09681087070317905f,-0.5625f,-1.2246467991473532e-16f,0.09681087070317905f,-0.9953027957931658f,-0.5208333333333331f,0f,0f,0f,1f],start_interpolation:0}
execute if entity @s[tag=aj.animal_wolf.bone.right_leg_left_under] run data modify entity @s {} merge value {transformation:[-1f,7.120687861218475e-18f,1.222574890589598e-16f,-0.5624999999999999f,0f,0.9983081582712683f,-0.058144828910475815f,-1.1975154214824189f,-1.2246467991473532e-16f,-0.058144828910475815f,-0.9983081582712683f,-0.770984741443513f,0f,0f,0f,1f],start_interpolation:0}
execute if entity @s[tag=aj.animal_wolf.bone.rear_leg_right] run data modify entity @s {} merge value {transformation:[-1f,-1.185591229293165e-17f,1.2188943830505124e-16f,-0.46874999999999994f,0f,0.9953027957931658f,0.09681087070317905f,-0.5625f,-1.2246467991473532e-16f,0.09681087070317905f,-0.9953027957931658f,-0.5208333333333331f,0f,0f,0f,1f],start_interpolation:0}
execute if entity @s[tag=aj.animal_wolf.bone.tale] run data modify entity @s {} merge value {transformation:[-1.3229166666666667f,0f,1.6201056613720195e-16f,1.1831874023012187e-16f,0f,1.3229166666666667f,0f,-0.2578125f,-1.6201056613720195e-16f,0f,-1.3229166666666667f,-0.9661458333333331f,0f,0f,0f,1f],start_interpolation:0}
execute if entity @s[tag=aj.animal_wolf.bone.rear_body] run data modify entity @s {} merge value {transformation:[-1.171875f,0f,1.4351329677508045e-16f,-9.40809389969972e-17f,0f,1.171875f,0f,-0.5859375f,-1.4351329677508045e-16f,0f,-1.171875f,0.7682291666666669f,0f,0f,0f,1f],start_interpolation:0}
execute if entity @s[tag=aj.animal_wolf.bone.head] run data modify entity @s {} merge value {transformation:[-1f,-1.774903375950942e-17f,1.211716535631266e-16f,-0.015625000000000177f,0f,0.9894416385809446f,0.14493185930724667f,0.2995140751807025f,-1.2246467991473532e-16f,0.14493185930724667f,-0.9894416385809446f,1.4414249216597557f,0f,0f,0f,1f],start_interpolation:0}
execute if entity @s[tag=aj.animal_wolf.bone.talon_left] run data modify entity @s {} merge value {transformation:[-1.0104166666666665f,8.109038653403448e-17f,9.346670175316365e-17f,0.6152343749999998f,0f,0.7632135389423202f,-0.6621532558652238f,-1.2964465818789876f,-1.2374035366384712e-16f,-0.6621532558652238f,-0.7632135389423202f,1.6189659166664028f,0f,0f,0f,1f],start_interpolation:0}
execute if entity @s[tag=aj.animal_wolf.bone.front_leg_left_under] run data modify entity @s {} merge value {transformation:[-1f,6.995074702738582e-17f,1.0052109637747317e-16f,0.6005856249999998f,0f,0.8208170424930671f,-0.5711911963195286f,-0.8949544761306887f,-1.2246467991473532e-16f,-0.5711911963195286f,-0.8208170424930671f,1.3752674176834128f,0f,0f,0f,1f],start_interpolation:0}
execute if entity @s[tag=aj.animal_wolf.bone.front_leg_left] run data modify entity @s {} merge value {transformation:[-1f,6.995074702738582e-17f,1.0052109637747317e-16f,0.5624999999999999f,0f,0.8208170424930671f,-0.5711911963195286f,-0.439963877392982f,-1.2246467991473532e-16f,-0.5711911963195286f,-0.8208170424930671f,0.8801863236397767f,0f,0f,0f,1f],start_interpolation:0}
execute if entity @s[tag=aj.animal_wolf.bone.talon_right] run data modify entity @s {} merge value {transformation:[-1.0104166666666665f,7.999738744541633e-17f,9.440388300680175e-17f,-0.6298831250000001f,0f,0.7708662046275659f,-0.6532282410007002f,-1.301693864444056f,-1.2374035366384712e-16f,-0.6532282410007002f,-0.7708662046275659f,1.6137985937554153f,0f,0f,0f,1f],start_interpolation:0}
execute if entity @s[tag=aj.animal_wolf.bone.front_leg_right_under] run data modify entity @s {} merge value {transformation:[-1f,6.877642224668146e-17f,1.0132818743846529e-16f,-0.5625000000000001f,0f,0.8274074411415104f,-0.5616021067834929f,-0.9302998131311457f,-1.2246467991473532e-16f,-0.5616021067834929f,-0.8274074411415104f,1.3263071538234603f,0f,0f,0f,1f],start_interpolation:0}
execute if entity @s[tag=aj.animal_wolf.bone.front_leg_right] run data modify entity @s {} merge value {transformation:[-1f,6.877642224668146e-17f,1.0132818743846529e-16f,-0.5625000000000001f,0f,0.8274074411415104f,-0.5616021067834929f,-0.439963877392982f,-1.2246467991473532e-16f,-0.5616021067834929f,-0.8274074411415104f,0.8801863236397764f,0f,0f,0f,1f],start_interpolation:0}
execute if entity @s[tag=aj.animal_wolf.bone.front_body] run data modify entity @s {} merge value {transformation:[-1f,1.9509464606108123e-17f,1.2090069734042724e-16f,-9.40809389969972e-17f,0f,0.987229113117374f,-0.1593068680675226f,-0.48177083333333326f,-1.2246467991473532e-16f,-0.1593068680675226f,-0.987229113117374f,0.7682291666666669f,0f,0f,0f,1f],start_interpolation:0}