execute if entity @s[tag=aj.animal_wolf.bone.rear_leg_right_under] run data modify entity @s {} merge value {transformation:[-1f,1.9157696688784726e-17f,1.2095693648649962e-16f,0.4687500000000002f,0f,0.9876883405951378f,-0.1564344650402309f,-1.1478602525454784f,-1.2246467991473532e-16f,-0.1564344650402309f,-0.9876883405951378f,-1.6259610907777295f,0f,0f,0f,1f],start_interpolation:0}
execute if entity @s[tag=aj.animal_wolf.bone.rear_leg_left] run data modify entity @s {} merge value {transformation:[-1f,-3.169619151431765e-17f,1.1829179713786698e-16f,0.46875000000000017f,0f,0.9659258262890683f,0.25881904510252074f,-0.5625f,-1.2246467991473532e-16f,0.25881904510252074f,-0.9659258262890683f,-1.275f,0f,0f,0f,1f],start_interpolation:0}
execute if entity @s[tag=aj.animal_wolf.bone.right_leg_left_under] run data modify entity @s {} merge value {transformation:[-1f,1.9157696688784726e-17f,1.2095693648649962e-16f,-0.5624999999999998f,0f,0.9876883405951378f,-0.1564344650402309f,-1.1478602525454784f,-1.2246467991473532e-16f,-0.1564344650402309f,-0.9876883405951378f,-1.6259610907777295f,0f,0f,0f,1f],start_interpolation:0}
execute if entity @s[tag=aj.animal_wolf.bone.rear_leg_right] run data modify entity @s {} merge value {transformation:[-1f,-3.169619151431765e-17f,1.1829179713786698e-16f,-0.46874999999999983f,0f,0.9659258262890683f,0.25881904510252074f,-0.5625f,-1.2246467991473532e-16f,0.25881904510252074f,-0.9659258262890683f,-1.275f,0f,0f,0f,1f],start_interpolation:0}
execute if entity @s[tag=aj.animal_wolf.bone.tale] run data modify entity @s {} merge value {transformation:[-1.3229166666666667f,0f,1.6201056613720195e-16f,2.106775196658181e-16f,0f,1.3229166666666667f,0f,-0.2578125f,-1.6201056613720195e-16f,0f,-1.3229166666666667f,-1.7203125f,0f,0f,0f,1f],start_interpolation:0}
execute if entity @s[tag=aj.animal_wolf.bone.rear_body] run data modify entity @s {} merge value {transformation:[-1.171875f,0f,1.4351329677508045e-16f,-1.7221595613009716e-18f,0f,1.171875f,0f,-0.5859375f,-1.4351329677508045e-16f,0f,-1.171875f,0.014062500000000033f,0f,0f,0f,1f],start_interpolation:0}
execute if entity @s[tag=aj.animal_wolf.bone.head] run data modify entity @s {} merge value {transformation:[-1f,-1.9948942008827595e-17f,1.208289598537826e-16f,-0.01562500000000008f,0f,0.986643332084879f,0.16289547339458876f,0.32584073041204276f,-1.2246467991473532e-16f,0.16289547339458876f,-0.986643332084879f,0.6715001046103206f,0f,0f,0f,1f],start_interpolation:0}
execute if entity @s[tag=aj.animal_wolf.bone.talon_left] run data modify entity @s {} merge value {transformation:[-1.0104166666666665f,1.0220647976424152e-16f,6.975321224901152e-17f,0.6152343749999999f,0f,0.5695782024464232f,-0.8345792422386737f,-1.22263410353356f,-1.2374035366384712e-16f,-0.8345792422386737f,-0.5695782024464232f,0.9268339585071802f,0f,0f,0f,1f],start_interpolation:0}
execute if entity @s[tag=aj.animal_wolf.bone.front_leg_left_under] run data modify entity @s {} merge value {transformation:[-1f,7.738055971126022e-17f,9.492021283894524e-17f,0.6005856249999999f,0f,0.7750823576645315f,-0.6318602209644085f,-0.8408027184672442f,-1.2246467991473532e-16f,-0.6318602209644085f,-0.7750823576645315f,0.6533569708773168f,0f,0f,0f,1f],start_interpolation:0}
execute if entity @s[tag=aj.animal_wolf.bone.front_leg_left] run data modify entity @s {} merge value {transformation:[-1f,7.738055971126022e-17f,9.492021283894524e-17f,0.5625f,0f,0.7750823576645315f,-0.6318602209644085f,-0.42471257080522873f,-1.2246467991473532e-16f,-0.6318602209644085f,-0.7750823576645315f,0.1251612461334084f,0f,0f,0f,1f],start_interpolation:0}
execute if entity @s[tag=aj.animal_wolf.bone.talon_right] run data modify entity @s {} merge value {transformation:[-1.0104166666666665f,1.012846821490262e-16f,7.108507780698208e-17f,-0.6298831250000001f,0f,0.5804537100531704f,-0.8270521934940307f,-1.2294167728235643f,-1.2374035366384712e-16f,-0.8270521934940307f,-0.5804537100531704f,0.9209103778962391f,0f,0f,0f,1f],start_interpolation:0}
execute if entity @s[tag=aj.animal_wolf.bone.front_leg_right_under] run data modify entity @s {} merge value {transformation:[-1f,7.613146313337733e-17f,9.592496102574024e-17f,-0.5625000000000001f,0f,0.7832867492286506f,-0.6216605733700772f,-0.880463821233086f,-1.2246467991473532e-16f,-0.6216605733700772f,-0.7832867492286506f,0.6065591301477073f,0f,0f,0f,1f],start_interpolation:0}
execute if entity @s[tag=aj.animal_wolf.bone.front_leg_right] run data modify entity @s {} merge value {transformation:[-1f,7.613146313337733e-17f,9.592496102574024e-17f,-0.5625f,0f,0.7832867492286506f,-0.6216605733700772f,-0.42471257080522873f,-1.2246467991473532e-16f,-0.6216605733700772f,-0.7832867492286506f,0.1251612461334083f,0f,0f,0f,1f],start_interpolation:0}
execute if entity @s[tag=aj.animal_wolf.bone.front_body] run data modify entity @s {} merge value {transformation:[-1f,2.1923242615583387e-17f,1.2048638620125032e-16f,-1.7221595613009716e-18f,0f,0.9838460059270774f,-0.1790168612766326f,-0.46875f,-1.2246467991473532e-16f,-0.1790168612766326f,-0.9838460059270774f,0.014062500000000033f,0f,0f,0f,1f],start_interpolation:0}