execute if entity @s[tag=aj.animal_bear.bone.front_leg_right_under2] run data modify entity @s {} merge value {transformation:[-1f,8.371139117656624e-18f,1.2217823806427811e-16f,-0.9177724999999999f,0f,0.9976610247897055f,-0.0683555382946735f,-1.0497520894535266f,-1.2246467991473532e-16f,-0.0683555382946735f,-0.9976610247897055f,-1.1361942247309635f,0f,0f,0f,1f],start_interpolation:0}
execute if entity @s[tag=aj.animal_bear.bone.rear_leg_right] run data modify entity @s {} merge value {transformation:[-1f,5.4324434402443877e-17f,1.0975633764604734e-16f,-0.8674999999999998f,0f,0.8962285103138634f,-0.4435926704766359f,-0.3591666666666667f,-1.2246467991473532e-16f,-0.4435926704766359f,-0.8962285103138634f,-1.69375f,0f,0f,0f,1f],start_interpolation:0}
execute if entity @s[tag=aj.animal_bear.bone.front_leg_left_under2] run data modify entity @s {} merge value {transformation:[-1f,1.424909102090942e-18f,1.2245639003608327e-16f,0.9177725000000001f,0f,0.9999323080037623f,-0.011635265801396955f,-1.0365913663481336f,-1.2246467991473532e-16f,-0.011635265801396955f,-0.9999323080037623f,-1.1202759857996731f,0f,0f,0f,1f],start_interpolation:0}
execute if entity @s[tag=aj.animal_bear.bone.rear_leg_left] run data modify entity @s {} merge value {transformation:[-1f,5.686364101512072e-17f,1.0846254725536394e-16f,0.8675000000000003f,0f,0.885663910042306f,-0.4643268659560569f,-0.3591666666666667f,-1.2246467991473532e-16f,-0.4643268659560569f,-0.885663910042306f,-1.69375f,0f,0f,0f,1f],start_interpolation:0}
execute if entity @s[tag=aj.animal_bear.bone.head] run data modify entity @s {} merge value {transformation:[-1f,5.49620479492452e-17f,1.0943843525856647e-16f,-1.1102230246251565e-16f,0f,0.8936326403234123f,-0.44879918020046206f,0.537050605542932f,-1.2246467991473532e-16f,-0.44879918020046206f,-0.8936326403234123f,0.9131113703276376f,0f,0f,0f,1f],start_interpolation:0}
execute if entity @s[tag=aj.animal_bear.bone.front_leg_left_under] run data modify entity @s {} merge value {transformation:[-1f,1.186305043244693e-16f,-3.0403968003217095e-17f,1.1677724999999999f,0f,-0.24826723937371592f,-0.9686915803565932f,0.21697045386160002f,-1.2246467991473532e-16f,-0.9686915803565932f,0.24826723937371592f,1.457670576694111f,0f,0f,0f,1f],start_interpolation:0}
execute if entity @s[tag=aj.animal_bear.bone.front_leg_left] run data modify entity @s {} merge value {transformation:[-1f,1.15079156022785e-16f,4.1885387376769955e-17f,0.9925f,0f,0.3420201433256691f,-0.9396926207859082f,0.4490091900763121f,-1.2246467991473532e-16f,-0.9396926207859082f,-0.3420201433256691f,0.6202817744657544f,0f,0f,0f,1f],start_interpolation:0}
execute if entity @s[tag=aj.animal_bear.bone.front_leg_right_under] run data modify entity @s {} merge value {transformation:[-1f,1.1582159381160904e-16f,3.9786382514086615e-17f,-1.2707031250000003f,0f,0.3248804679176677f,-0.9457550854029796f,-0.14683875850791483f,-1.2246467991473532e-16f,-0.9457550854029796f,-0.3248804679176677f,1.2076594676948422f,0f,0f,0f,1f],start_interpolation:0}
execute if entity @s[tag=aj.animal_bear.bone.front_leg_right] run data modify entity @s {} merge value {transformation:[-1f,8.65956056235493e-17f,8.659560562354933e-17f,-1.1175000000000002f,0f,0.7071067811865476f,-0.7071067811865475f,0.4490091900763121f,-1.2246467991473532e-16f,-0.7071067811865475f,-0.7071067811865476f,0.6202817744657539f,0f,0f,0f,1f],start_interpolation:0}
execute if entity @s[tag=aj.animal_bear.bone.front_body] run data modify entity @s {} merge value {transformation:[-2.28125f,1.2538217188421563e-16f,2.496564304336048e-16f,-0.06249999999999991f,0f,2.0385994607377844f,-1.0238231298323042f,0.17543749999999997f,-2.7937255105548995e-16f,-1.0238231298323042f,-2.0385994607377844f,-0.7442708333333333f,0f,0f,0f,1f],start_interpolation:0}
execute if entity @s[tag=aj.animal_bear.bone.rear_body] run data modify entity @s {} merge value {transformation:[-1f,0f,1.2246467991473532e-16f,0.015625000000000187f,0f,1f,0f,-0.4674479166666667f,-1.2246467991473532e-16f,0f,-1f,-1.5203125f,0f,0f,0f,1f],start_interpolation:0}