execute if entity @s[tag=aj.animal_bear.bone.front_leg_right_under2] run data modify entity @s {} merge value {transformation:[-1f,1.675482098126916e-18f,1.2245321795019285e-16f,-0.9177724999999998f,0f,0.9999064059567995f,-0.013681349588252317f,-1.110677610913267f,-1.2246467991473532e-16f,-0.013681349588252317f,-0.9999064059567995f,-1.4216933600479442f,0f,0f,0f,1f],start_interpolation:0}
execute if entity @s[tag=aj.animal_bear.bone.rear_leg_right] run data modify entity @s {} merge value {transformation:[-1f,1.1241190054773395e-17f,1.2194766694271376e-16f,-0.8674999999999998f,0f,0.9957782687026044f,-0.09179128269963184f,-0.26583333333333337f,-1.2246467991473532e-16f,-0.09179128269963184f,-0.9957782687026044f,-1.69375f,0f,0f,0f,1f],start_interpolation:0}
execute if entity @s[tag=aj.animal_bear.bone.front_leg_left_under2] run data modify entity @s {} merge value {transformation:[-1f,2.849879936999312e-19f,1.2246434831599777e-16f,0.9177725000000002f,0f,0.9999972922908238f,-0.002327103568950259f,-1.1094022560281886f,-1.2246467991473532e-16f,-0.002327103568950259f,-0.9999972922908238f,-1.4177642370247996f,0f,0f,0f,1f],start_interpolation:0}
execute if entity @s[tag=aj.animal_bear.bone.rear_leg_left] run data modify entity @s {} merge value {transformation:[-1f,1.1808636468565784e-17f,1.218940274639075e-16f,0.8675000000000003f,0f,0.9953402691190216f,-0.09642483430150976f,-0.26583333333333337f,-1.2246467991473532e-16f,-0.09642483430150976f,-0.9953402691190216f,-1.69375f,0f,0f,0f,1f],start_interpolation:0}
execute if entity @s[tag=aj.animal_bear.bone.head] run data modify entity @s {} merge value {transformation:[-1f,1.138307496683718e-17f,1.2193450467737975e-16f,-1.1796119636642288e-16f,0f,0.9956707906498045f,-0.09294986092939221f,-0.13067160255873944f,-1.2246467991473532e-16f,-0.09294986092939221f,-0.9956707906498045f,0.9977661663188148f,0f,0f,0f,1f],start_interpolation:0}
execute if entity @s[tag=aj.animal_bear.bone.front_leg_left_under] run data modify entity @s {} merge value {transformation:[-1f,4.363788124932553e-17f,1.1442610343225161e-16f,1.1677725f,0f,0.9343600417027956f,-0.35633034177452566f,-0.9301321745743021f,-1.2246467991473532e-16f,-0.35633034177452566f,-0.9343600417027956f,0.9688655071561076f,0f,0f,0f,1f],start_interpolation:0}
execute if entity @s[tag=aj.animal_bear.bone.front_leg_left] run data modify entity @s {} merge value {transformation:[-1f,2.9626887508979326e-17f,1.1882695554102557e-16f,0.9925f,0f,0.9702957262759966f,-0.24192189559966773f,-0.10615098006854387f,-1.2246467991473532e-16f,-0.24192189559966773f,-0.9702957262759966f,0.6929724621143262f,0f,0f,0f,1f],start_interpolation:0}
execute if entity @s[tag=aj.animal_bear.bone.front_leg_right_under] run data modify entity @s {} merge value {transformation:[-1f,3.0058757707972914e-17f,1.1871844385634424e-16f,-1.2707031250000003f,0f,0.969409661128422f,-0.24544838339430597f,-0.9334540421422639f,-1.2246467991473532e-16f,-0.24544838339430597f,-0.969409661128422f,0.8179403612668805f,0f,0f,0f,1f],start_interpolation:0}
execute if entity @s[tag=aj.animal_bear.bone.front_leg_right] run data modify entity @s {} merge value {transformation:[-1f,1.9157696688784726e-17f,1.2095693648649964e-16f,-1.1175000000000002f,0f,0.9876883405951378f,-0.15643446504023087f,-0.10615098006854387f,-1.2246467991473532e-16f,-0.15643446504023087f,-0.9876883405951378f,0.692972462114326f,0f,0f,0f,1f],start_interpolation:0}
execute if entity @s[tag=aj.animal_bear.bone.front_body] run data modify entity @s {} merge value {transformation:[-2.28125f,2.5967639768097317e-17f,2.7816308879527253e-16f,-0.06249999999999991f,0f,2.2713739911698663f,-0.21204187024517598f,0.1354375f,-2.7937255105548995e-16f,-0.21204187024517598f,-2.2713739911698663f,-0.6776041666666667f,0f,0f,0f,1f],start_interpolation:0}
execute if entity @s[tag=aj.animal_bear.bone.rear_body] run data modify entity @s {} merge value {transformation:[-1f,0f,1.2246467991473532e-16f,0.015625000000000187f,0f,1f,0f,-0.37411458333333336f,-1.2246467991473532e-16f,0f,-1f,-1.5203125f,0f,0f,0f,1f],start_interpolation:0}