execute if entity @s[tag=aj.animal_bear.bone.front_leg_right_under2] run data modify entity @s {} merge value {transformation:[-1f,-1.222304369184108e-16f,-7.570872958448835e-18f,-0.9177724999999998f,0f,-0.06182086919853108f,0.9980872607801073f,-1.539222563667169f,-1.2246467991473532e-16f,0.9980872607801073f,0.06182086919853108f,-1.9710095031524202f,0f,0f,0f,1f],start_interpolation:0}
execute if entity @s[tag=aj.animal_bear.bone.rear_leg_right] run data modify entity @s {} merge value {transformation:[-1f,-6.268093572740658e-17f,1.0520788051736096e-16f,-0.8674999999999998f,0f,0.8590875392857009f,0.5118286821232659f,-0.6960714285714286f,-1.2246467991473532e-16f,0.5118286821232659f,-0.8590875392857009f,-1.69375f,0f,0f,0f,1f],start_interpolation:0}
execute if entity @s[tag=aj.animal_bear.bone.front_leg_left_under2] run data modify entity @s {} merge value {transformation:[-1f,-1.1932591810242374e-16f,2.754855886670368e-17f,0.9177725000000003f,0f,0.22495105434386525f,0.9743700647852352f,-1.4411472940565657f,-1.2246467991473532e-16f,0.9743700647852352f,-0.22495105434386525f,-2.176076262371371f,0f,0f,0f,1f],start_interpolation:0}
execute if entity @s[tag=aj.animal_bear.bone.rear_leg_left] run data modify entity @s {} merge value {transformation:[-1f,-8.734798795470803e-17f,8.583662870175389e-17f,0.8675000000000003f,0f,0.7009092642998511f,0.7132504491541815f,-0.6960714285714286f,-1.2246467991473532e-16f,0.7132504491541815f,-0.7009092642998511f,-1.69375f,0f,0f,0f,1f],start_interpolation:0}
execute if entity @s[tag=aj.animal_bear.bone.head] run data modify entity @s {} merge value {transformation:[-1f,1.2193544463156173e-17f,1.218561254104348e-16f,-1.1796119636642288e-16f,0f,0.9950307753654014f,-0.0995678465958168f,-0.5473836203565484f,-1.2246467991473532e-16f,-0.0995678465958168f,-0.9950307753654014f,0.9983079709653336f,0f,0f,0f,1f],start_interpolation:0}
execute if entity @s[tag=aj.animal_bear.bone.front_leg_left_under] run data modify entity @s {} merge value {transformation:[-1f,1.1817242663082732e-16f,-3.2138379094165776e-17f,1.1677724999999999f,0f,-0.26242978070527584f,-0.9649510921279798f,-0.7464716124782735f,-1.2246467991473532e-16f,-0.9649510921279798f,0.26242978070527584f,1.533574369216507f,0f,0f,0f,1f],start_interpolation:0}
execute if entity @s[tag=aj.animal_bear.bone.front_leg_left] run data modify entity @s {} merge value {transformation:[-1f,1.1559236992306865e-16f,4.044751960487854e-17f,0.9925f,0f,0.33027906195516676f,-0.9438833303083678f,-0.5248900596653274f,-1.2246467991473532e-16f,-0.9438833303083678f,-0.33027906195516676f,0.6933579705104554f,0f,0f,0f,1f],start_interpolation:0}
execute if entity @s[tag=aj.animal_bear.bone.front_leg_right_under] run data modify entity @s {} merge value {transformation:[-1f,1.218561254104348e-16f,-1.2193544463156183e-17f,-1.2707031250000003f,0f,-0.0995678465958168f,-0.9950307753654013f,-1.228149605800998f,-1.2246467991473532e-16f,-0.9950307753654013f,0.0995678465958168f,1.146649646039807f,0f,0f,0f,1f],start_interpolation:0}
execute if entity @s[tag=aj.animal_bear.bone.front_leg_right] run data modify entity @s {} merge value {transformation:[-1f,6.70827029561225e-17f,1.0245735108189755e-16f,-1.1175000000000002f,0f,0.8366277620064196f,-0.5477718392178714f,-0.5248900596653274f,-1.2246467991473532e-16f,-0.5477718392178714f,-0.8366277620064196f,0.6933579705104552f,0f,0f,0f,1f],start_interpolation:0}
execute if entity @s[tag=aj.animal_bear.bone.front_body] run data modify entity @s {} merge value {transformation:[-2.28125f,2.7816523306575016e-17f,2.7798428609255436e-16f,-0.06249999999999991f,0f,2.269913956302322f,-0.22713915004670707f,-0.29241964285714284f,-2.7937255105548995e-16f,-0.22713915004670707f,-2.269913956302322f,-0.6787946428571429f,0f,0f,0f,1f],start_interpolation:0}
execute if entity @s[tag=aj.animal_bear.bone.rear_body] run data modify entity @s {} merge value {transformation:[-1f,0f,1.2246467991473532e-16f,0.015625000000000187f,0f,1f,0f,-0.8043526785714286f,-1.2246467991473532e-16f,0f,-1f,-1.5203125f,0f,0f,0f,1f],start_interpolation:0}