execute if entity @s[tag=aj.animal_bear.bone.front_leg_right_under2] run data modify entity @s {} merge value {transformation:[-1f,1.254446623438422e-17f,1.2182049989026053e-16f,-0.9177724999999999f,0f,0.9947398709168775f,-0.10243334031590312f,-0.9629285057844794f,-1.2246467991473532e-16f,-0.10243334031590312f,-0.9947398709168775f,-0.993546876771267f,0f,0f,0f,1f],start_interpolation:0}
execute if entity @s[tag=aj.animal_bear.bone.rear_leg_right] run data modify entity @s {} merge value {transformation:[-1f,7.789711564705085e-17f,9.449675761891812e-17f,-0.8674999999999998f,0f,0.77162458338772f,-0.6360782202777638f,-0.4175000000000001f,-1.2246467991473532e-16f,-0.6360782202777638f,-0.77162458338772f,-1.69375f,0f,0f,0f,1f],start_interpolation:0}
execute if entity @s[tag=aj.animal_bear.bone.front_leg_left_under2] run data modify entity @s {} merge value {transformation:[-1f,2.1373033680838036e-18f,1.224460279508133e-16f,0.9177725000000001f,0f,0.9998476951563913f,-0.01745240643728352f,-0.9381595088855383f,-1.2246467991473532e-16f,-0.01745240643728352f,-0.9998476951563913f,-0.974938241256007f,0f,0f,0f,1f],start_interpolation:0}
execute if entity @s[tag=aj.animal_bear.bone.rear_leg_left] run data modify entity @s {} merge value {transformation:[-1f,8.114755210982678e-17f,9.172062261673502e-17f,0.8675000000000003f,0f,0.7489557207890021f,-0.6626200482157375f,-0.4175000000000001f,-1.2246467991473532e-16f,-0.6626200482157375f,-0.7489557207890021f,-1.69375f,0f,0f,0f,1f],start_interpolation:0}
execute if entity @s[tag=aj.animal_bear.bone.head] run data modify entity @s {} merge value {transformation:[-1f,7.871877887341986e-17f,9.381338752702732e-17f,-8.326672684688674e-17f,0f,0.7660444431189781f,-0.6427876096865394f,0.9345219175332897f,-1.2246467991473532e-16f,-0.6427876096865394f,-0.7660444431189781f,0.7433760306559316f,0f,0f,0f,1f],start_interpolation:0}
execute if entity @s[tag=aj.animal_bear.bone.front_leg_left_under] run data modify entity @s {} merge value {transformation:[-1f,4.8710139619524657e-17f,-1.123606698309733e-16f,1.1677724999999999f,0f,-0.9174944964474915f,-0.3977484745270109f,1.0715539974839596f,-1.2246467991473532e-16f,-0.3977484745270109f,0.9174944964474915f,1.2977841427612982f,0f,0f,0f,1f],start_interpolation:0}
execute if entity @s[tag=aj.animal_bear.bone.front_leg_left] run data modify entity @s {} merge value {transformation:[-1f,1.1829179713786698e-16f,-3.169619151431767e-17f,0.9925f,0f,-0.258819045102521f,-0.9659258262890683f,0.7813225175860631f,-1.2246467991473532e-16f,-0.9659258262890683f,0.258819045102521f,0.47874344213779474f,0f,0f,0f,1f],start_interpolation:0}
execute if entity @s[tag=aj.animal_bear.bone.front_leg_right_under] run data modify entity @s {} merge value {transformation:[-1f,1.1738354096267514e-16f,-3.4909914604343325e-17f,-1.2707031250000003f,0f,-0.2850610856015707f,-0.9585093517935306f,0.4556105051398545f,-1.2246467991473532e-16f,-0.9585093517935306f,0.2850610856015707f,1.2494308088977522f,0f,0f,0f,1f],start_interpolation:0}
execute if entity @s[tag=aj.animal_bear.bone.front_leg_right] run data modify entity @s {} merge value {transformation:[-1f,1.1314261122877005e-16f,4.6865204053262986e-17f,-1.1175000000000002f,0f,0.3826834323650899f,-0.9238795325112868f,0.7813225175860631f,-1.2246467991473532e-16f,-0.9238795325112868f,-0.3826834323650899f,0.4787434421377945f,0f,0f,0f,1f],start_interpolation:0}
execute if entity @s[tag=aj.animal_bear.bone.front_body] run data modify entity @s {} merge value {transformation:[-2.28125f,1.7957721430498907e-16f,2.1401179029603107e-16f,-0.062499999999999896f,0f,1.7475388858651688f,-1.466359234597418f,0.20043749999999994f,-2.7937255105548995e-16f,-1.466359234597418f,-1.7475388858651688f,-0.7859375f,0f,0f,0f,1f],start_interpolation:0}
execute if entity @s[tag=aj.animal_bear.bone.rear_body] run data modify entity @s {} merge value {transformation:[-1f,0f,1.2246467991473532e-16f,0.015625000000000187f,0f,1f,0f,-0.5257812500000001f,-1.2246467991473532e-16f,0f,-1f,-1.5203125f,0f,0f,0f,1f],start_interpolation:0}