execute if entity @s[tag=aj.animal_bear.bone.front_leg_right_under2] run data modify entity @s {} merge value {transformation:[-1f,5.862129303602544e-18f,1.2232429548804448e-16f,-0.9177724999999999f,0f,0.9988536741631255f,-0.047867918388256825f,-1.0848310635337222f,-1.2246467991473532e-16f,-0.047867918388256825f,-0.9988536741631255f,-1.2364029282476585f,0f,0f,0f,1f],start_interpolation:0}
execute if entity @s[tag=aj.animal_bear.bone.rear_leg_right] run data modify entity @s {} merge value {transformation:[-1f,3.8723456358228626e-17f,1.161812883139576e-16f,-0.8674999999999998f,0f,0.9486922139089208f,-0.3162010171846234f,-0.3241666666666667f,-1.2246467991473532e-16f,-0.3162010171846234f,-0.9486922139089208f,-1.69375f,0f,0f,0f,1f],start_interpolation:0}
execute if entity @s[tag=aj.animal_bear.bone.front_leg_left_under2] run data modify entity @s {} merge value {transformation:[-1f,9.974478498744251e-19f,1.224606178508232e-16f,0.9177725000000001f,0f,0.9999668307309915f,-0.008144779789314716f,-1.0772804072165172f,-1.2246467991473532e-16f,-0.008144779789314716f,-0.9999668307309915f,-1.2240731296981138f,0f,0f,0f,1f],start_interpolation:0}
execute if entity @s[tag=aj.animal_bear.bone.rear_leg_left] run data modify entity @s {} merge value {transformation:[-1f,4.0610797972149066e-17f,1.1553510684932035e-16f,0.8675000000000003f,0f,0.9434157418266261f,-0.3316123310037138f,-0.3241666666666667f,-1.2246467991473532e-16f,-0.3316123310037138f,-0.9434157418266261f,-1.69375f,0f,0f,0f,1f],start_interpolation:0}
execute if entity @s[tag=aj.animal_bear.bone.head] run data modify entity @s {} merge value {transformation:[-1f,3.919627467762858e-17f,1.1602262657781226e-16f,-1.1102230246251565e-16f,0f,0.9473966425143293f,-0.32006187175697154f,0.287868390898117f,-1.2246467991473532e-16f,-0.32006187175697154f,-0.9473966425143293f,0.9723086578988738f,0f,0f,0f,1f],start_interpolation:0}
execute if entity @s[tag=aj.animal_bear.bone.front_leg_left_under] run data modify entity @s {} merge value {transformation:[-1f,1.171525435770381e-16f,3.5677434886055946e-17f,1.1677725f,0f,0.29132836431611103f,-0.9566231149961302f,-0.27528233900227944f,-1.2246467991473532e-16f,-0.9566231149961302f,-0.29132836431611103f,1.36869041174693f,0f,0f,0f,1f],start_interpolation:0}
execute if entity @s[tag=aj.animal_bear.bone.front_leg_left] run data modify entity @s {} merge value {transformation:[-1f,9.242526717056601e-17f,8.034405899049455e-17f,0.9925f,0f,0.6560590289905074f,-0.7547095802227719f,0.2414377913436942f,-1.2246467991473532e-16f,-0.7547095802227719f,-0.6560590289905074f,0.6700758627309491f,0f,0f,0f,1f],start_interpolation:0}
execute if entity @s[tag=aj.animal_bear.bone.front_leg_right_under] run data modify entity @s {} merge value {transformation:[-1f,9.344024241188331e-17f,7.916134741543415e-17f,-1.2707031250000003f,0f,0.6464014560814542f,-0.7629974820245318f,-0.47506743030697623f,-1.2246467991473532e-16f,-0.7629974820245318f,-0.6464014560814542f,1.1021263223794486f,0f,0f,0f,1f],start_interpolation:0}
execute if entity @s[tag=aj.animal_bear.bone.front_leg_right] run data modify entity @s {} merge value {transformation:[-1f,6.398761948384729e-17f,1.0441830481007124e-16f,-1.1175000000000002f,0f,0.8526401643540922f,-0.5224985647159488f,0.2414377913436942f,-1.2246467991473532e-16f,-0.5224985647159488f,-0.8526401643540922f,0.6700758627309487f,0f,0f,0f,1f],start_interpolation:0}
execute if entity @s[tag=aj.animal_bear.bone.front_body] run data modify entity @s {} merge value {transformation:[-2.28125f,8.941650160834021e-17f,2.646766168806342e-16f,-0.06249999999999991f,0f,2.1612485907358137f,-0.7301411449455913f,0.1604375f,-2.7937255105548995e-16f,-0.7301411449455913f,-2.1612485907358137f,-0.7192708333333333f,0f,0f,0f,1f],start_interpolation:0}
execute if entity @s[tag=aj.animal_bear.bone.rear_body] run data modify entity @s {} merge value {transformation:[-1f,0f,1.2246467991473532e-16f,0.015625000000000187f,0f,1f,0f,-0.4324479166666667f,-1.2246467991473532e-16f,0f,-1f,-1.5203125f,0f,0f,0f,1f],start_interpolation:0}