execute if entity @s[tag=aj.animal_bear.bone.front_leg_right_under2] run data modify entity @s {} merge value {transformation:[-1f,9.206744393424056e-18f,1.2211811366170348e-16f,-0.9177724999999999f,0f,0.9971700717849985f,-0.07517877317634886f,-1.0350730739570433f,-1.2246467991473532e-16f,-0.07517877317634886f,-0.9971700717849985f,-1.1050546325324884f,0f,0f,0f,1f],start_interpolation:0}
execute if entity @s[tag=aj.animal_bear.bone.rear_leg_right] run data modify entity @s {} merge value {transformation:[-1f,5.9309730833782e-17f,1.0714454561499108e-16f,-0.8674999999999998f,0f,0.8749016099138893f,-0.48430070511004275f,-0.37083333333333335f,-1.2246467991473532e-16f,-0.48430070511004275f,-0.8749016099138893f,-1.69375f,0f,0f,0f,1f],start_interpolation:0}
execute if entity @s[tag=aj.animal_bear.bone.front_leg_left_under2] run data modify entity @s {} merge value {transformation:[-1f,1.5673925851292479e-18f,1.224546491853317e-16f,0.9177725000000001f,0f,0.9999180928786112f,-0.0127987317340848f,-1.0197875851138904f,-1.2246467991473532e-16f,-0.0127987317340848f,-0.9999180928786112f,-1.088246038165315f,0f,0f,0f,1f],start_interpolation:0}
execute if entity @s[tag=aj.animal_bear.bone.rear_leg_left] run data modify entity @s {} merge value {transformation:[-1f,6.203270402366206e-17f,1.0559138912871313e-16f,0.8675000000000003f,0f,0.8622191247487028f,-0.5065354685681753f,-0.37083333333333335f,-1.2246467991473532e-16f,-0.5065354685681753f,-0.8622191247487028f,-1.69375f,0f,0f,0f,1f],start_interpolation:0}
execute if entity @s[tag=aj.animal_bear.bone.head] run data modify entity @s {} merge value {transformation:[-1f,5.99941875375472e-17f,1.0676279917802921e-16f,-1.1102230246251565e-16f,0f,0.8717844136967624f,-0.489889718238087f,0.6187692432674148f,-1.2246467991473532e-16f,-0.489889718238087f,-0.8717844136967624f,0.886159113968047f,0f,0f,0f,1f],start_interpolation:0}
execute if entity @s[tag=aj.animal_bear.bone.front_leg_left_under] run data modify entity @s {} merge value {transformation:[-1f,1.1115946892344962e-16f,-5.139231747328791e-17f,1.1677724999999999f,0f,-0.4196501187858347f,-0.9076859466814691f,0.38894204732389476f,-1.2246467991473532e-16f,-0.9076859466814691f,0.4196501187858347f,1.4571682158025216f,0f,0f,0f,1f],start_interpolation:0}
execute if entity @s[tag=aj.animal_bear.bone.front_leg_left] run data modify entity @s {} merge value {transformation:[-1f,1.1932591810242374e-16f,2.7548558866703644e-17f,0.9925f,0f,0.22495105434386492f,-0.9743700647852351f,0.51719917848313f,-1.2246467991473532e-16f,-0.9743700647852351f,-0.22495105434386492f,0.597742774296183f,0f,0f,0f,1f],start_interpolation:0}
execute if entity @s[tag=aj.animal_bear.bone.front_leg_right_under] run data modify entity @s {} merge value {transformation:[-1f,1.1985295204452357e-16f,2.5156862142002284e-17f,-1.2707031250000003f,0f,0.20542136850818926f,-0.9786736235130804f,-0.030726847068349494f,-1.2246467991473532e-16f,-0.9786736235130804f,-0.20542136850818926f,1.2300594693616507f,0f,0f,0f,1f],start_interpolation:0}
execute if entity @s[tag=aj.animal_bear.bone.front_leg_right] run data modify entity @s {} merge value {transformation:[-1f,9.312287318246304e-17f,7.95344473600055e-17f,-1.1175000000000002f,0f,0.6494480483301837f,-0.760405965600031f,0.51719917848313f,-1.2246467991473532e-16f,-0.760405965600031f,-0.6494480483301837f,0.5977427742961828f,0f,0f,0f,1f],start_interpolation:0}
execute if entity @s[tag=aj.animal_bear.bone.front_body] run data modify entity @s {} merge value {transformation:[-2.28125f,1.3686174032002956e-16f,2.435526356248791e-16f,-0.06249999999999991f,0f,1.9887581937457393f,-1.117560919730636f,0.18043750000000003f,-2.7937255105548995e-16f,-1.117560919730636f,-1.9887581937457393f,-0.7526041666666666f,0f,0f,0f,1f],start_interpolation:0}
execute if entity @s[tag=aj.animal_bear.bone.rear_body] run data modify entity @s {} merge value {transformation:[-1f,0f,1.2246467991473532e-16f,0.015625000000000187f,0f,1f,0f,-0.47911458333333334f,-1.2246467991473532e-16f,0f,-1f,-1.5203125f,0f,0f,0f,1f],start_interpolation:0}