execute if entity @s[tag=aj.animal_bear.bone.front_leg_right_under2] run data modify entity @s {} merge value {transformation:[-1f,4.188019193510647e-18f,1.2239304850298226e-16f,-0.9177724999999998f,0f,0.9994150851347265f,-0.034197771932499316f,-1.1002668838643885f,-1.2246467991473532e-16f,-0.034197771932499316f,-0.9994150851347265f,-1.3081560853866163f,0f,0f,0f,1f],start_interpolation:0}
execute if entity @s[tag=aj.animal_bear.bone.rear_leg_right] run data modify entity @s {} merge value {transformation:[-1f,2.789554685054386e-17f,1.1924527786259585e-16f,-0.8674999999999998f,0f,0.9737115872561709f,-0.2277844262522535f,-0.3008333333333334f,-1.2246467991473532e-16f,-0.2277844262522535f,-0.9737115872561709f,-1.69375f,0f,0f,0f,1f],start_interpolation:0}
execute if entity @s[tag=aj.animal_bear.bone.front_leg_left_under2] run data modify entity @s {} merge value {transformation:[-1f,7.124666082192316e-19f,1.2246260742753582e-16f,0.9177725000000002f,0f,0.9999830768577441f,-0.005817731354993777f,-1.0957262809235657f,-1.2246467991473532e-16f,-0.005817731354993777f,-0.9999830768577441f,-1.2988805651574502f,0f,0f,0f,1f],start_interpolation:0}
execute if entity @s[tag=aj.animal_bear.bone.rear_leg_left] run data modify entity @s {} merge value {transformation:[-1f,2.9281109048784145e-17f,1.18912633809414e-16f,0.8675000000000003f,0f,0.970995342430206f,-0.2390984002013543f,-0.3008333333333334f,-1.2246467991473532e-16f,-0.2390984002013543f,-0.970995342430206f,-1.69375f,0f,0f,0f,1f],start_interpolation:0}
execute if entity @s[tag=aj.animal_bear.bone.head] run data modify entity @s {} merge value {transformation:[-1f,2.824229879373091e-17f,1.1916362861823317e-16f,-1.1796119636642288e-16f,0f,0.9730448705798238f,-0.23061587074244017f,0.12008463743269149f,-1.2246467991473532e-16f,-0.23061587074244017f,-0.9730448705798238f,0.9934968064025872f,0f,0f,0f,1f],start_interpolation:0}
execute if entity @s[tag=aj.animal_bear.bone.front_leg_left_under] run data modify entity @s {} merge value {transformation:[-1f,9.674970293564321e-17f,7.508057544054499e-17f,1.1677725f,0f,0.6130794241475912f,-0.790021277996269f,-0.5684339482037721f,-1.2246467991473532e-16f,-0.790021277996269f,-0.6130794241475912f,1.2411135203026213f,0f,0f,0f,1f],start_interpolation:0}
execute if entity @s[tag=aj.animal_bear.bone.front_leg_left] run data modify entity @s {} merge value {transformation:[-1f,7.024285468436541e-17f,1.0031719290535247e-16f,0.9925f,0f,0.8191520442889919f,-0.573576436351046f,0.10194754194315497f,-1.2246467991473532e-16f,-0.573576436351046f,-0.8191520442889919f,0.6882567225059876f,0f,0f,0f,1f],start_interpolation:0}
execute if entity @s[tag=aj.animal_bear.bone.front_leg_right_under] run data modify entity @s {} merge value {transformation:[-1f,7.115184898182806e-17f,9.967453141643409e-17f,-1.2707031250000003f,0f,0.8139043149896884f,-0.5809989380723222f,-0.6733238939822459f,-1.2246467991473532e-16f,-0.5809989380723222f,-0.8139043149896884f,1.0029018130021257f,0f,0f,0f,1f],start_interpolation:0}
execute if entity @s[tag=aj.animal_bear.bone.front_leg_right] run data modify entity @s {} merge value {transformation:[-1f,4.6865204053262974e-17f,1.1314261122877003e-16f,-1.1175000000000002f,0f,0.9238795325112867f,-0.3826834323650897f,0.10194754194315497f,-1.2246467991473532e-16f,-0.3826834323650897f,-0.9238795325112867f,0.6882567225059871f,0f,0f,0f,1f],start_interpolation:0}
execute if entity @s[tag=aj.animal_bear.bone.front_body] run data modify entity @s {} merge value {transformation:[-2.28125f,6.442774412319864e-17f,2.7184202778534443e-16f,-0.06249999999999991f,0f,2.219758611010223f,-0.5260924551311916f,0.1504375f,-2.7937255105548995e-16f,-0.5260924551311916f,-2.219758611010223f,-0.7026041666666666f,0f,0f,0f,1f],start_interpolation:0}
execute if entity @s[tag=aj.animal_bear.bone.rear_body] run data modify entity @s {} merge value {transformation:[-1f,0f,1.2246467991473532e-16f,0.015625000000000187f,0f,1f,0f,-0.4091145833333334f,-1.2246467991473532e-16f,0f,-1f,-1.5203125f,0f,0f,0f,1f],start_interpolation:0}