execute if entity @s[tag=aj.animal_bear.bone.front_leg_right_under2] run data modify entity @s {} merge value {transformation:[-1f,7.770533447148919e-18f,1.222179063663149e-16f,-0.9177724999999999f,0f,0.9979849410573544f,-0.06345122081369964f,-0.9629285057844794f,-1.2246467991473532e-16f,-0.06345122081369964f,-0.9979849410573544f,-0.993546876771267f,0f,0f,0f,1f],start_interpolation:0}
execute if entity @s[tag=aj.animal_bear.bone.front_leg_left_under] run data modify entity @s {} merge value {transformation:[-1f,4.188538737676991e-17f,-1.1507915602278505e-16f,1.1677724999999999f,0f,-0.9396926207859085f,-0.34202014332566866f,1.0715539974839596f,-1.2246467991473532e-16f,-0.34202014332566866f,0.9396926207859085f,1.2977841427612982f,0f,0f,0f,1f],start_interpolation:0}
execute if entity @s[tag=aj.animal_bear.bone.front_leg_right_under] run data modify entity @s {} merge value {transformation:[-1f,1.1567616110932706e-16f,-4.0207257773038846e-17f,-1.2707031250000003f,0f,-0.328317175213561f,-0.9445675372676049f,0.4556105051398545f,-1.2246467991473532e-16f,-0.9445675372676049f,0.328317175213561f,1.2494308088977522f,0f,0f,0f,1f],start_interpolation:0}