execute if entity @s[tag=aj.animal_bear.bone.front_leg_right_under2] run data modify entity @s {} merge value {transformation:[-1f,-1.2044839136250272e-16f,2.2131038041717754e-17f,-0.9177724999999998f,0f,0.18071363969698245f,0.9835357545241907f,-1.5315254213269975f,-1.2246467991473532e-16f,0.9835357545241907f,-0.18071363969698245f,-1.7940486126004138f,0f,0f,0f,1f],start_interpolation:0}
execute if entity @s[tag=aj.animal_bear.bone.rear_leg_right] run data modify entity @s {} merge value {transformation:[-1f,-4.0014923279930553e-17f,1.157428345147977e-16f,-0.8674999999999998f,0f,0.9451119669392218f,0.32674664489214766f,-0.6496428571428573f,-1.2246467991473532e-16f,0.32674664489214766f,-0.9451119669392218f,-1.69375f,0f,0f,0f,1f],start_interpolation:0}
execute if entity @s[tag=aj.animal_bear.bone.front_leg_left_under2] run data modify entity @s {} merge value {transformation:[-1f,-1.1007052518929732e-16f,5.368498217537978e-17f,0.9177725000000002f,0f,0.43837114678907707f,0.8987940462991673f,-1.4917511497430764f,-1.2246467991473532e-16f,0.8987940462991673f,-0.43837114678907707f,-1.9741609345862003f,0f,0f,0f,1f],start_interpolation:0}
execute if entity @s[tag=aj.animal_bear.bone.rear_leg_left] run data modify entity @s {} merge value {transformation:[-1f,-6.307397298776131e-17f,1.0497271911386184e-16f,0.8675000000000003f,0f,0.8571673007021121f,0.5150380749100546f,-0.6496428571428573f,-1.2246467991473532e-16f,0.5150380749100546f,-0.8571673007021121f,-1.69375f,0f,0f,0f,1f],start_interpolation:0}
execute if entity @s[tag=aj.animal_bear.bone.head] run data modify entity @s {} merge value {transformation:[-1f,2.4265904003253516e-17f,1.2003650998560172e-16f,-1.1102230246251565e-16f,0f,0.9801724878485438f,-0.19814614319939744f,-0.2969882941572471f,-1.2246467991473532e-16f,-0.19814614319939744f,-0.9801724878485438f,0.9975031426839546f,0f,0f,0f,1f],start_interpolation:0}
execute if entity @s[tag=aj.animal_bear.bone.front_leg_left_under] run data modify entity @s {} merge value {transformation:[-1f,1.0279059410508713e-16f,-6.657095154901878e-17f,1.1677724999999999f,0f,-0.5435930718584987f,-0.8393488977936654f,-0.4417916506951002f,-1.2246467991473532e-16f,-0.8393488977936654f,0.5435930718584987f,1.54993244462151f,0f,0f,0f,1f],start_interpolation:0}
execute if entity @s[tag=aj.animal_bear.bone.front_leg_left] run data modify entity @s {} merge value {transformation:[-1f,1.1904523789807511e-16f,2.8737243437902605e-17f,0.9925f,0f,0.23465740046771522f,-0.9720781369857746f,-0.30496972388661825f,-1.2246467991473532e-16f,-0.9720781369857746f,-0.23465740046771522f,0.6918288718833604f,0f,0f,0f,1f],start_interpolation:0}
execute if entity @s[tag=aj.animal_bear.bone.front_leg_right_under] run data modify entity @s {} merge value {transformation:[-1f,1.2003650998560172e-16f,-2.4265904003253522e-17f,-1.2707031250000003f,0f,-0.19814614319939733f,-0.9801724878485438f,-0.9596013393488477f,-1.2246467991473532e-16f,-0.9801724878485438f,0.19814614319939733f,1.2128900778586926f,0f,0f,0f,1f],start_interpolation:0}
execute if entity @s[tag=aj.animal_bear.bone.front_leg_right] run data modify entity @s {} merge value {transformation:[-1f,7.695081175117354e-17f,9.526893721173774e-17f,-1.1175000000000002f,0f,0.7779299082647151f,-0.628351062565547f,-0.30496972388661825f,-1.2246467991473532e-16f,-0.628351062565547f,-0.7779299082647151f,0.69182887188336f,0f,0f,0f,1f],start_interpolation:0}
execute if entity @s[tag=aj.animal_bear.bone.front_body] run data modify entity @s {} merge value {transformation:[-2.28125f,5.5356593507422084e-17f,2.738332884046539e-16f,-0.06249999999999991f,0f,2.2360184879044906f,-0.45202088917362543f,-0.21027678571428587f,-2.7937255105548995e-16f,-0.45202088917362543f,-2.2360184879044906f,-0.6966517857142857f,0f,0f,0f,1f],start_interpolation:0}
execute if entity @s[tag=aj.animal_bear.bone.rear_body] run data modify entity @s {} merge value {transformation:[-1f,0f,1.2246467991473532e-16f,0.015625000000000187f,0f,1f,0f,-0.7579241071428573f,-1.2246467991473532e-16f,0f,-1f,-1.5203125f,0f,0f,0f,1f],start_interpolation:0}