execute if entity @s[tag=aj.animal_bear.bone.front_leg_right_under2] run data modify entity @s {} merge value {transformation:[-1f,8.377606516444516e-19f,1.2246181439007483e-16f,-0.9177724999999998f,0f,0.9999766012154483f,-0.006840834861347234f,-1.1106182100492594f,-1.2246467991473532e-16f,-0.006840834861347234f,-0.9999766012154483f,-1.4607963081658992f,0f,0f,0f,1f],start_interpolation:0}
execute if entity @s[tag=aj.animal_bear.bone.rear_leg_right] run data modify entity @s {} merge value {transformation:[-1f,5.62653659591704e-18f,1.2233535839058709e-16f,-0.8674999999999998f,0f,0.9989440096178075f,-0.04594415793871714f,-0.2541666666666667f,-1.2246467991473532e-16f,-0.04594415793871714f,-0.9989440096178075f,-1.69375f,0f,0f,0f,1f],start_interpolation:0}
execute if entity @s[tag=aj.animal_bear.bone.front_leg_left_under2] run data modify entity @s {} merge value {transformation:[-1f,1.4249409330814001e-19f,1.2246459701502287e-16f,0.9177725000000002f,0f,0.9999993230724769f,-0.0011635525721158946f,-1.1100737836598893f,-1.2246467991473532e-16f,-0.0011635525721158946f,-0.9999993230724769f,-1.4588038874935094f,0f,0f,0f,1f],start_interpolation:0}
execute if entity @s[tag=aj.animal_bear.bone.rear_leg_left] run data modify entity @s {} merge value {transformation:[-1f,5.911208410011814e-18f,1.2232193360862141e-16f,0.8675000000000003f,0f,0.9988343879540346f,-0.048268679705262184f,-0.2541666666666667f,-1.2246467991473532e-16f,-0.048268679705262184f,-0.9988343879540346f,-1.69375f,0f,0f,0f,1f],start_interpolation:0}
execute if entity @s[tag=aj.animal_bear.bone.head] run data modify entity @s {} merge value {transformation:[-1f,5.6977074662301746e-18f,1.2233206430142443e-16f,-1.249000902703301e-16f,0f,0.9989171113385246f,-0.04652531219774665f,-0.21333056381785542f,-1.2246467991473532e-16f,-0.04652531219774665f,-0.9989171113385246f,0.9919044510395782f,0f,0f,0f,1f],start_interpolation:0}
execute if entity @s[tag=aj.animal_bear.bone.front_leg_left_under] run data modify entity @s {} merge value {transformation:[-1f,2.2186050751513752e-17f,1.204382704071668e-16f,1.1677725f,0f,0.9834531106521539f,-0.18116285256255557f,-1.0261181400685038f,-1.2246467991473532e-16f,-0.18116285256255557f,-0.9834531106521539f,0.8620001670663215f,0f,0f,0f,1f],start_interpolation:0}
execute if entity @s[tag=aj.animal_bear.bone.front_leg_left] run data modify entity @s {} merge value {transformation:[-1f,1.4924690131530345e-17f,1.2155184676135683e-16f,0.9925f,0f,0.992546151641322f,-0.12186934340514748f,-0.17465587218770534f,-1.2246467991473532e-16f,-0.12186934340514748f,-0.992546151641322f,0.6885816340981012f,0f,0f,0f,1f],start_interpolation:0}
execute if entity @s[tag=aj.animal_bear.bone.front_leg_right_under] run data modify entity @s {} merge value {transformation:[-1f,1.5145652837958246e-17f,1.215245120407016e-16f,-1.2707031250000003f,0f,0.9923229467084852f,-0.12367364082854942f,-1.0092135033820089f,-1.2246467991473532e-16f,-0.12367364082854942f,-0.9923229467084852f,0.748254848780315f,0f,0f,0f,1f],start_interpolation:0}
execute if entity @s[tag=aj.animal_bear.bone.front_leg_right] run data modify entity @s {} merge value {transformation:[-1f,9.608468044710109e-18f,1.220871621770789e-16f,-1.1175000000000002f,0f,0.9969173337331281f,-0.07845909572784494f,-0.17465587218770534f,-1.2246467991473532e-16f,-0.07845909572784494f,-0.9969173337331281f,0.688581634098101f,0f,0f,0f,1f],start_interpolation:0}
execute if entity @s[tag=aj.animal_bear.bone.front_body] run data modify entity @s {} merge value {transformation:[-2.28125f,1.2997895157337585e-17f,2.790700216876245e-16f,-0.062499999999999924f,0f,2.278779660241009f,-0.10613586845110955f,0.13043749999999998f,-2.7937255105548995e-16f,-0.10613586845110955f,-2.278779660241009f,-0.6692708333333333f,0f,0f,0f,1f],start_interpolation:0}
execute if entity @s[tag=aj.animal_bear.bone.rear_body] run data modify entity @s {} merge value {transformation:[-1f,0f,1.2246467991473532e-16f,0.015625000000000187f,0f,1f,0f,-0.3624479166666667f,-1.2246467991473532e-16f,0f,-1f,-1.5203125f,0f,0f,0f,1f],start_interpolation:0}