execute if entity @s[tag=aj.animal_bear.bone.front_leg_right_under2] run data modify entity @s {} merge value {transformation:[-1f,-1.1679664110263902e-16f,-3.6825839484795376e-17f,-0.9177724999999998f,0f,-0.3007057995042731f,0.953716950748227f,-1.5117977710685746f,-1.2246467991473532e-16f,0.953716950748227f,0.3007057995042731f,-2.136420993098131f,0f,0f,0f,1f],start_interpolation:0}
execute if entity @s[tag=aj.animal_bear.bone.rear_leg_right] run data modify entity @s {} merge value {transformation:[-1f,-8.27359385291814e-17f,9.029043306084037e-17f,-0.8674999999999998f,0f,0.7372773368101242f,0.6755902076156601f,-0.7425f,-1.2246467991473532e-16f,0.6755902076156601f,-0.7372773368101242f,-1.69375f,0f,0f,0f,1f],start_interpolation:0}
execute if entity @s[tag=aj.animal_bear.bone.front_leg_left_under2] run data modify entity @s {} merge value {transformation:[-1f,-1.2246467991473532e-16f,2.465190328815662e-32f,0.9177725000000003f,0f,2.220446049250313e-16f,1f,-1.3430785895440045f,-1.2246467991473532e-16f,1f,-2.220446049250313e-16f,-2.34726513102827f,0f,0f,0f,1f],start_interpolation:0}
execute if entity @s[tag=aj.animal_bear.bone.rear_leg_left] run data modify entity @s {} merge value {transformation:[-1f,-1.0605752387249068e-16f,6.123233995736767e-17f,0.8675000000000003f,0f,0.5000000000000001f,0.8660254037844386f,-0.7425f,-1.2246467991473532e-16f,0.8660254037844386f,-0.5000000000000001f,-1.69375f,0f,0f,0f,1f],start_interpolation:0}
execute if entity @s[tag=aj.animal_bear.bone.head] run data modify entity @s {} merge value {transformation:[-1f,0f,1.2246467991473532e-16f,-1.249000902703301e-16f,0f,1f,0f,-0.795245f,-1.2246467991473532e-16f,0f,-1f,0.982445f,0f,0f,0f,1f],start_interpolation:0}
execute if entity @s[tag=aj.animal_bear.bone.front_leg_left_under] run data modify entity @s {} merge value {transformation:[-1f,1.2234812067540777e-16f,5.3418343117727e-18f,1.1677725f,0f,0.04361938736533588f,-0.9990482215818577f,-1.0466390017957892f,-1.2246467991473532e-16f,-0.9990482215818577f,-0.04361938736533588f,1.4952287766202654f,0f,0f,0f,1f],start_interpolation:0}
execute if entity @s[tag=aj.animal_bear.bone.front_leg_left] run data modify entity @s {} merge value {transformation:[-1f,1.1099069304367546e-16f,5.175581015019657e-17f,0.9925f,0f,0.4226182617406993f,-0.90630778703665f,-0.7425f,-1.2246467991473532e-16f,-0.90630778703665f,-0.4226182617406993f,0.6812500000000004f,0f,0f,0f,1f],start_interpolation:0}
execute if entity @s[tag=aj.animal_bear.bone.front_leg_right_under] run data modify entity @s {} merge value {transformation:[-1f,1.2246467991473532e-16f,-6.162975822039155e-33f,-1.2707031250000003f,0f,0f,-1f,-1.4873981674867638f,-1.2246467991473532e-16f,-1f,0f,1.0622671287619725f,0f,0f,0f,1f],start_interpolation:0}
execute if entity @s[tag=aj.animal_bear.bone.front_leg_right] run data modify entity @s {} merge value {transformation:[-1f,5.654789612090135e-17f,1.0862749776607361e-16f,-1.1175000000000002f,0f,0.8870108331782217f,-0.4617486132350339f,-0.7425f,-1.2246467991473532e-16f,-0.4617486132350339f,-0.8870108331782217f,0.6812499999999999f,0f,0f,0f,1f],start_interpolation:0}
execute if entity @s[tag=aj.animal_bear.bone.front_body] run data modify entity @s {} merge value {transformation:[-2.28125f,0f,2.7937255105548995e-16f,-0.062499999999999924f,0f,2.28125f,0f,-0.3745625f,-2.7937255105548995e-16f,0f,-2.28125f,-0.6609375f,0f,0f,0f,1f],start_interpolation:0}
execute if entity @s[tag=aj.animal_bear.bone.rear_body] run data modify entity @s {} merge value {transformation:[-1f,0f,1.2246467991473532e-16f,0.015625000000000187f,0f,1f,0f,-0.85078125f,-1.2246467991473532e-16f,0f,-1f,-1.5203125f,0f,0f,0f,1f],start_interpolation:0}