execute if entity @s[tag=aj.animal_bear.bone.front_leg_right_under2] run data modify entity @s {} merge value {transformation:[-1f,-1.1370844113165512e-17f,1.2193564585785676e-16f,-0.9177724999999999f,0f,0.9956801090955623f,0.09284998842998926f,-0.9629285057844794f,-1.2246467991473532e-16f,0.09284998842998926f,-0.9956801090955623f,-0.993546876771267f,0f,0f,0f,1f],start_interpolation:0}
execute if entity @s[tag=aj.animal_bear.bone.front_leg_left_under] run data modify entity @s {} merge value {transformation:[-1f,1.3332346982063384e-17f,-1.2173679127761025e-16f,1.1677724999999999f,0f,-0.9940563382223198f,-0.10886687485196439f,1.0715539974839596f,-1.2246467991473532e-16f,-0.10886687485196439f,0.9940563382223198f,1.2977841427612982f,0f,0f,0f,1f],start_interpolation:0}
execute if entity @s[tag=aj.animal_bear.bone.front_leg_right_under] run data modify entity @s {} merge value {transformation:[-1f,1.0650000967761526e-16f,-6.045945554904076e-17f,-1.2707031250000003f,0f,-0.4936889198676302f,-0.869638574581379f,0.4556105051398545f,-1.2246467991473532e-16f,-0.869638574581379f,0.4936889198676302f,1.2494308088977522f,0f,0f,0f,1f],start_interpolation:0}