execute if entity @s[tag=aj.animal_wolf.bone.rear_leg_right_under] run data modify entity @s {} merge value {transformation:[-1f,6.123233995736765e-17f,1.0605752387249069e-16f,0.4687500000000001f,0f,0.8660254037844387f,-0.49999999999999994f,-0.7870791712335379f,-1.2246467991473532e-16f,-0.49999999999999994f,-0.8660254037844387f,-0.7717547632095823f,0f,0f,0f,1f],start_interpolation:0}
execute if entity @s[tag=aj.animal_wolf.bone.rear_leg_left] run data modify entity @s {} merge value {transformation:[-1f,6.123233995736765e-17f,1.0605752387249069e-16f,0.4687500000000001f,0f,0.8660254037844387f,-0.49999999999999994f,-0.125f,-1.2246467991473532e-16f,-0.49999999999999994f,-0.8660254037844387f,-0.9375f,0f,0f,0f,1f],start_interpolation:0}
execute if entity @s[tag=aj.animal_wolf.bone.right_leg_left_under] run data modify entity @s {} merge value {transformation:[-1f,6.123233995736765e-17f,1.0605752387249069e-16f,-0.5624999999999999f,0f,0.8660254037844387f,-0.49999999999999994f,-0.7870791712335379f,-1.2246467991473532e-16f,-0.49999999999999994f,-0.8660254037844387f,-0.7717547632095823f,0f,0f,0f,1f],start_interpolation:0}
execute if entity @s[tag=aj.animal_wolf.bone.rear_leg_right] run data modify entity @s {} merge value {transformation:[-1f,6.123233995736765e-17f,1.0605752387249069e-16f,-0.4687499999999999f,0f,0.8660254037844387f,-0.49999999999999994f,-0.125f,-1.2246467991473532e-16f,-0.49999999999999994f,-0.8660254037844387f,-0.9375f,0f,0f,0f,1f],start_interpolation:0}
execute if entity @s[tag=aj.animal_wolf.bone.tale] run data modify entity @s {} merge value {transformation:[-1.1456794404231638f,-0.19890435696376393f,-0.6308440247136707f,1.6934569019459494e-16f,0f,1.261688049427342f,-0.397808713927528f,0.1796875f,0.661458333333333f,-0.34451245210805564f,-1.0926539024553148f,-1.3828125f,0f,0f,0f,1f],start_interpolation:0}
execute if entity @s[tag=aj.animal_wolf.bone.rear_body] run data modify entity @s {} merge value {transformation:[-1.171875f,0f,1.4351329677508045e-16f,-4.305398903252414e-17f,0f,1.171875f,0f,-0.1484375f,-1.4351329677508045e-16f,0f,-1.171875f,0.3515625f,0f,0f,0f,1f],start_interpolation:0}
execute if entity @s[tag=aj.animal_wolf.bone.head] run data modify entity @s {} merge value {transformation:[-1f,-4.6865204053262974e-17f,1.1314261122877003e-16f,-0.015625000000000163f,0f,0.9238795325112867f,0.3826834323650897f,0.1631151062076977f,-1.2246467991473532e-16f,0.3826834323650897f,-0.9238795325112867f,1.3346869104271295f,0f,0f,0f,1f],start_interpolation:0}
execute if entity @s[tag=aj.animal_wolf.bone.talon_left] run data modify entity @s {} merge value {transformation:[-1.0104166666666665f,-5.849263118265017e-17f,1.0904259361453408e-16f,0.615234375f,0f,0.8904003480060846f,0.47762858012101955f,-1.1482591134120244f,-1.2374035366384712e-16f,0.47762858012101955f,-0.8904003480060846f,-0.05289570522766043f,0f,0f,0f,1f],start_interpolation:0}
execute if entity @s[tag=aj.animal_wolf.bone.front_leg_left_under] run data modify entity @s {} merge value {transformation:[-1f,-1.5984848350717817e-17f,1.2141697760125282e-16f,0.600585625f,0f,0.9914448613738105f,0.1305261922200514f,-0.6873433441807475f,-1.2246467991473532e-16f,0.1305261922200514f,-0.9914448613738105f,0.03733468354854952f,0f,0f,0f,1f],start_interpolation:0}
execute if entity @s[tag=aj.animal_wolf.bone.front_leg_left] run data modify entity @s {} merge value {transformation:[-1f,-9.715776287805219e-17f,7.455177354798984e-17f,0.5625f,0f,0.6087614290087208f,0.7933533402912352f,-0.17162978818705066f,-1.2246467991473532e-16f,0.7933533402912352f,-0.6087614290087208f,0.4687987756622233f,0f,0f,0f,1f],start_interpolation:0}
execute if entity @s[tag=aj.animal_wolf.bone.talon_right] run data modify entity @s {} merge value {transformation:[-1.0104166666666665f,-5.849263118265017e-17f,1.0904259361453408e-16f,-0.6298831249999999f,0f,0.8904003480060846f,0.47762858012101955f,-1.1140701399329975f,-1.2374035366384712e-16f,0.47762858012101955f,-0.8904003480060846f,-0.026905886364420616f,0f,0f,0f,1f],start_interpolation:0}
execute if entity @s[tag=aj.animal_wolf.bone.front_leg_right_under] run data modify entity @s {} merge value {transformation:[-1f,-1.5984848350717817e-17f,1.2141697760125282e-16f,-0.5624999999999999f,0f,0.9914448613738105f,0.1305261922200514f,-0.645506351626327f,-1.2246467991473532e-16f,0.1305261922200514f,-0.9914448613738105f,0.005232030065667637f,0f,0f,0f,1f],start_interpolation:0}
execute if entity @s[tag=aj.animal_wolf.bone.front_leg_right] run data modify entity @s {} merge value {transformation:[-1f,-9.715776287805219e-17f,7.455177354798984e-17f,-0.5625f,0f,0.6087614290087208f,0.7933533402912352f,-0.17162978818705066f,-1.2246467991473532e-16f,0.7933533402912352f,-0.6087614290087208f,0.46879877566222317f,0f,0f,0f,1f],start_interpolation:0}
execute if entity @s[tag=aj.animal_wolf.bone.front_body] run data modify entity @s {} merge value {transformation:[-1f,-4.6865204053262974e-17f,1.1314261122877003e-16f,-4.305398903252414e-17f,0f,0.9238795325112867f,0.3826834323650897f,-0.1484375f,-1.2246467991473532e-16f,0.3826834323650897f,-0.9238795325112867f,0.3515625f,0f,0f,0f,1f],start_interpolation:0}