execute if entity @s[tag=aj.animal_wolf.bone.rear_leg_right_under] run data modify entity @s {} merge value {transformation:[-1f,2.5461838666528298e-17f,1.1978853283323184e-16f,0.4687500000000001f,0f,0.9781476007338057f,-0.20791169081775923f,-1.06839280500989f,-1.2246467991473532e-16f,-0.20791169081775923f,-0.9781476007338057f,-0.984460628038434f,0f,0f,0f,1f],start_interpolation:0}
execute if entity @s[tag=aj.animal_wolf.bone.rear_leg_left] run data modify entity @s {} merge value {transformation:[-1f,2.5461838666528298e-17f,1.1978853283323184e-16f,0.4687500000000001f,0f,0.9781476007338057f,-0.20791169081775923f,-0.3875000000000002f,-1.2246467991473532e-16f,-0.20791169081775923f,-0.9781476007338057f,-0.9375f,0f,0f,0f,1f],start_interpolation:0}
execute if entity @s[tag=aj.animal_wolf.bone.right_leg_left_under] run data modify entity @s {} merge value {transformation:[-1f,2.5461838666528298e-17f,1.1978853283323184e-16f,-0.5624999999999999f,0f,0.9781476007338057f,-0.20791169081775923f,-1.06839280500989f,-1.2246467991473532e-16f,-0.20791169081775923f,-0.9781476007338057f,-0.984460628038434f,0f,0f,0f,1f],start_interpolation:0}
execute if entity @s[tag=aj.animal_wolf.bone.rear_leg_right] run data modify entity @s {} merge value {transformation:[-1f,2.5461838666528298e-17f,1.1978853283323184e-16f,-0.4687499999999999f,0f,0.9781476007338057f,-0.20791169081775923f,-0.3875000000000002f,-1.2246467991473532e-16f,-0.20791169081775923f,-0.9781476007338057f,-0.9375f,0f,0f,0f,1f],start_interpolation:0}
execute if entity @s[tag=aj.animal_wolf.bone.tale] run data modify entity @s {} merge value {transformation:[-1.2940077634707638f,-0.033520143523637705f,-0.2729996611719345f,1.6934569019459494e-16f,2.294894598427651e-18f,1.3130558464421658f,-0.16122298554639294f,-0.08281250000000018f,0.2750498409776605f,-0.15769987649534528f,-1.2843624258269006f,-1.3828125f,0f,0f,0f,1f],start_interpolation:0}
execute if entity @s[tag=aj.animal_wolf.bone.rear_body] run data modify entity @s {} merge value {transformation:[-1.171875f,0f,1.4351329677508045e-16f,-4.305398903252414e-17f,0f,1.171875f,0f,-0.4109375000000002f,-1.4351329677508045e-16f,0f,-1.171875f,0.3515625f,0f,0f,0f,1f],start_interpolation:0}
execute if entity @s[tag=aj.animal_wolf.bone.head] run data modify entity @s {} merge value {transformation:[-1f,-1.9157696688784723e-17f,1.2095693648649962e-16f,-0.015625000000000153f,0f,0.9876883405951378f,0.15643446504023084f,0.12151271860565138f,-1.2246467991473532e-16f,0.15643446504023084f,-0.9876883405951378f,1.2347925931916293f,0f,0f,0f,1f],start_interpolation:0}
execute if entity @s[tag=aj.animal_wolf.bone.talon_left] run data modify entity @s {} merge value {transformation:[-1.0104166666666665f,-2.4212559274348326e-17f,1.213483708099954e-16f,0.615234375f,0f,0.9908846444091702f,0.19771055043140642f,-1.5378524928353188f,-1.2374035366384712e-16f,0.19771055043140642f,-0.9908846444091702f,0.3187604344465532f,0f,0f,0f,1f],start_interpolation:0}
execute if entity @s[tag=aj.animal_wolf.bone.front_leg_left_under] run data modify entity @s {} merge value {transformation:[-1f,-6.409306129323699e-18f,1.2229684632711997e-16f,0.600585625f,0f,0.9986295347545739f,0.05233595624294374f,-1.0712781783871672f,-1.2246467991473532e-16f,0.05233595624294374f,-0.9986295347545739f,0.372549638586446f,0f,0f,0f,1f],start_interpolation:0}
execute if entity @s[tag=aj.animal_wolf.bone.front_leg_left] run data modify entity @s {} merge value {transformation:[-1f,-4.38874162327652e-17f,1.143306281056419e-16f,0.5625f,0f,0.9335804264972019f,0.35836794954530016f,-0.4061207183892037f,-1.2246467991473532e-16f,0.35836794954530016f,-0.9335804264972019f,0.4709736601878732f,0f,0f,0f,1f],start_interpolation:0}
execute if entity @s[tag=aj.animal_wolf.bone.talon_right] run data modify entity @s {} merge value {transformation:[-1.0104166666666665f,-2.4212559274348326e-17f,1.213483708099954e-16f,-0.629883125f,0f,0.9908846444091702f,0.19771055043140642f,-1.522020742932126f,-1.2374035366384712e-16f,0.19771055043140642f,-0.9908846444091702f,0.3280421034450155f,0f,0f,0f,1f],start_interpolation:0}
execute if entity @s[tag=aj.animal_wolf.bone.front_leg_right_under] run data modify entity @s {} merge value {transformation:[-1f,-6.409306129323699e-18f,1.2229684632711997e-16f,-0.5625f,0f,0.9986295347545739f,0.05233595624294374f,-1.0523798685478645f,-1.2246467991473532e-16f,0.05233595624294374f,-0.9986295347545739f,0.32331785828288245f,0f,0f,0f,1f],start_interpolation:0}
execute if entity @s[tag=aj.animal_wolf.bone.front_leg_right] run data modify entity @s {} merge value {transformation:[-1f,-4.38874162327652e-17f,1.143306281056419e-16f,-0.5625f,0f,0.9335804264972019f,0.35836794954530016f,-0.4061207183892037f,-1.2246467991473532e-16f,0.35836794954530016f,-0.9335804264972019f,0.470973660187873f,0f,0f,0f,1f],start_interpolation:0}
execute if entity @s[tag=aj.animal_wolf.bone.front_body] run data modify entity @s {} merge value {transformation:[-1f,-1.9157696688784723e-17f,1.2095693648649962e-16f,-4.305398903252414e-17f,0f,0.9876883405951378f,0.15643446504023084f,-0.4109375000000002f,-1.2246467991473532e-16f,0.15643446504023084f,-0.9876883405951378f,0.3515625f,0f,0f,0f,1f],start_interpolation:0}