execute if entity @s[tag=aj.animal_bear.bone.front_leg_right_under2] run data modify entity @s {} merge value {transformation:[-0.9985129789397631f,0.015254739243754138f,-0.05233663935948927f,-0.9241862659009845f,0f,0.9600498543859288f,0.2798290140309917f,-1.1357996653055622f,0.054514501638006134f,0.2794129023938623f,-0.9586222400335795f,-1.6123292405959537f,0f,0f,0f,1f],start_interpolation:0}
execute if entity @s[tag=aj.animal_bear.bone.rear_leg_right] run data modify entity @s {} merge value {transformation:[-0.9985129789397631f,0.01005139578027444f,-0.05357985005306057f,-0.8756416334040198f,0f,0.9828549916653012f,0.18438021954266315f,-0.24875000000000003f,0.054514501638006134f,0.1841060422731121f,-0.9813934655935359f,-1.645348975525801f,0f,0f,0f,1f],start_interpolation:0}
execute if entity @s[tag=aj.animal_bear.bone.front_leg_left_under2] run data modify entity @s {} merge value {transformation:[-0.9985129789397631f,0f,-0.05451450163800614f,0.922094909332873f,0f,1f,0f,-1.0918762977470922f,0.054514501638006134f,-1.3877787807814457e-17f,-0.9985129789397631f,-1.465749596591745f,0f,0f,0f,1f],start_interpolation:0}
execute if entity @s[tag=aj.animal_bear.bone.rear_leg_left] run data modify entity @s {} merge value {transformation:[-0.9985129789397631f,-0.005343355557048502f,-0.05425199941229017f,0.8567783850564693f,0f,0.9951847266721969f,-0.09801714032956048f,-0.24875000000000003f,0.054514501638006134f,-0.09787138677762623f,-0.9937048660248092f,-1.7399316358677417f,0f,0f,0f,1f],start_interpolation:0}
execute if entity @s[tag=aj.animal_bear.bone.head] run data modify entity @s {} merge value {transformation:[-1f,0f,1.249000902703301e-16f,0.046964573365492514f,0f,1f,0f,-0.30149499999999996f,-1.249000902703301e-16f,0f,-1f,0.9854260367168282f,0f,0f,0f,1f],start_interpolation:0}
execute if entity @s[tag=aj.animal_bear.bone.front_leg_left_under] run data modify entity @s {} merge value {transformation:[-1f,-1.7652529166357974e-17f,1.236463536201836e-16f,1.2147370733654927f,0f,0.989962083714808f,0.14133319782356726f,-1.1165117185074858f,-1.249000902703301e-16f,0.14133319782356726f,-0.989962083714808f,0.638936654123646f,0f,0f,0f,1f],start_interpolation:0}
execute if entity @s[tag=aj.animal_bear.bone.front_leg_left] run data modify entity @s {} merge value {transformation:[-1f,-1.6302733190926877e-17f,1.2383155268364386e-16f,1.0394645733654926f,0f,0.9914448613738105f,0.13052619222005138f,-0.24875000000000003f,-1.249000902703301e-16f,0.13052619222005138f,-0.9914448613738105f,0.6842310367168285f,0f,0f,0f,1f],start_interpolation:0}
execute if entity @s[tag=aj.animal_bear.bone.front_leg_right_under] run data modify entity @s {} merge value {transformation:[-1f,1.900022466734886e-17f,1.2344644187714315e-16f,-1.2237385516345076f,0f,0.9883615104677608f,-0.1521233861899165f,-1.0765904603395025f,-1.249000902703301e-16f,-0.1521233861899165f,-0.9883615104677608f,0.8055879671330057f,0f,0f,0f,1f],start_interpolation:0}
execute if entity @s[tag=aj.animal_bear.bone.front_leg_right] run data modify entity @s {} merge value {transformation:[-1f,1.900022466734886e-17f,1.2344644187714315e-16f,-1.0705354266345075f,0f,0.9883615104677608f,-0.1521233861899165f,-0.24875000000000003f,-1.249000902703301e-16f,-0.1521233861899165f,-0.9883615104677608f,0.6842310367168281f,0f,0f,0f,1f],start_interpolation:0}
execute if entity @s[tag=aj.animal_bear.bone.front_body] run data modify entity @s {} merge value {transformation:[-2.28125f,0f,2.8492833092919057e-16f,-0.015535426634507278f,0f,2.28125f,0f,0.1191875f,-2.8492833092919057e-16f,0f,-2.28125f,-0.6579564632831718f,0f,0f,0f,1f],start_interpolation:0}
execute if entity @s[tag=aj.animal_bear.bone.rear_body] run data modify entity @s {} merge value {transformation:[-0.9985129789397631f,0f,-0.054514501638006134f,0.015625000000000187f,0f,1f,0f,-0.35703125f,0.054514501638006134f,0f,-0.9985129789397631f,-1.5203125f,0f,0f,0f,1f],start_interpolation:0}