execute if entity @s[tag=aj.animal_bear.bone.front_leg_right_under2] run data modify entity @s {} merge value {transformation:[-0.9985129789397631f,0.036166917676917223f,-0.040789520156423426f,-0.9297236802655081f,0f,0.7482324689910758f,0.6634366377790111f,-1.1201719360826683f,0.054514501638006196f,0.6624500935265009f,-0.747119831551733f,-1.7137550987916292f,0f,0f,0f,1f],start_interpolation:0}
execute if entity @s[tag=aj.animal_bear.bone.rear_leg_right] run data modify entity @s {} merge value {transformation:[-0.9985129789397631f,0.016109015259902104f,-0.052080039517999804f,-0.8756416334040198f,0f,0.9553428528766161f,0.29549963359971887f,-0.23546875f,0.054514501638006196f,0.2950602194212638f,-0.9539222379346418f,-1.645348975525801f,0f,0f,0f,1f],start_interpolation:0}
execute if entity @s[tag=aj.animal_bear.bone.front_leg_left_under2] run data modify entity @s {} merge value {transformation:[-0.9985129789397631f,0.021683059866117214f,-0.050016755229448435f,0.9198214197238315f,0f,0.9174944964474913f,0.39774847452701106f,-1.091187649764374f,0.054514501638006196f,0.3971570141687123f,-0.9161301628086224f,-1.5073918901815655f,0f,0f,0f,1f],start_interpolation:0}
execute if entity @s[tag=aj.animal_bear.bone.rear_leg_left] run data modify entity @s {} merge value {transformation:[-0.9985129789397631f,-0.002674899812495184f,-0.05444883653333002f,0.8567783850564693f,0f,0.9987954562051724f,-0.049067674327418015f,-0.23546875f,0.054514501638006196f,-0.048994709662316296f,-0.9973102263269263f,-1.739931635867742f,0f,0f,0f,1f],start_interpolation:0}
execute if entity @s[tag=aj.animal_bear.bone.head] run data modify entity @s {} merge value {transformation:[-1f,0f,1.249000902703301e-16f,0.04696457336549257f,0f,1f,0f,-0.28821374999999994f,-1.249000902703301e-16f,0f,-1f,0.9854260367168282f,0f,0f,0f,1f],start_interpolation:0}
execute if entity @s[tag=aj.animal_bear.bone.front_leg_left_under] run data modify entity @s {} merge value {transformation:[-1f,-1.5627097707375144e-17f,1.239186280055616e-16f,1.214737073365493f,0f,0.9921420211735297f,0.12511678473211918f,-1.1032304685074856f,-1.249000902703301e-16f,0.12511678473211918f,-0.9921420211735297f,0.6389366541236459f,0f,0f,0f,1f],start_interpolation:0}
execute if entity @s[tag=aj.animal_bear.bone.front_leg_left] run data modify entity @s {} merge value {transformation:[-1f,-1.63027331909269e-17f,1.2383155268364383e-16f,1.0394645733654928f,0f,0.9914448613738104f,0.13052619222005157f,-0.23546875f,-1.249000902703301e-16f,0.13052619222005157f,-0.9914448613738104f,0.6842310367168285f,0f,0f,0f,1f],start_interpolation:0}
execute if entity @s[tag=aj.animal_bear.bone.front_leg_right_under] run data modify entity @s {} merge value {transformation:[-1f,1.9000224667348884e-17f,1.2344644187714313e-16f,-1.2237385516345074f,0f,0.9883615104677607f,-0.1521233861899167f,-1.0633092103395025f,-1.249000902703301e-16f,-0.1521233861899167f,-0.9883615104677607f,0.8055879671330058f,0f,0f,0f,1f],start_interpolation:0}
execute if entity @s[tag=aj.animal_bear.bone.front_leg_right] run data modify entity @s {} merge value {transformation:[-1f,1.9000224667348884e-17f,1.2344644187714313e-16f,-1.0705354266345073f,0f,0.9883615104677607f,-0.1521233861899167f,-0.23546875f,-1.249000902703301e-16f,-0.1521233861899167f,-0.9883615104677607f,0.6842310367168281f,0f,0f,0f,1f],start_interpolation:0}
execute if entity @s[tag=aj.animal_bear.bone.front_body] run data modify entity @s {} merge value {transformation:[-2.28125f,0f,2.8492833092919057e-16f,-0.015535426634507223f,0f,2.28125f,0f,0.13246875000000002f,-2.8492833092919057e-16f,0f,-2.28125f,-0.6579564632831718f,0f,0f,0f,1f],start_interpolation:0}
execute if entity @s[tag=aj.animal_bear.bone.rear_body] run data modify entity @s {} merge value {transformation:[-0.9985129789397631f,0f,-0.054514501638006196f,0.015625000000000187f,0f,1f,0f,-0.34375f,0.054514501638006196f,0f,-0.9985129789397631f,-1.5203125f,0f,0f,0f,1f],start_interpolation:0}