execute if entity @s[tag=aj.animal_bear.bone.front_leg_right_under2] run data modify entity @s {} merge value {transformation:[-0.9996281756082517f,-0.0001487198017717246f,0.02726698392816875f,-0.9192484534073921f,0f,0.9999851261394216f,0.005454126871013841f,-1.0875460121129719f,-0.027267389499518502f,0.00545209889360751f,-0.9996133072781374f,-1.478931763709226f,0f,0f,0f,1f],start_interpolation:0}
execute if entity @s[tag=aj.animal_bear.bone.rear_leg_right] run data modify entity @s {} merge value {transformation:[-0.9996281756082517f,0.0014864681495356578f,0.027226842317075037f,-0.8624424447177144f,0f,0.9985129789397631f,-0.05451450163800632f,-0.23312500000000003f,-0.027267389499518502f,-0.054494231816593304f,-0.998141707458716f,-1.7177660250588185f,0f,0f,0f,1f],start_interpolation:0}
execute if entity @s[tag=aj.animal_bear.bone.front_leg_left_under2] run data modify entity @s {} merge value {transformation:[-0.9996281756082517f,-0.0037065030687203197f,0.027014299271312197f,0.918449994173712f,0f,0.9907182083488126f,0.13593171685121416f,-1.1101665595694692f,-0.027267389499518502f,0.13588117412327666f,-0.9903498351535993f,-1.5328476867440006f,0f,0f,0f,1f],start_interpolation:0}
execute if entity @s[tag=aj.animal_bear.bone.rear_leg_left] run data modify entity @s {} merge value {transformation:[-0.9996281756082517f,-0.0017833725992056546f,0.027209007925517135f,0.8719124399626024f,0f,0.9978589232386035f,0.06540312923014306f,-0.23312500000000003f,-0.027267389499518502f,0.06537881075139863f,-0.9974878949514197f,-1.6704571042771539f,0f,0f,0f,1f],start_interpolation:0}
execute if entity @s[tag=aj.animal_bear.bone.head] run data modify entity @s {} merge value {transformation:[-1f,0f,1.214306433183765e-16f,-0.02340386407054338f,0f,1f,0f,-0.28586999999999996f,-1.214306433183765e-16f,0f,-1f,0.9799951986086914f,0f,0f,0f,1f],start_interpolation:0}
execute if entity @s[tag=aj.animal_bear.bone.front_leg_left_under] run data modify entity @s {} merge value {transformation:[-1f,1.5849879491178933e-17f,1.2039178733132038e-16f,1.1443686359294567f,0f,0.9914448613738104f,-0.13052619222005157f,-1.0930494160951791f,-1.214306433183765e-16f,-0.13052619222005157f,-0.9914448613738104f,0.8036680479732401f,0f,0f,0f,1f],start_interpolation:0}
execute if entity @s[tag=aj.animal_bear.bone.front_leg_left] run data modify entity @s {} merge value {transformation:[-1f,7.941944057451186e-18f,1.2117065098984608e-16f,0.9690961359294568f,0f,0.9978589232386035f,-0.06540312923014306f,-0.23312500000000003f,-1.214306433183765e-16f,-0.06540312923014306f,-0.9978589232386035f,0.6788001986086918f,0f,0f,0f,1f],start_interpolation:0}
execute if entity @s[tag=aj.animal_bear.bone.front_leg_right_under] run data modify entity @s {} merge value {transformation:[-1f,0f,1.214306433183765e-16f,-1.2941069890705434f,0f,1f,0f,-1.06689704509122f,-1.214306433183765e-16f,0f,-1f,0.6090040012942187f,0f,0f,0f,1f],start_interpolation:0}
execute if entity @s[tag=aj.animal_bear.bone.front_leg_right] run data modify entity @s {} merge value {transformation:[-1f,-9.263212098897558e-18f,1.2107681048956325e-16f,-1.1409038640705433f,0f,0.9970861323044666f,0.0762839745039523f,-0.23312500000000003f,-1.214306433183765e-16f,0.0762839745039523f,-0.9970861323044666f,0.6788001986086913f,0f,0f,0f,1f],start_interpolation:0}
execute if entity @s[tag=aj.animal_bear.bone.front_body] run data modify entity @s {} merge value {transformation:[-2.28125f,0f,2.770136550700464e-16f,-0.08590386407054318f,0f,2.28125f,0f,0.1348125f,-2.770136550700464e-16f,0f,-2.28125f,-0.6633873013913085f,0f,0f,0f,1f],start_interpolation:0}
execute if entity @s[tag=aj.animal_bear.bone.rear_body] run data modify entity @s {} merge value {transformation:[-0.9996281756082517f,0f,0.027267389499518502f,0.015625000000000187f,0f,1f,0f,-0.34140625f,-0.027267389499518502f,0f,-0.9996281756082517f,-1.5203125f,0f,0f,0f,1f],start_interpolation:0}