execute if entity @s[tag=aj.animal_bear.bone.front_leg_right_under2] run data modify entity @s {} merge value {transformation:[-1f,-1.0248672478677402e-16f,1.5338222291259805e-16f,-0.9177724999999998f,0f,0.8314696123025453f,0.5555702330196022f,-1.1030825462421472f,-1.8447123099044434e-16f,0.5555702330196022f,-0.8314696123025453f,-1.6344185370748574f,0f,0f,0f,1f],start_interpolation:0}
execute if entity @s[tag=aj.animal_bear.bone.rear_leg_right] run data modify entity @s {} merge value {transformation:[-1f,-2.8062388312888673e-17f,1.8232426449956278e-16f,-0.8674999999999998f,0f,0.9883615104677608f,0.15212338618991658f,-0.21750000000000003f,-1.8447123099044434e-16f,0.15212338618991658f,-0.9883615104677608f,-1.6937500000000003f,0f,0f,0f,1f],start_interpolation:0}
execute if entity @s[tag=aj.animal_bear.bone.front_leg_left_under2] run data modify entity @s {} merge value {transformation:[-1f,-9.5698741537795e-17f,1.57706645171382e-16f,0.9177725000000002f,0f,0.8549118706729466f,0.5187732581605216f,-1.0945415595694692f,-1.8447123099044434e-16f,0.5187732581605216f,-0.8549118706729466f,-1.557460706621849f,0f,0f,0f,1f],start_interpolation:0}
execute if entity @s[tag=aj.animal_bear.bone.rear_leg_left] run data modify entity @s {} merge value {transformation:[-1f,-1.2064995759711627e-17f,1.840762639246245e-16f,0.8675000000000003f,0f,0.9978589232386035f,0.06540312923014319f,-0.21750000000000003f,-1.8447123099044434e-16f,0.06540312923014319f,-0.9978589232386035f,-1.6937499999999999f,0f,0f,0f,1f],start_interpolation:0}
execute if entity @s[tag=aj.animal_bear.bone.head] run data modify entity @s {} merge value {transformation:[-1f,0f,1.2246467991473535e-16f,-1.6653345369377348e-16f,0f,1f,0f,-0.27024499999999996f,-1.2246467991473535e-16f,0f,-1f,0.982445f,0f,0f,0f,1f],start_interpolation:0}
execute if entity @s[tag=aj.animal_bear.bone.front_leg_left_under] run data modify entity @s {} merge value {transformation:[-1f,2.671552913134293e-18f,1.2243553663724804e-16f,1.1677724999999999f,0f,0.9997620270799091f,-0.021814885034561245f,-1.08375f,-1.2246467991473535e-16f,-0.021814885034561245f,-0.9997620270799091f,0.7496087500000005f,0f,0f,0f,1f],start_interpolation:0}
execute if entity @s[tag=aj.animal_bear.bone.front_leg_left] run data modify entity @s {} merge value {transformation:[-1f,1.5187224860206784e-32f,1.2246467991473535e-16f,0.9924999999999999f,0f,1f,-1.2401310215141802e-16f,-0.21750000000000003f,-1.2246467991473535e-16f,-1.2401310215141802e-16f,-1f,0.6812500000000004f,0f,0f,0f,1f],start_interpolation:0}
execute if entity @s[tag=aj.animal_bear.bone.front_leg_right_under] run data modify entity @s {} merge value {transformation:[-1f,-1.5187224860206784e-32f,1.2246467991473535e-16f,-1.2707031250000003f,0f,1f,1.2401310215141802e-16f,-1.0541668750000002f,-1.2246467991473535e-16f,1.2401310215141802e-16f,-1f,0.6752606249999997f,0f,0f,0f,1f],start_interpolation:0}
execute if entity @s[tag=aj.animal_bear.bone.front_leg_right] run data modify entity @s {} merge value {transformation:[-1f,-1.5187224860206784e-32f,1.2246467991473535e-16f,-1.1175000000000002f,0f,1f,1.2401310215141802e-16f,-0.21750000000000003f,-1.2246467991473535e-16f,1.2401310215141802e-16f,-1f,0.6812499999999999f,0f,0f,0f,1f],start_interpolation:0}
execute if entity @s[tag=aj.animal_bear.bone.front_body] run data modify entity @s {} merge value {transformation:[-2.28125f,0f,2.7937255105549e-16f,-0.062499999999999965f,0f,2.28125f,0f,0.1504375f,-2.7937255105549e-16f,0f,-2.28125f,-0.6609375f,0f,0f,0f,1f],start_interpolation:0}
execute if entity @s[tag=aj.animal_bear.bone.rear_body] run data modify entity @s {} merge value {transformation:[-1f,0f,1.8447123099044434e-16f,0.015625000000000187f,0f,1f,0f,-0.32578125f,-1.8447123099044434e-16f,0f,-1f,-1.5203125f,0f,0f,0f,1f],start_interpolation:0}