execute if entity @s[tag=aj.animal_bear.bone.front_leg_right_under2] run data modify entity @s {} merge value {transformation:[-0.9907182083488126f,-0.003706503068720307f,0.1358811741232768f,-0.9425605424497604f,0f,0.9996281756082517f,0.027267389499518346f,-1.012158593515771f,-0.1359317168512143f,0.027014299271312048f,-0.9903498351535993f,-1.4033834693826686f,0f,0f,0f,1f],start_interpolation:0}
execute if entity @s[tag=aj.animal_bear.bone.rear_leg_right] run data modify entity @s {} merge value {transformation:[-0.9907182083488126f,0.03661185595066071f,0.13090837883789858f,-0.8357273606066624f,0f,0.9630451367077627f,-0.2693400539532261f,-0.2300000000000001f,-0.1359317168512143f,-0.26684009568911266f,-0.954106352398152f,-1.8121848867047259f,0f,0f,0f,1f],start_interpolation:0}
execute if entity @s[tag=aj.animal_bear.bone.front_leg_left_under2] run data modify entity @s {} merge value {transformation:[-0.9907182083488126f,-0.08565978432503774f,0.1055454072686572f,0.9459356618766246f,0f,0.7764590171709758f,0.6301677512011247f,-1.112431357886823f,-0.1359317168512143f,0.6243186654291786f,-0.7692520863479091f,-1.663974425226635f,0f,0f,0f,1f],start_interpolation:0}
execute if entity @s[tag=aj.animal_bear.bone.rear_leg_left] run data modify entity @s {} merge value {transformation:[-0.9907182083488126f,-0.04369381838239508f,0.12871783824041239f,0.8831687308785275f,0f,0.9469301294951057f,0.3214394653031616f,-0.2300000000000001f,-0.1359317168512143f,0.31845593115774856f,-0.9381409213249002f,-1.5763433579678692f,0f,0f,0f,1f],start_interpolation:0}
execute if entity @s[tag=aj.animal_bear.bone.head] run data modify entity @s {} merge value {transformation:[-1f,0f,8.326672684688674e-17f,-0.11609117919626322f,0f,1f,0f,-0.282745f,-8.326672684688674e-17f,0f,-1f,0.9638487949207597f,0f,0f,0f,1f],start_interpolation:0}
execute if entity @s[tag=aj.animal_bear.bone.front_leg_left_under] run data modify entity @s {} merge value {transformation:[-1f,5.0689571624189577e-17f,6.605993587909547e-17f,1.0516813208037368f,0f,0.7933533402912352f,-0.6087614290087207f,-1.0283050246263428f,-8.326672684688674e-17f,-0.6087614290087207f,-0.7933533402912352f,1.0058316917292471f,0f,0f,0f,1f],start_interpolation:0}
execute if entity @s[tag=aj.animal_bear.bone.front_leg_left] run data modify entity @s {} merge value {transformation:[-1f,2.6765212155207684e-17f,7.884777243575605e-17f,0.8764088208037368f,0f,0.9469301294951057f,-0.3214394653031616f,-0.2300000000000001f,-8.326672684688674e-17f,-0.3214394653031616f,-0.9469301294951057f,0.6626537949207598f,0f,0f,0f,1f],start_interpolation:0}
execute if entity @s[tag=aj.animal_bear.bone.front_leg_right_under] run data modify entity @s {} merge value {transformation:[-1f,-1.2666816444899252e-17f,8.229762791809543e-17f,-1.3867943041962634f,0f,0.9883615104677607f,0.1521233861899167f,-1.0041944111477052f,-8.326672684688674e-17f,0.1521233861899167f,-0.9883615104677607f,0.34536788902071125f,0f,0f,0f,1f],start_interpolation:0}
execute if entity @s[tag=aj.animal_bear.bone.front_leg_right] run data modify entity @s {} merge value {transformation:[-1f,-3.102375874065335e-17f,7.727143193571466e-17f,-1.2335911791962633f,0f,0.9279989121921846f,0.37258290214410295f,-0.2300000000000001f,-8.326672684688674e-17f,0.37258290214410295f,-0.9279989121921846f,0.6626537949207598f,0f,0f,0f,1f],start_interpolation:0}
execute if entity @s[tag=aj.animal_bear.bone.front_body] run data modify entity @s {} merge value {transformation:[-2.28125f,0f,1.8995222061946038e-16f,-0.17859117919626308f,0f,2.28125f,0f,0.13793749999999994f,-1.8995222061946038e-16f,0f,-2.28125f,-0.6795337050792403f,0f,0f,0f,1f],start_interpolation:0}
execute if entity @s[tag=aj.animal_bear.bone.rear_body] run data modify entity @s {} merge value {transformation:[-0.9907182083488126f,0f,0.1359317168512143f,0.015625000000000187f,0f,1f,0f,-0.3382812500000001f,-0.1359317168512143f,0f,-0.9907182083488126f,-1.5203125f,0f,0f,0f,1f],start_interpolation:0}