execute if entity @s[tag=aj.animal_bear.bone.front_leg_right_under2] run data modify entity @s {} merge value {transformation:[-0.9966552393091803f,-0.0013370982832033099f,0.08171013477985195f,-0.9275989534827975f,0f,0.9998661379095617f,0.016361731626486742f,-1.0375575213022905f,-0.08172107413366834f,0.01630700554970871f,-0.9965218249554001f,-1.4386738877904184f,0f,0f,0f,1f],start_interpolation:0}
execute if entity @s[tag=aj.animal_bear.bone.rear_leg_right] run data modify entity @s {} merge value {transformation:[-0.9966552393091803f,0.013311993057318183f,0.08062955288479795f,-0.8503726594198615f,0f,0.986643332084879f,-0.1628954733945887f,-0.2143750000000001f,-0.08172107413366834f,-0.16235062701846603f,-0.9833432462518621f,-1.765339816661982f,0f,0f,0f,1f],start_interpolation:0}
execute if entity @s[tag=aj.animal_bear.bone.front_leg_left_under2] run data modify entity @s {} merge value {transformation:[-0.9966552393091803f,-0.03250443257337536f,0.07497863576141814f,0.9272412833215098f,0f,0.9174944964474913f,0.397748474527011f,-1.1017026699514345f,-0.08172107413366834f,0.39641810106457953f,-0.9144256969217304f,-1.5988680632986936f,0f,0f,0f,1f],start_interpolation:0}
execute if entity @s[tag=aj.animal_bear.bone.rear_leg_left] run data modify entity @s {} merge value {transformation:[-0.9966552393091803f,-0.015942990668241244f,0.08015082660904309f,0.8788241807815664f,0f,0.9807852804032304f,0.19509032201612822f,-0.2143750000000001f,-0.08172107413366834f,0.19443779157588933f,-0.9775047883512031f,-1.6235537530400674f,0f,0f,0f,1f],start_interpolation:0}
execute if entity @s[tag=aj.animal_bear.bone.head] run data modify entity @s {} merge value {transformation:[-1f,0f,1.249000902703301e-16f,-0.06996773865465096f,0f,1f,0f,-0.26712f,-1.249000902703301e-16f,0f,-1f,0.973186137364634f,0f,0f,0f,1f],start_interpolation:0}
execute if entity @s[tag=aj.animal_bear.bone.front_leg_left_under] run data modify entity @s {} merge value {transformation:[-1f,4.7797195247359467e-17f,1.153926370095701e-16f,1.0978047613453492f,0f,0.9238795325112867f,-0.38268343236508967f,-1.0506441185991784f,-1.249000902703301e-16f,-0.38268343236508967f,-0.9238795325112867f,0.9080333845978698f,0f,0f,0f,1f],start_interpolation:0}
execute if entity @s[tag=aj.animal_bear.bone.front_leg_left] run data modify entity @s {} merge value {transformation:[-1f,2.4366798830682184e-17f,1.225001700581745e-16f,0.9225322613453492f,0f,0.9807852804032304f,-0.19509032201612822f,-0.2143750000000001f,-1.249000902703301e-16f,-0.19509032201612822f,-0.9807852804032304f,0.6719911373646343f,0f,0f,0f,1f],start_interpolation:0}
execute if entity @s[tag=aj.animal_bear.bone.front_leg_right_under] run data modify entity @s {} merge value {transformation:[-1f,0f,1.249000902703301e-16f,-1.340670863654651f,0f,1f,0f,-1.0278255639934952f,-1.249000902703301e-16f,0f,-1f,0.4761710355522276f,0f,0f,0f,1f],start_interpolation:0}
execute if entity @s[tag=aj.animal_bear.bone.front_leg_right] run data modify entity @s {} merge value {transformation:[-1f,-2.8361845751242434e-17f,1.2163732262393538e-16f,-1.1874677386546508f,0f,0.9738769792773336f,0.22707626303437317f,-0.2143750000000001f,-1.249000902703301e-16f,0.22707626303437317f,-0.9738769792773336f,0.6719911373646339f,0f,0f,0f,1f],start_interpolation:0}
execute if entity @s[tag=aj.animal_bear.bone.front_body] run data modify entity @s {} merge value {transformation:[-2.28125f,0f,2.8492833092919057e-16f,-0.13246773865465075f,0f,2.28125f,0f,0.15356249999999994f,-2.8492833092919057e-16f,0f,-2.28125f,-0.670196362635366f,0f,0f,0f,1f],start_interpolation:0}
execute if entity @s[tag=aj.animal_bear.bone.rear_body] run data modify entity @s {} merge value {transformation:[-0.9966552393091803f,0f,0.08172107413366834f,0.015625000000000187f,0f,1f,0f,-0.3226562500000001f,-0.08172107413366834f,0f,-0.9966552393091803f,-1.5203125f,0f,0f,0f,1f],start_interpolation:0}