execute if entity @s[tag=aj.animal_bear.bone.front_leg_right_under2] run data modify entity @s {} merge value {transformation:[-0.9762960071199334f,-0.009440963361569868f,0.21623361138472566f,-0.9752749772134108f,0f,0.9990482215818577f,0.04361938736533599f,-1.0083721817031437f,-0.216439613938103f,0.04258543371779522f,-0.9753667896506382f,-1.3631592386824416f,0f,0f,0f,1f],start_interpolation:0}
execute if entity @s[tag=aj.animal_bear.bone.rear_leg_right] run data modify entity @s {} merge value {transformation:[-0.9762960071199334f,0.09147133341434915f,0.19616090753530896f,-0.8090276657454012f,0f,0.9063077870366499f,-0.42261826174069944f,-0.30500000000000005f,-0.216439613938103f,-0.41260052147341175f,-0.8848246737055843f,-1.8807820727939508f,0f,0f,0f,1f],start_interpolation:0}
execute if entity @s[tag=aj.animal_bear.bone.front_leg_left_under2] run data modify entity @s {} merge value {transformation:[-0.9762960071199334f,-0.19198428229200937f,0.0999406915850452f,0.991428565139107f,0f,0.461748613235034f,0.8870108331782217f,-1.15187388102827f,-0.216439613938103f,0.8659851347040232f,-0.4508033273945301f,-1.7537523193537483f,0f,0f,0f,1f],start_interpolation:0}
execute if entity @s[tag=aj.animal_bear.bone.rear_leg_left] run data modify entity @s {} merge value {transformation:[-0.9762960071199334f,-0.10821980696905148f,0.18744220405569367f,0.8848459066076833f,0f,0.8660254037844387f,0.49999999999999994f,-0.30500000000000005f,-0.216439613938103f,0.4881480035599666f,-0.8454971437791755f,-1.505259342611342f,0f,0f,0f,1f],start_interpolation:0}
execute if entity @s[tag=aj.animal_bear.bone.head] run data modify entity @s {} merge value {transformation:[-1f,0f,1.1102230246251565e-16f,-0.18415091878430206f,0f,1f,0f,-0.357745f,-1.1102230246251565e-16f,0f,-1f,0.9451650362797784f,0f,0f,0f,1f],start_interpolation:0}
execute if entity @s[tag=aj.animal_bear.bone.front_leg_left_under] run data modify entity @s {} merge value {transformation:[-1f,9.614813431917819e-17f,5.551115123125785e-17f,0.9836215812156981f,0f,0.5000000000000002f,-0.8660254037844386f,-1.02101513102827f,-1.1102230246251565e-16f,-0.8660254037844386f,-0.5000000000000002f,1.1362954503507283f,0f,0f,0f,1f],start_interpolation:0}
execute if entity @s[tag=aj.animal_bear.bone.front_leg_left] run data modify entity @s {} merge value {transformation:[-1f,5.551115123125782e-17f,9.61481343191782e-17f,0.808349081215698f,0f,0.8660254037844387f,-0.49999999999999994f,-0.30500000000000005f,-1.1102230246251565e-16f,-0.49999999999999994f,-0.8660254037844387f,0.6439700362797788f,0f,0f,0f,1f],start_interpolation:0}
execute if entity @s[tag=aj.animal_bear.bone.front_leg_right_under] run data modify entity @s {} merge value {transformation:[-1f,-6.367977660193769e-17f,9.094414602384047e-17f,-1.454854043784302f,0f,0.8191520442889918f,0.573576436351046f,-0.9869220166766624f,-1.1102230246251565e-16f,0.573576436351046f,-0.8191520442889918f,0.15917142292904873f,0f,0f,0f,1f],start_interpolation:0}
execute if entity @s[tag=aj.animal_bear.bone.front_leg_right] run data modify entity @s {} merge value {transformation:[-1f,-6.367977660193769e-17f,9.094414602384047e-17f,-1.301650918784302f,0f,0.8191520442889918f,0.573576436351046f,-0.30500000000000005f,-1.1102230246251565e-16f,0.573576436351046f,-0.8191520442889918f,0.6439700362797783f,0f,0f,0f,1f],start_interpolation:0}
execute if entity @s[tag=aj.animal_bear.bone.front_body] run data modify entity @s {} merge value {transformation:[-2.28125f,0f,2.5326962749261384e-16f,-0.24665091878430187f,0f,2.28125f,0f,0.06293749999999998f,-2.5326962749261384e-16f,0f,-2.28125f,-0.6982174637202215f,0f,0f,0f,1f],start_interpolation:0}
execute if entity @s[tag=aj.animal_bear.bone.rear_body] run data modify entity @s {} merge value {transformation:[-0.9762960071199334f,0f,0.216439613938103f,0.015625000000000187f,0f,1f,0f,-0.41328125000000004f,-0.216439613938103f,0f,-0.9762960071199334f,-1.5203125f,0f,0f,0f,1f],start_interpolation:0}