execute if entity @s[tag=aj.animal_bear.bone.front_leg_right_under2] run data modify entity @s {} merge value {transformation:[-0.9940563382223196f,-0.0023749183589675572f,0.108840967483855f,-0.934306026690657f,0f,0.999762027079909f,0.02181488503456111f,-1.0088659229660881f,-0.1088668748519647f,0.02168522473619669f,-0.9938197797327779f,-1.420305422818003f,0f,0f,0f,1f],start_interpolation:0}
execute if entity @s[tag=aj.animal_bear.bone.rear_leg_right] run data modify entity @s {} merge value {transformation:[-0.9940563382223196f,0.023563104363607f,0.10628629522559861f,-0.8433694050854482f,0f,0.9762960071199334f,-0.21643961393810288f,-0.20500000000000007f,-0.1088668748519647f,-0.21515317007756307f,-0.9704932338587127f,-1.788862205014075f,0f,0f,0f,1f],start_interpolation:0}
execute if entity @s[tag=aj.animal_bear.bone.front_leg_left_under2] run data modify entity @s {} merge value {transformation:[-0.9940563382223196f,-0.056477223372707455f,0.09307158363401072f,0.9353671207140252f,0f,0.8549118706729467f,0.5187732581605214f,-1.0917781740601225f,-0.1088668748519647f,0.5156898453747101f,-0.8498305636639427f,-1.631714472751635f,0f,0f,0f,1f],start_interpolation:0}
execute if entity @s[tag=aj.animal_bear.bone.rear_leg_left] run data modify entity @s {} merge value {transformation:[-0.9940563382223196f,-0.028176820592481132f,0.1051573260468926f,0.8813183417302765f,0f,0.9659258262890683f,0.25881904510252074f,-0.20500000000000007f,-0.1088668748519647f,0.25728071223680915f,-0.9601846898752797f,-1.5999781771459163f,0f,0f,0f,1f],start_interpolation:0}
execute if entity @s[tag=aj.animal_bear.bone.head] run data modify entity @s {} merge value {transformation:[-1.0000000000000002f,0f,1.249000902703301e-16f,-0.09309312199952588f,0f,1f,0f,-0.257745f,-1.249000902703301e-16f,0f,-1.0000000000000002f,0.9688319410619967f,0f,0f,0f,1f],start_interpolation:0}
execute if entity @s[tag=aj.animal_bear.bone.front_leg_left_under] run data modify entity @s {} merge value {transformation:[-1.0000000000000002f,6.245004513516506e-17f,1.0816665110907547e-16f,1.0746793780004746f,0f,0.8660254037844387f,-0.49999999999999994f,-1.0240407006235035f,-1.249000902703301e-16f,-0.5000000000000001f,-0.8660254037844389f,0.9578684209598933f,0f,0f,0f,1f],start_interpolation:0}
execute if entity @s[tag=aj.animal_bear.bone.front_leg_left] run data modify entity @s {} merge value {transformation:[-1.0000000000000002f,3.232652209698548e-17f,1.2064422289794784e-16f,0.8994068780004745f,0f,0.9659258262890683f,-0.25881904510252074f,-0.20500000000000007f,-1.249000902703301e-16f,-0.2588190451025208f,-0.9659258262890685f,0.6676369410619968f,0f,0f,0f,1f],start_interpolation:0}
execute if entity @s[tag=aj.animal_bear.bone.front_leg_right_under] run data modify entity @s {} merge value {transformation:[-1.0000000000000002f,0f,1.249000902703301e-16f,-1.3637962469995262f,0f,1f,0f,-1.0011423410191422f,-1.249000902703301e-16f,-5.551115123125783e-17f,-1.0000000000000002f,0.41033419103449187f,0f,0f,0f,1f],start_interpolation:0}
execute if entity @s[tag=aj.animal_bear.bone.front_leg_right] run data modify entity @s {} merge value {transformation:[-1.0000000000000002f,-3.7558181502895495e-17f,1.1911933324079753e-16f,-1.210593121999526f,0f,0.9537169507482269f,0.30070579950427306f,-0.20500000000000007f,-1.249000902703301e-16f,0.3007057995042731f,-0.9537169507482272f,0.6676369410619963f,0f,0f,0f,1f],start_interpolation:0}
execute if entity @s[tag=aj.animal_bear.bone.front_body] run data modify entity @s {} merge value {transformation:[-2.2812500000000004f,0f,2.8492833092919057e-16f,-0.15559312199952569f,0f,2.28125f,0f,0.16293749999999996f,-2.8492833092919057e-16f,0f,-2.2812500000000004f,-0.6745505589380038f,0f,0f,0f,1f],start_interpolation:0}
execute if entity @s[tag=aj.animal_bear.bone.rear_body] run data modify entity @s {} merge value {transformation:[-0.9940563382223196f,0f,0.1088668748519647f,0.015625000000000187f,0f,1f,0f,-0.31328125000000007f,-0.1088668748519647f,0f,-0.9940563382223196f,-1.5203125f,0f,0f,0f,1f],start_interpolation:0}