execute if entity @s[tag=aj.animal_bear.bone.front_leg_right_under2] run data modify entity @s {} merge value {transformation:[-0.986643332084879f,-0.005329790485289969f,0.16280825711809002f,-0.9522366908164626f,0f,0.9994645874763657f,0.03271908282177605f,-1.0131250914634475f,-0.16289547339458882f,0.032282064898038254f,-0.9861150708885205f,-1.3881002096542132f,0f,0f,0f,1f],start_interpolation:0}
execute if entity @s[tag=aj.animal_bear.bone.rear_leg_right] run data modify entity @s {} merge value {transformation:[-0.986643332084879f,0.052361033868262005f,0.15425063171570452f,-0.8274522089805846f,0f,0.9469301294951057f,-0.32143946530316153f,-0.25500000000000006f,-0.16289547339458882f,-0.3171461051102931f,-0.934282298216617f,-1.8352905178500676f,0f,0f,0f,1f],start_interpolation:0}
execute if entity @s[tag=aj.animal_bear.bone.front_leg_left_under2] run data modify entity @s {} merge value {transformation:[-0.986643332084879f,-0.11889155363581651f,0.11135409164691241f,0.9588750923037411f,0f,0.6835923020228716f,0.7298640726978356f,-1.1293058351657255f,-0.16289547339458882f,0.7201155206556328f,-0.674461786655419f,-1.6952953492218832f,0f,0f,0f,1f],start_interpolation:0}
execute if entity @s[tag=aj.animal_bear.bone.rear_leg_left] run data modify entity @s {} merge value {transformation:[-0.986643332084879f,-0.062337398875377384f,0.1504957938079975f,0.8843739721866806f,0f,0.9238795325112868f,0.3826834323650896f,-0.25500000000000006f,-0.16289547339458882f,0.37757205684237044f,-0.9115395804019564f,-1.552666871510456f,0f,0f,0f,1f],start_interpolation:0}
execute if entity @s[tag=aj.animal_bear.bone.head] run data modify entity @s {} merge value {transformation:[-1f,0f,1.1102230246251565e-16f,-0.13894480776760593f,0f,1f,0f,-0.307745f,-1.1102230246251565e-16f,0f,-1f,0.9582404046514906f,0f,0f,0f,1f],start_interpolation:0}
execute if entity @s[tag=aj.animal_bear.bone.front_leg_left_under] run data modify entity @s {} merge value {transformation:[-1f,7.850462293418873e-17f,7.850462293418878e-17f,1.0288276922323942f,0f,0.7071067811865478f,-0.7071067811865474f,-1.029150883955715f,-1.1102230246251565e-16f,-0.7071067811865474f,-0.7071067811865478f,1.0517001779308057f,0f,0f,0f,1f],start_interpolation:0}
execute if entity @s[tag=aj.animal_bear.bone.front_leg_left] run data modify entity @s {} merge value {transformation:[-1f,4.248639577543063e-17f,1.0257123289739565e-16f,0.8535551922323942f,0f,0.9238795325112868f,-0.3826834323650896f,-0.25500000000000006f,-1.1102230246251565e-16f,-0.3826834323650896f,-0.9238795325112868f,0.657045404651491f,0f,0f,0f,1f],start_interpolation:0}
execute if entity @s[tag=aj.animal_bear.bone.front_leg_right_under] run data modify entity @s {} merge value {transformation:[-1f,-3.338505022479599e-17f,1.0588385176959778e-16f,-1.409647932767606f,0f,0.9537169507482268f,0.300705799504273f,-1.0027346811068567f,-1.1102230246251565e-16f,0.300705799504273f,-0.9537169507482268f,0.28162540118179824f,0f,0f,0f,1f],start_interpolation:0}
execute if entity @s[tag=aj.animal_bear.bone.front_leg_right] run data modify entity @s {} merge value {transformation:[-1f,-4.9103908741243845e-17f,9.957287678082774e-17f,-1.2564448077676058f,0f,0.8968727415326883f,0.44228869021900125f,-0.25500000000000006f,-1.1102230246251565e-16f,0.44228869021900125f,-0.8968727415326883f,0.6570454046514905f,0f,0f,0f,1f],start_interpolation:0}
execute if entity @s[tag=aj.animal_bear.bone.front_body] run data modify entity @s {} merge value {transformation:[-2.28125f,0f,2.5326962749261384e-16f,-0.20144480776760573f,0f,2.28125f,0f,0.11293749999999997f,-2.5326962749261384e-16f,0f,-2.28125f,-0.6851420953485093f,0f,0f,0f,1f],start_interpolation:0}
execute if entity @s[tag=aj.animal_bear.bone.rear_body] run data modify entity @s {} merge value {transformation:[-0.986643332084879f,0f,0.16289547339458882f,0.015625000000000187f,0f,1f,0f,-0.36328125000000006f,-0.16289547339458882f,0f,-0.986643332084879f,-1.5203125f,0f,0f,0f,1f],start_interpolation:0}