execute if entity @s[tag=aj.animal_wolf.bone.rear_leg_right_under] run data modify entity @s {} merge value {transformation:[-1f,-2.5461838666528304e-17f,1.1978853283323184e-16f,0.46875000000000017f,0f,0.9781476007338057f,0.2079116908177593f,-1.16542592095323f,-1.2246467991473532e-16f,0.2079116908177593f,-0.9781476007338057f,-1.257344722236743f,0f,0f,0f,1f],start_interpolation:0}
execute if entity @s[tag=aj.animal_wolf.bone.rear_leg_left] run data modify entity @s {} merge value {transformation:[-1f,-2.5461838666528304e-17f,1.1978853283323184e-16f,0.4687500000000001f,0f,0.9781476007338057f,0.2079116908177593f,-0.5625f,-1.2246467991473532e-16f,0.2079116908177593f,-0.9781476007338057f,-0.9375f,0f,0f,0f,1f],start_interpolation:0}
execute if entity @s[tag=aj.animal_wolf.bone.right_leg_left_under] run data modify entity @s {} merge value {transformation:[-1f,-2.5461838666528304e-17f,1.1978853283323184e-16f,-0.5624999999999999f,0f,0.9781476007338057f,0.2079116908177593f,-1.16542592095323f,-1.2246467991473532e-16f,0.2079116908177593f,-0.9781476007338057f,-1.257344722236743f,0f,0f,0f,1f],start_interpolation:0}
execute if entity @s[tag=aj.animal_wolf.bone.rear_leg_right] run data modify entity @s {} merge value {transformation:[-1f,-2.5461838666528304e-17f,1.1978853283323184e-16f,-0.4687499999999999f,0f,0.9781476007338057f,0.2079116908177593f,-0.5625f,-1.2246467991473532e-16f,0.2079116908177593f,-0.9781476007338057f,-0.9375f,0f,0f,0f,1f],start_interpolation:0}
execute if entity @s[tag=aj.animal_wolf.bone.tale] run data modify entity @s {} merge value {transformation:[-1.2940077634707638f,-0.052481983835425884f,0.2699964007066291f,1.6934569019459494e-16f,0f,1.2986109614359722f,0.25242440013355405f,-0.2578125f,-0.27504984097766094f,0.24690832135730603f,-1.2702331962152167f,-1.3828125f,0f,0f,0f,1f],start_interpolation:0}
execute if entity @s[tag=aj.animal_wolf.bone.talon_left] run data modify entity @s {} merge value {transformation:[-1.0104166666666665f,5.424420073970668e-17f,1.1121709316001913e-16f,0.615234375f,0f,0.90815648428145f,-0.4429375129014635f,-1.628814523167359f,-1.2374035366384712e-16f,-0.4429375129014635f,-0.90815648428145f,0.8654641192878177f,0f,0f,0f,1f],start_interpolation:0}
execute if entity @s[tag=aj.animal_wolf.bone.front_leg_left_under] run data modify entity @s {} merge value {transformation:[-1f,3.7843667304341493e-17f,1.1647083184890926e-16f,0.600585625f,0f,0.9510565162951536f,-0.30901699437494734f,-1.1739535488969273f,-1.2246467991473532e-16f,-0.30901699437494734f,-0.9510565162951536f,0.7484753870503957f,0f,0f,0f,1f],start_interpolation:0}
execute if entity @s[tag=aj.animal_wolf.bone.front_leg_left] run data modify entity @s {} merge value {transformation:[-1f,2.5461838666528304e-17f,1.1978853283323184e-16f,0.5625f,0f,0.9781476007338057f,-0.2079116908177593f,-0.5625f,-1.2246467991473532e-16f,-0.2079116908177593f,-0.9781476007338057f,0.46875000000000006f,0f,0f,0f,1f],start_interpolation:0}
execute if entity @s[tag=aj.animal_wolf.bone.talon_right] run data modify entity @s {} merge value {transformation:[-1.0104166666666665f,5.424420073970668e-17f,1.1121709316001913e-16f,-0.629883125f,0f,0.90815648428145f,-0.4429375129014635f,-1.6216721517236699f,-1.2374035366384712e-16f,-0.4429375129014635f,-0.90815648428145f,0.86960808465704f,0f,0f,0f,1f],start_interpolation:0}
execute if entity @s[tag=aj.animal_wolf.bone.front_leg_right_under] run data modify entity @s {} merge value {transformation:[-1f,3.7843667304341493e-17f,1.1647083184890926e-16f,-0.5625f,0f,0.9510565162951536f,-0.30901699437494734f,-1.184917641967395f,-1.2246467991473532e-16f,-0.30901699437494734f,-0.9510565162951536f,0.6968933846679488f,0f,0f,0f,1f],start_interpolation:0}
execute if entity @s[tag=aj.animal_wolf.bone.front_leg_right] run data modify entity @s {} merge value {transformation:[-1f,2.5461838666528304e-17f,1.1978853283323184e-16f,-0.5625f,0f,0.9781476007338057f,-0.2079116908177593f,-0.5625f,-1.2246467991473532e-16f,-0.2079116908177593f,-0.9781476007338057f,0.46874999999999994f,0f,0f,0f,1f],start_interpolation:0}