execute if entity @s[tag=aj.animal_wolf.bone.rear_leg_right_under] run data modify entity @s {} merge value {transformation:[-1f,4.98108728038718e-17f,1.1187705205776151e-16f,0.4687500000000001f,0f,0.913545457642601f,-0.4067366430758001f,-0.8882773271546694f,-1.2246467991473532e-16f,-0.4067366430758001f,-0.913545457642601f,-0.8418688512894938f,0f,0f,0f,1f],start_interpolation:0}
execute if entity @s[tag=aj.animal_wolf.bone.rear_leg_left] run data modify entity @s {} merge value {transformation:[-1f,4.98108728038718e-17f,1.1187705205776151e-16f,0.4687500000000001f,0f,0.913545457642601f,-0.4067366430758001f,-0.21250000000000013f,-1.2246467991473532e-16f,-0.4067366430758001f,-0.913545457642601f,-0.9375f,0f,0f,0f,1f],start_interpolation:0}
execute if entity @s[tag=aj.animal_wolf.bone.right_leg_left_under] run data modify entity @s {} merge value {transformation:[-1f,4.98108728038718e-17f,1.1187705205776151e-16f,-0.5624999999999999f,0f,0.913545457642601f,-0.4067366430758001f,-0.8882773271546694f,-1.2246467991473532e-16f,-0.4067366430758001f,-0.913545457642601f,-0.8418688512894938f,0f,0f,0f,1f],start_interpolation:0}
execute if entity @s[tag=aj.animal_wolf.bone.rear_leg_right] run data modify entity @s {} merge value {transformation:[-1f,4.98108728038718e-17f,1.1187705205776151e-16f,-0.4687499999999999f,0f,0.913545457642601f,-0.4067366430758001f,-0.21250000000000013f,-1.2246467991473532e-16f,-0.4067366430758001f,-0.913545457642601f,-0.9375f,0f,0f,0f,1f],start_interpolation:0}
execute if entity @s[tag=aj.animal_wolf.bone.tale] run data modify entity @s {} merge value {transformation:[-1.2085445116730242f,-0.13017301523175373f,-0.5220954475523891f,1.6934569019459494e-16f,0f,1.2836203878859538f,-0.32004250772039367f,0.09218749999999987f,0.5380786840690271f,-0.2923733791805127f,-1.1726455746906466f,-1.3828125f,0f,0f,0f,1f],start_interpolation:0}
execute if entity @s[tag=aj.animal_wolf.bone.rear_body] run data modify entity @s {} merge value {transformation:[-1.171875f,0f,1.4351329677508045e-16f,-4.305398903252414e-17f,0f,1.171875f,0f,-0.23593750000000013f,-1.4351329677508045e-16f,0f,-1.171875f,0.3515625f,0f,0f,0f,1f],start_interpolation:0}
execute if entity @s[tag=aj.animal_wolf.bone.head] run data modify entity @s {} merge value {transformation:[-1f,-3.78436673043415e-17f,1.1647083184890926e-16f,-0.015625000000000156f,0f,0.9510565162951536f,0.3090169943749474f,0.15178974572826842f,-1.2246467991473532e-16f,0.3090169943749474f,-0.9510565162951536f,1.307212130216258f,0f,0f,0f,1f],start_interpolation:0}
execute if entity @s[tag=aj.animal_wolf.bone.talon_left] run data modify entity @s {} merge value {transformation:[-1.0104166666666665f,-4.7489028988302404e-17f,1.1426489946874388e-16f,0.615234375f,0f,0.9330437114464313f,0.38777734952939996f,-1.2986857934446188f,-1.2374035366384712e-16f,0.38777734952939996f,-0.9330437114464313f,0.06186506537046077f,0f,0f,0f,1f],start_interpolation:0}
execute if entity @s[tag=aj.animal_wolf.bone.front_leg_left_under] run data modify entity @s {} merge value {transformation:[-1f,-1.2801044796052348e-17f,1.2179380558447151e-16f,0.600585625f,0f,0.9945218953682735f,0.10452846326765353f,-0.8355660123130351f,-1.2246467991473532e-16f,0.10452846326765353f,-0.9945218953682735f,0.13999916618054076f,0f,0f,0f,1f],start_interpolation:0}
execute if entity @s[tag=aj.animal_wolf.bone.front_leg_left] run data modify entity @s {} merge value {transformation:[-1f,-8.194486552889033e-17f,9.100899318238096e-17f,0.5625f,0f,0.7431448254773944f,0.6691306063588581f,-0.2498600419276466f,-1.2246467991473532e-16f,0.6691306063588581f,-0.7431448254773944f,0.4702570213090012f,0f,0f,0f,1f],start_interpolation:0}
execute if entity @s[tag=aj.animal_wolf.bone.talon_right] run data modify entity @s {} merge value {transformation:[-1.0104166666666665f,-4.7489028988302404e-17f,1.1426489946874388e-16f,-0.629883125f,0f,0.9330437114464313f,0.38777734952939996f,-1.2695243237695024f,-1.2374035366384712e-16f,0.38777734952939996f,-0.9330437114464313f,0.08094855477116089f,0f,0f,0f,1f],start_interpolation:0}
execute if entity @s[tag=aj.animal_wolf.bone.front_leg_right_under] run data modify entity @s {} merge value {transformation:[-1f,-1.2801044796052348e-17f,1.2179380558447151e-16f,-0.5625f,0f,0.9945218953682735f,0.10452846326765353f,-0.8002798279933296f,-1.2246467991473532e-16f,0.10452846326765353f,-0.9945218953682735f,0.1008098882745061f,0f,0f,0f,1f],start_interpolation:0}
execute if entity @s[tag=aj.animal_wolf.bone.front_leg_right] run data modify entity @s {} merge value {transformation:[-1f,-8.194486552889033e-17f,9.100899318238096e-17f,-0.5625f,0f,0.7431448254773944f,0.6691306063588581f,-0.2498600419276466f,-1.2246467991473532e-16f,0.6691306063588581f,-0.7431448254773944f,0.47025702130900104f,0f,0f,0f,1f],start_interpolation:0}
execute if entity @s[tag=aj.animal_wolf.bone.front_body] run data modify entity @s {} merge value {transformation:[-1f,-3.78436673043415e-17f,1.1647083184890926e-16f,-4.305398903252414e-17f,0f,0.9510565162951536f,0.3090169943749474f,-0.23593750000000013f,-1.2246467991473532e-16f,0.3090169943749474f,-0.9510565162951536f,0.3515625f,0f,0f,0f,1f],start_interpolation:0}