execute if entity @s[tag=aj.animal_wolf.bone.rear_leg_right_under] run data modify entity @s {} merge value {transformation:[-1f,-1.2801044796052349e-17f,1.217938055844715e-16f,0.46875000000000017f,0f,0.9945218953682733f,0.10452846326765346f,-1.0205559069727443f,-1.2246467991473532e-16f,0.10452846326765346f,-0.9945218953682733f,-1.1925696594009487f,0f,0f,0f,1f],start_interpolation:0}
execute if entity @s[tag=aj.animal_wolf.bone.rear_leg_left] run data modify entity @s {} merge value {transformation:[-1f,-1.2801044796052349e-17f,1.217938055844715e-16f,0.4687500000000001f,0f,0.9945218953682733f,0.10452846326765346f,-0.38749999999999996f,-1.2246467991473532e-16f,0.10452846326765346f,-0.9945218953682733f,-0.9375f,0f,0f,0f,1f],start_interpolation:0}
execute if entity @s[tag=aj.animal_wolf.bone.right_leg_left_under] run data modify entity @s {} merge value {transformation:[-1f,-1.2801044796052349e-17f,1.217938055844715e-16f,-0.5624999999999999f,0f,0.9945218953682733f,0.10452846326765346f,-1.0205559069727443f,-1.2246467991473532e-16f,0.10452846326765346f,-0.9945218953682733f,-1.1925696594009487f,0f,0f,0f,1f],start_interpolation:0}
execute if entity @s[tag=aj.animal_wolf.bone.rear_leg_right] run data modify entity @s {} merge value {transformation:[-1f,-1.2801044796052349e-17f,1.217938055844715e-16f,-0.4687499999999999f,0f,0.9945218953682733f,0.10452846326765346f,-0.38749999999999996f,-1.2246467991473532e-16f,0.10452846326765346f,-0.9945218953682733f,-0.9375f,0f,0f,0f,1f],start_interpolation:0}
execute if entity @s[tag=aj.animal_wolf.bone.tale] run data modify entity @s {} merge value {transformation:[-1.3156695907476117f,-0.022823186677510366f,0.13638598563026996f,1.6934569019459494e-16f,-4.589789196855302e-18f,1.3047736603669624f,0.21834422858652142f,-0.08281249999999996f,-0.1382824461978334f,0.21714811605659085f,-1.2976259737347513f,-1.3828125f,0f,0f,0f,1f],start_interpolation:0}
execute if entity @s[tag=aj.animal_wolf.bone.rear_body] run data modify entity @s {} merge value {transformation:[-1.171875f,0f,1.4351329677508045e-16f,-4.305398903252414e-17f,0f,1.171875f,0f,-0.41093749999999996f,-1.4351329677508045e-16f,0f,-1.171875f,0.3515625f,0f,0f,0f,1f],start_interpolation:0}
execute if entity @s[tag=aj.animal_wolf.bone.head] run data modify entity @s {} merge value {transformation:[-1f,-1.9157696688784726e-17f,1.2095693648649962e-16f,-0.015625000000000153f,0f,0.9876883405951378f,0.15643446504023087f,0.12151271860565149f,-1.2246467991473532e-16f,0.15643446504023087f,-0.9876883405951378f,1.2347925931916293f,0f,0f,0f,1f],start_interpolation:0}
execute if entity @s[tag=aj.animal_wolf.bone.talon_left] run data modify entity @s {} merge value {transformation:[-1.0104166666666665f,5.755031151480961e-17f,1.0954285357522114e-16f,0.615234375f,0f,0.8944852805844846f,-0.46993395609965566f,-1.509278296272248f,-1.2374035366384712e-16f,-0.46993395609965566f,-0.8944852805844846f,0.746805586520914f,0f,0f,0f,1f],start_interpolation:0}
execute if entity @s[tag=aj.animal_wolf.bone.front_leg_left_under] run data modify entity @s {} merge value {transformation:[-1f,4.981087280387181e-17f,1.1187705205776151e-16f,0.600585625f,0f,0.9135454576426009f,-0.4067366430758001f,-1.0691377504121675f,-1.2246467991473532e-16f,-0.4067366430758001f,-0.9135454576426009f,0.5829118121585058f,0f,0f,0f,1f],start_interpolation:0}
execute if entity @s[tag=aj.animal_wolf.bone.front_leg_left] run data modify entity @s {} merge value {transformation:[-1f,-6.4093061293237094e-18f,1.2229684632711994e-16f,0.5625f,0f,0.9986295347545738f,0.052335956242943835f,-0.4061207183892035f,-1.2246467991473532e-16f,0.052335956242943835f,-0.9986295347545738f,0.4709736601878732f,0f,0f,0f,1f],start_interpolation:0}
execute if entity @s[tag=aj.animal_wolf.bone.talon_right] run data modify entity @s {} merge value {transformation:[-1.0104166666666665f,5.755031151480961e-17f,1.0954285357522114e-16f,-0.629883125f,0f,0.8944852805844846f,-0.46993395609965566f,-1.4826861671495266f,-1.2374035366384712e-16f,-0.46993395609965566f,-0.8944852805844846f,0.7476715363078368f,0f,0f,0f,1f],start_interpolation:0}
execute if entity @s[tag=aj.animal_wolf.bone.front_leg_right_under] run data modify entity @s {} merge value {transformation:[-1f,4.981087280387181e-17f,1.1187705205776151e-16f,-0.5625f,0f,0.9135454576426009f,-0.4067366430758001f,-1.0663778464696687f,-1.2246467991473532e-16f,-0.4067366430758001f,-0.9135454576426009f,0.5302497077866825f,0f,0f,0f,1f],start_interpolation:0}
execute if entity @s[tag=aj.animal_wolf.bone.front_leg_right] run data modify entity @s {} merge value {transformation:[-1f,-6.4093061293237094e-18f,1.2229684632711994e-16f,-0.5625f,0f,0.9986295347545738f,0.052335956242943835f,-0.4061207183892035f,-1.2246467991473532e-16f,0.052335956242943835f,-0.9986295347545738f,0.47097366018787307f,0f,0f,0f,1f],start_interpolation:0}
execute if entity @s[tag=aj.animal_wolf.bone.front_body] run data modify entity @s {} merge value {transformation:[-1f,-1.9157696688784726e-17f,1.2095693648649962e-16f,-4.305398903252414e-17f,0f,0.9876883405951378f,0.15643446504023087f,-0.41093749999999996f,-1.2246467991473532e-16f,0.15643446504023087f,-0.9876883405951378f,0.3515625f,0f,0f,0f,1f],start_interpolation:0}