execute if entity @s[tag=aj.animal_wolf.bone.rear_leg_right_under] run data modify entity @s {} merge value {transformation:[-1f,-2.5461838666528298e-17f,1.1978853283323184e-16f,0.46875000000000017f,0f,0.9781476007338057f,0.20791169081775923f,-1.03417592095323f,-1.2246467991473532e-16f,0.20791169081775923f,-0.9781476007338057f,-1.257344722236743f,0f,0f,0f,1f],start_interpolation:0}
execute if entity @s[tag=aj.animal_wolf.bone.rear_leg_left] run data modify entity @s {} merge value {transformation:[-1f,-2.5461838666528298e-17f,1.1978853283323184e-16f,0.4687500000000001f,0f,0.9781476007338057f,0.20791169081775923f,-0.4312499999999999f,-1.2246467991473532e-16f,0.20791169081775923f,-0.9781476007338057f,-0.9375f,0f,0f,0f,1f],start_interpolation:0}
execute if entity @s[tag=aj.animal_wolf.bone.right_leg_left_under] run data modify entity @s {} merge value {transformation:[-1f,-2.5461838666528298e-17f,1.1978853283323184e-16f,-0.5624999999999999f,0f,0.9781476007338057f,0.20791169081775923f,-1.03417592095323f,-1.2246467991473532e-16f,0.20791169081775923f,-0.9781476007338057f,-1.257344722236743f,0f,0f,0f,1f],start_interpolation:0}
execute if entity @s[tag=aj.animal_wolf.bone.rear_leg_right] run data modify entity @s {} merge value {transformation:[-1f,-2.5461838666528298e-17f,1.1978853283323184e-16f,-0.4687499999999999f,0f,0.9781476007338057f,0.20791169081775923f,-0.4312499999999999f,-1.2246467991473532e-16f,0.20791169081775923f,-0.9781476007338057f,-0.9375f,0f,0f,0f,1f],start_interpolation:0}
execute if entity @s[tag=aj.animal_wolf.bone.tale] run data modify entity @s {} merge value {transformation:[-1.2940077634707638f,-0.06654057891370285f,0.26687968521351674f,1.6934569019459494e-16f,4.589789196855302e-18f,1.2836203878859538f,0.32004250772039367f,-0.1265624999999999f,-0.27504984097766083f,0.31304881105953347f,-1.2555702026636426f,-1.3828125f,0f,0f,0f,1f],start_interpolation:0}
execute if entity @s[tag=aj.animal_wolf.bone.rear_body] run data modify entity @s {} merge value {transformation:[-1.171875f,0f,1.4351329677508045e-16f,-4.305398903252414e-17f,0f,1.171875f,0f,-0.4546874999999999f,-1.4351329677508045e-16f,0f,-1.171875f,0.3515625f,0f,0f,0f,1f],start_interpolation:0}
execute if entity @s[tag=aj.animal_wolf.bone.head] run data modify entity @s {} merge value {transformation:[-1f,-1.4394179757685112e-17f,1.2161581071440516e-16f,-0.01562500000000015f,0f,0.9930684569549263f,0.11753739745783766f,0.11202766951505583f,-1.2246467991473532e-16f,0.11753739745783766f,-0.9930684569549263f,1.2132077573153417f,0f,0f,0f,1f],start_interpolation:0}
execute if entity @s[tag=aj.animal_wolf.bone.talon_left] run data modify entity @s {} merge value {transformation:[-1.0104166666666665f,7.453260566640471e-17f,9.877533000415737e-17f,0.615234375f,0f,0.8065617782443769f,-0.6086049113776902f,-1.508577376854039f,-1.2374035366384712e-16f,-0.6086049113776902f,-0.8065617782443769f,0.8800900927323627f,0f,0f,0f,1f],start_interpolation:0}
execute if entity @s[tag=aj.animal_wolf.bone.front_leg_left_under] run data modify entity @s {} merge value {transformation:[-1f,5.983884393946517e-17f,1.0684994423305477e-16f,0.600585625f,0f,0.8724960070727972f,-0.48862124149695485f,-1.0852797981041842f,-1.2246467991473532e-16f,-0.48862124149695485f,-0.8724960070727972f,0.6766102922378759f,0f,0f,0f,1f],start_interpolation:0}
execute if entity @s[tag=aj.animal_wolf.bone.front_leg_left] run data modify entity @s {} merge value {transformation:[-1f,1.120571644129373e-17f,1.2195093171294716e-16f,0.5625f,0f,0.9958049275746618f,-0.09150161866340226f,-0.44518637180470916f,-1.2246467991473532e-16f,-0.09150161866340226f,-0.9958049275746618f,0.4706924925523236f,0f,0f,0f,1f],start_interpolation:0}
execute if entity @s[tag=aj.animal_wolf.bone.talon_right] run data modify entity @s {} merge value {transformation:[-1.0104166666666665f,7.453260566640471e-17f,9.877533000415737e-17f,-0.629883125f,0f,0.8065617782443769f,-0.6086049113776902f,-1.4847725066567796f,-1.2374035366384712e-16f,-0.6086049113776902f,-0.8065617782443769f,0.8786997551692142f,0f,0f,0f,1f],start_interpolation:0}
execute if entity @s[tag=aj.animal_wolf.bone.front_leg_right_under] run data modify entity @s {} merge value {transformation:[-1f,5.983884393946517e-17f,1.0684994423305477e-16f,-0.5625f,0f,0.8724960070727972f,-0.48862124149695485f,-1.090105078775887f,-1.2246467991473532e-16f,-0.48862124149695485f,-0.8724960070727972f,0.6240971417603057f,0f,0f,0f,1f],start_interpolation:0}
execute if entity @s[tag=aj.animal_wolf.bone.front_leg_right] run data modify entity @s {} merge value {transformation:[-1f,1.120571644129373e-17f,1.2195093171294716e-16f,-0.5625f,0f,0.9958049275746618f,-0.09150161866340226f,-0.44518637180470916f,-1.2246467991473532e-16f,-0.09150161866340226f,-0.9958049275746618f,0.4706924925523234f,0f,0f,0f,1f],start_interpolation:0}
execute if entity @s[tag=aj.animal_wolf.bone.front_body] run data modify entity @s {} merge value {transformation:[-1f,-1.4394179757685112e-17f,1.2161581071440516e-16f,-4.305398903252414e-17f,0f,0.9930684569549263f,0.11753739745783766f,-0.4546874999999999f,-1.2246467991473532e-16f,0.11753739745783766f,-0.9930684569549263f,0.3515625f,0f,0f,0f,1f],start_interpolation:0}