execute if entity @s[tag=aj.animal_wolf.bone.rear_leg_right_under] run data modify entity @s {} merge value {transformation:[-1f,-6.123233995736765e-17f,1.0605752387249069e-16f,0.46875000000000017f,0f,0.8660254037844387f,0.49999999999999994f,-1.0370791712335379f,-1.2246467991473532e-16f,0.49999999999999994f,-0.8660254037844387f,-1.4280047632095823f,0f,0f,0f,1f],start_interpolation:0}
execute if entity @s[tag=aj.animal_wolf.bone.rear_leg_left] run data modify entity @s {} merge value {transformation:[-1f,-6.123233995736765e-17f,1.0605752387249069e-16f,0.4687500000000001f,0f,0.8660254037844387f,0.49999999999999994f,-0.5625f,-1.2246467991473532e-16f,0.49999999999999994f,-0.8660254037844387f,-0.9375f,0f,0f,0f,1f],start_interpolation:0}
execute if entity @s[tag=aj.animal_wolf.bone.right_leg_left_under] run data modify entity @s {} merge value {transformation:[-1f,-6.123233995736765e-17f,1.0605752387249069e-16f,-0.5624999999999998f,0f,0.8660254037844387f,0.49999999999999994f,-1.0370791712335379f,-1.2246467991473532e-16f,0.49999999999999994f,-0.8660254037844387f,-1.4280047632095823f,0f,0f,0f,1f],start_interpolation:0}
execute if entity @s[tag=aj.animal_wolf.bone.rear_leg_right] run data modify entity @s {} merge value {transformation:[-1f,-6.123233995736765e-17f,1.0605752387249069e-16f,-0.4687499999999999f,0f,0.8660254037844387f,0.49999999999999994f,-0.5625f,-1.2246467991473532e-16f,0.49999999999999994f,-0.8660254037844387f,-0.9375f,0f,0f,0f,1f],start_interpolation:0}
execute if entity @s[tag=aj.animal_wolf.bone.tale] run data modify entity @s {} merge value {transformation:[-1.1456794404231634f,-0.30542746812942356f,0.5867207073626781f,1.6934569019459494e-16f,1.835915678742121e-17f,1.1734414147253558f,0.610854936258847f,-0.2578125f,-0.6614583333333335f,0.5290158928272853f,-1.0162300750049091f,-1.3828125f,0f,0f,0f,1f],start_interpolation:0}
execute if entity @s[tag=aj.animal_wolf.bone.talon_left] run data modify entity @s {} merge value {transformation:[-1.0104166666666665f,1.121468460962137e-16f,5.229493317259448e-17f,0.6152343749999999f,0f,0.4270205353004985f,-0.9157484931516148f,-1.4097593063948066f,-1.2374035366384712e-16f,-0.9157484931516148f,-0.4270205353004985f,1.2344744747086056f,0f,0f,0f,1f],start_interpolation:0}
execute if entity @s[tag=aj.animal_wolf.bone.front_leg_left_under] run data modify entity @s {} merge value {transformation:[-1f,8.659560562354932e-17f,8.659560562354933e-17f,0.6005856249999999f,0f,0.7071067811865476f,-0.7071067811865475f,-1.0575869837335379f,-1.2246467991473532e-16f,-0.7071067811865475f,-0.7071067811865476f,0.9237341900074861f,0f,0f,0f,1f],start_interpolation:0}
execute if entity @s[tag=aj.animal_wolf.bone.front_leg_left] run data modify entity @s {} merge value {transformation:[-1f,6.123233995736765e-17f,1.0605752387249069e-16f,0.5625f,0f,0.8660254037844387f,-0.49999999999999994f,-0.5625f,-1.2246467991473532e-16f,-0.49999999999999994f,-0.8660254037844387f,0.46875000000000006f,0f,0f,0f,1f],start_interpolation:0}
execute if entity @s[tag=aj.animal_wolf.bone.talon_right] run data modify entity @s {} merge value {transformation:[-1.0104166666666665f,1.121468460962137e-16f,5.229493317259448e-17f,-0.629883125f,0f,0.4270205353004985f,-0.9157484931516148f,-1.3946944559346575f,-1.2374035366384712e-16f,-0.9157484931516148f,-0.4270205353004985f,1.2302372042660599f,0f,0f,0f,1f],start_interpolation:0}
execute if entity @s[tag=aj.animal_wolf.bone.front_leg_right_under] run data modify entity @s {} merge value {transformation:[-1f,8.659560562354932e-17f,8.659560562354933e-17f,-0.5625f,0f,0.7071067811865476f,-0.7071067811865475f,-1.0839541712335379f,-1.2246467991473532e-16f,-0.7071067811865475f,-0.7071067811865476f,0.878064881604791f,0f,0f,0f,1f],start_interpolation:0}
execute if entity @s[tag=aj.animal_wolf.bone.front_leg_right] run data modify entity @s {} merge value {transformation:[-1f,6.123233995736765e-17f,1.0605752387249069e-16f,-0.5625f,0f,0.8660254037844387f,-0.49999999999999994f,-0.5625f,-1.2246467991473532e-16f,-0.49999999999999994f,-0.8660254037844387f,0.46874999999999994f,0f,0f,0f,1f],start_interpolation:0}