execute if entity @s[tag=aj.animal_wolf.bone.rear_leg_right_under] run data modify entity @s {} merge value {transformation:[-1f,2.5461838666528304e-17f,1.1978853283323184e-16f,0.4687500000000001f,0f,0.9781476007338057f,-0.2079116908177593f,-0.9371428050098899f,-1.2246467991473532e-16f,-0.2079116908177593f,-0.9781476007338057f,-0.984460628038434f,0f,0f,0f,1f],start_interpolation:0}
execute if entity @s[tag=aj.animal_wolf.bone.rear_leg_left] run data modify entity @s {} merge value {transformation:[-1f,2.5461838666528304e-17f,1.1978853283323184e-16f,0.4687500000000001f,0f,0.9781476007338057f,-0.2079116908177593f,-0.2562500000000001f,-1.2246467991473532e-16f,-0.2079116908177593f,-0.9781476007338057f,-0.9375f,0f,0f,0f,1f],start_interpolation:0}
execute if entity @s[tag=aj.animal_wolf.bone.right_leg_left_under] run data modify entity @s {} merge value {transformation:[-1f,2.5461838666528304e-17f,1.1978853283323184e-16f,-0.5624999999999999f,0f,0.9781476007338057f,-0.2079116908177593f,-0.9371428050098899f,-1.2246467991473532e-16f,-0.2079116908177593f,-0.9781476007338057f,-0.984460628038434f,0f,0f,0f,1f],start_interpolation:0}
execute if entity @s[tag=aj.animal_wolf.bone.rear_leg_right] run data modify entity @s {} merge value {transformation:[-1f,2.5461838666528304e-17f,1.1978853283323184e-16f,-0.4687499999999999f,0f,0.9781476007338057f,-0.2079116908177593f,-0.2562500000000001f,-1.2246467991473532e-16f,-0.2079116908177593f,-0.9781476007338057f,-0.9375f,0f,0f,0f,1f],start_interpolation:0}
execute if entity @s[tag=aj.animal_wolf.bone.tale] run data modify entity @s {} merge value {transformation:[-1.2940077634707638f,-0.019186507010484f,-0.2743798333889957f,1.6934569019459494e-16f,-1.1474472992138256e-18f,1.319694108156226f,-0.09228200172399899f,0.04843749999999991f,0.2750498409776606f,-0.09026541857724253f,-1.290855625595552f,-1.3828125f,0f,0f,0f,1f],start_interpolation:0}
execute if entity @s[tag=aj.animal_wolf.bone.rear_body] run data modify entity @s {} merge value {transformation:[-1.171875f,0f,1.4351329677508045e-16f,-4.305398903252414e-17f,0f,1.171875f,0f,-0.2796875000000001f,-1.4351329677508045e-16f,0f,-1.171875f,0.3515625f,0f,0f,0f,1f],start_interpolation:0}
execute if entity @s[tag=aj.animal_wolf.bone.head] run data modify entity @s {} merge value {transformation:[-1f,-3.3241867808638065e-17f,1.1786677246455682e-16f,-0.015625000000000156f,0f,0.9624552364536473f,0.27144044986507415f,0.14525945048584f,-1.2246467991473532e-16f,0.27144044986507415f,-0.9624552364536473f,1.291253258752732f,0f,0f,0f,1f],start_interpolation:0}
execute if entity @s[tag=aj.animal_wolf.bone.talon_left] run data modify entity @s {} merge value {transformation:[-1.0104166666666665f,-5.334384652107699e-19f,1.2373920384525593e-16f,0.615234375f,0f,1.0104072776853537f,0.004355855627779292f,-1.4060207451816693f,-1.2374035366384712e-16f,0.004355855627779292f,-1.0104072776853537f,0.3330579141439033f,0f,0f,0f,1f],start_interpolation:0}
execute if entity @s[tag=aj.animal_wolf.bone.front_leg_left_under] run data modify entity @s {} merge value {transformation:[-1f,1.75727780222759e-17f,1.2119734031404482e-16f,0.600585625f,0f,0.9896513868196701f,-0.1434926219911793f,-0.9379177722000511f,-1.2246467991473532e-16f,-0.1434926219911793f,-0.9896513868196701f,0.2947894405587705f,0f,0f,0f,1f],start_interpolation:0}
execute if entity @s[tag=aj.animal_wolf.bone.front_leg_left] run data modify entity @s {} merge value {transformation:[-1f,-5.702133319526778e-17f,1.0837972775040927e-16f,0.5625f,0f,0.8849876374630419f,0.4656145203251113f,-0.2889393831141811f,-1.2246467991473532e-16f,0.4656145203251113f,-0.8849876374630419f,0.4707121085656245f,0f,0f,0f,1f],start_interpolation:0}
execute if entity @s[tag=aj.animal_wolf.bone.talon_right] run data modify entity @s {} merge value {transformation:[-1.0104166666666665f,-5.334384652107699e-19f,1.2373920384525593e-16f,-0.629883125f,0f,1.0104072776853537f,0.004355855627779292f,-1.3730590836416041f,-1.2374035366384712e-16f,0.004355855627779292f,-1.0104072776853537f,0.3443760301460281f,0f,0f,0f,1f],start_interpolation:0}
execute if entity @s[tag=aj.animal_wolf.bone.front_leg_right_under] run data modify entity @s {} merge value {transformation:[-1f,1.75727780222759e-17f,1.2119734031404482e-16f,-0.5625f,0f,0.9896513868196701f,-0.1434926219911793f,-0.9133638814797815f,-1.2246467991473532e-16f,-0.1434926219911793f,-0.9896513868196701f,0.24812017061443026f,0f,0f,0f,1f],start_interpolation:0}
execute if entity @s[tag=aj.animal_wolf.bone.front_leg_right] run data modify entity @s {} merge value {transformation:[-1f,-5.702133319526778e-17f,1.0837972775040927e-16f,-0.5625f,0f,0.8849876374630419f,0.4656145203251113f,-0.2889393831141811f,-1.2246467991473532e-16f,0.4656145203251113f,-0.8849876374630419f,0.4707121085656244f,0f,0f,0f,1f],start_interpolation:0}
execute if entity @s[tag=aj.animal_wolf.bone.front_body] run data modify entity @s {} merge value {transformation:[-1f,-3.3241867808638065e-17f,1.1786677246455682e-16f,-4.305398903252414e-17f,0f,0.9624552364536473f,0.27144044986507415f,-0.2796875000000001f,-1.2246467991473532e-16f,0.27144044986507415f,-0.9624552364536473f,0.3515625f,0f,0f,0f,1f],start_interpolation:0}