execute if entity @s[tag=aj.animal_wolf.bone.rear_leg_right_under] run data modify entity @s {} merge value {transformation:[-1f,1.2801044796052365e-17f,1.217938055844715e-16f,0.4687500000000001f,0f,0.9945218953682733f,-0.10452846326765358f,-1.1472540806981142f,-1.2246467991473532e-16f,-0.10452846326765358f,-0.9945218953682733f,-1.0553760513621535f,0f,0f,0f,1f],start_interpolation:0}
execute if entity @s[tag=aj.animal_wolf.bone.rear_leg_left] run data modify entity @s {} merge value {transformation:[-1f,1.2801044796052365e-17f,1.217938055844715e-16f,0.4687500000000001f,0f,0.9945218953682733f,-0.10452846326765358f,-0.47499999999999987f,-1.2246467991473532e-16f,-0.10452846326765358f,-0.9945218953682733f,-0.9375f,0f,0f,0f,1f],start_interpolation:0}
execute if entity @s[tag=aj.animal_wolf.bone.right_leg_left_under] run data modify entity @s {} merge value {transformation:[-1f,1.2801044796052365e-17f,1.217938055844715e-16f,-0.5624999999999999f,0f,0.9945218953682733f,-0.10452846326765358f,-1.1472540806981142f,-1.2246467991473532e-16f,-0.10452846326765358f,-0.9945218953682733f,-1.0553760513621535f,0f,0f,0f,1f],start_interpolation:0}
execute if entity @s[tag=aj.animal_wolf.bone.rear_leg_right] run data modify entity @s {} merge value {transformation:[-1f,1.2801044796052365e-17f,1.217938055844715e-16f,-0.4687499999999999f,0f,0.9945218953682733f,-0.10452846326765358f,-0.47499999999999987f,-1.2246467991473532e-16f,-0.10452846326765358f,-0.9945218953682733f,-0.9375f,0f,0f,0f,1f],start_interpolation:0}
execute if entity @s[tag=aj.animal_wolf.bone.tale] run data modify entity @s {} merge value {transformation:[-1.3156695907476117f,-0.00844194138368515f,-0.1380245215609569f,1.6934569019459494e-16f,0f,1.3204491604122615f,-0.08076213042632115f,-0.17031249999999987f,0.13828244619783323f,-0.08031970702556461f,-1.3132156017506476f,-1.3828125f,0f,0f,0f,1f],start_interpolation:0}
execute if entity @s[tag=aj.animal_wolf.bone.rear_body] run data modify entity @s {} merge value {transformation:[-1.171875f,0f,1.4351329677508045e-16f,-4.305398903252414e-17f,0f,1.171875f,0f,-0.49843749999999987f,-1.4351329677508045e-16f,0f,-1.171875f,0.3515625f,0f,0f,0f,1f],start_interpolation:0}
execute if entity @s[tag=aj.animal_wolf.bone.head] run data modify entity @s {} merge value {transformation:[-1f,-9.608468044710115e-18f,1.220871621770789e-16f,-0.015625000000000146f,0f,0.996917333733128f,0.078459095727845f,0.10166878670940271f,-1.2246467991473532e-16f,0.078459095727845f,-0.996917333733128f,1.1902943269055684f,0f,0f,0f,1f],start_interpolation:0}
execute if entity @s[tag=aj.animal_wolf.bone.talon_left] run data modify entity @s {} merge value {transformation:[-1.0104166666666665f,-1.2165212786743126e-17f,1.2314090596835491e-16f,0.615234375f,0f,1.0055218047692642f,0.09933650090142741f,-1.6240448337144309f,-1.2374035366384712e-16f,0.09933650090142741f,-1.0055218047692642f,0.4531097718869803f,0f,0f,0f,1f],start_interpolation:0}
execute if entity @s[tag=aj.animal_wolf.bone.front_leg_left_under] run data modify entity @s {} merge value {transformation:[-1f,-3.205751595668265e-18f,1.2242271432755217e-16f,0.600585625f,0f,0.9996573249755573f,0.026176948307873205f,-1.1562223654145956f,-1.2246467991473532e-16f,0.026176948307873205f,-0.9996573249755573f,0.49466705209893913f,0f,0f,0f,1f],start_interpolation:0}
execute if entity @s[tag=aj.animal_wolf.bone.front_leg_left] run data modify entity @s {} merge value {transformation:[-1f,-2.231741529848945e-17f,1.2041399752941237e-16f,0.5625f,0f,0.9832549075639545f,0.1822355254921476f,-0.4842666752712365f,-1.2246467991473532e-16f,0.1822355254921476f,-0.9832549075639545f,0.4702276351029724f,0f,0f,0f,1f],start_interpolation:0}
execute if entity @s[tag=aj.animal_wolf.bone.talon_right] run data modify entity @s {} merge value {transformation:[-1.0104166666666665f,-1.2165212786743126e-17f,1.2314090596835491e-16f,-0.629883125f,0f,1.0055218047692642f,0.09933650090142741f,-1.6159685627397202f,-1.2374035366384712e-16f,0.09933650090142741f,-1.0055218047692642f,0.4598321102561988f,0f,0f,0f,1f],start_interpolation:0}
execute if entity @s[tag=aj.animal_wolf.bone.front_leg_right_under] run data modify entity @s {} merge value {transformation:[-1f,-3.205751595668265e-18f,1.2242271432755217e-16f,-0.5625f,0f,0.9996573249755573f,0.026176948307873205f,-1.1466122888749706f,-1.2246467991473532e-16f,0.026176948307873205f,-0.9996573249755573f,0.4428157190828711f,0f,0f,0f,1f],start_interpolation:0}
execute if entity @s[tag=aj.animal_wolf.bone.front_leg_right] run data modify entity @s {} merge value {transformation:[-1f,-2.231741529848945e-17f,1.2041399752941237e-16f,-0.5625f,0f,0.9832549075639545f,0.1822355254921476f,-0.4842666752712365f,-1.2246467991473532e-16f,0.1822355254921476f,-0.9832549075639545f,0.4702276351029722f,0f,0f,0f,1f],start_interpolation:0}
execute if entity @s[tag=aj.animal_wolf.bone.front_body] run data modify entity @s {} merge value {transformation:[-1f,-9.608468044710115e-18f,1.220871621770789e-16f,-4.305398903252414e-17f,0f,0.996917333733128f,0.078459095727845f,-0.49843749999999987f,-1.2246467991473532e-16f,0.078459095727845f,-0.996917333733128f,0.3515625f,0f,0f,0f,1f],start_interpolation:0}