execute if entity @s[tag=aj.animal_wolf.bone.rear_leg_right_under] run data modify entity @s {} merge value {transformation:[-1f,-3.784366730434151e-17f,1.1647083184890923e-16f,0.46875000000000017f,0f,0.9510565162951535f,0.3090169943749475f,-1.041190152373392f,-1.2246467991473532e-16f,0.3090169943749475f,-0.9510565162951535f,-1.3186154993639005f,0f,0f,0f,1f],start_interpolation:0}
execute if entity @s[tag=aj.animal_wolf.bone.rear_leg_left] run data modify entity @s {} merge value {transformation:[-1f,-3.784366730434151e-17f,1.1647083184890923e-16f,0.4687500000000001f,0f,0.9510565162951535f,0.3090169943749475f,-0.4750000000000001f,-1.2246467991473532e-16f,0.3090169943749475f,-0.9510565162951535f,-0.9375f,0f,0f,0f,1f],start_interpolation:0}
execute if entity @s[tag=aj.animal_wolf.bone.right_leg_left_under] run data modify entity @s {} merge value {transformation:[-1f,-3.784366730434151e-17f,1.1647083184890923e-16f,-0.5624999999999998f,0f,0.9510565162951535f,0.3090169943749475f,-1.041190152373392f,-1.2246467991473532e-16f,0.3090169943749475f,-0.9510565162951535f,-1.3186154993639005f,0f,0f,0f,1f],start_interpolation:0}
execute if entity @s[tag=aj.animal_wolf.bone.rear_leg_right] run data modify entity @s {} merge value {transformation:[-1f,-3.784366730434151e-17f,1.1647083184890923e-16f,-0.4687499999999999f,0f,0.9510565162951535f,0.3090169943749475f,-0.4750000000000001f,-1.2246467991473532e-16f,0.3090169943749475f,-0.9510565162951535f,-0.9375f,0f,0f,0f,1f],start_interpolation:0}
execute if entity @s[tag=aj.animal_wolf.bone.tale] run data modify entity @s {} merge value {transformation:[-1.258168516348797f,-0.1297153277643915f,0.3876782495267026f,1.6934569019459494e-16f,0f,1.2545531688665346f,0.4197676183692366f,-0.1703125000000001f,-0.4088037321418577f,0.39922272877975956f,-1.1931509662892519f,-1.3828125f,0f,0f,0f,1f],start_interpolation:0}
execute if entity @s[tag=aj.animal_wolf.bone.rear_body] run data modify entity @s {} merge value {transformation:[-1.171875f,0f,1.4351329677508045e-16f,-4.305398903252414e-17f,0f,1.171875f,0f,-0.4984375000000001f,-1.4351329677508045e-16f,0f,-1.171875f,0.3515625f,0f,0f,0f,1f],start_interpolation:0}
execute if entity @s[tag=aj.animal_wolf.bone.head] run data modify entity @s {} merge value {transformation:[-1f,-9.608468044710107e-18f,1.220871621770789e-16f,-0.015625000000000146f,0f,0.996917333733128f,0.07845909572784493f,0.10166878670940249f,-1.2246467991473532e-16f,0.07845909572784493f,-0.996917333733128f,1.1902943269055684f,0f,0f,0f,1f],start_interpolation:0}
execute if entity @s[tag=aj.animal_wolf.bone.talon_left] run data modify entity @s {} merge value {transformation:[-1.0104166666666665f,8.954670526000103e-17f,8.53994303372831e-17f,0.615234375f,0f,0.6973392687323521f,-0.7312043384455578f,-1.4910914209501092f,-1.2374035366384712e-16f,-0.7312043384455578f,-0.6973392687323521f,1.0072217568178936f,0f,0f,0f,1f],start_interpolation:0}
execute if entity @s[tag=aj.animal_wolf.bone.front_leg_left_under] run data modify entity @s {} merge value {transformation:[-1f,6.936475850670939e-17f,1.0092634989894593e-16f,0.600585625f,0f,0.8241261886220156f,-0.5664062369248328f,-1.088188337311132f,-1.2246467991473532e-16f,-0.5664062369248328f,-0.8241261886220156f,0.7658631551916638f,0f,0f,0f,1f],start_interpolation:0}
execute if entity @s[tag=aj.animal_wolf.bone.front_leg_left] run data modify entity @s {} merge value {transformation:[-1f,2.858881176219239e-17f,1.1908097106021814e-16f,0.5625f,0f,0.9723699203976766f,-0.23344536385590553f,-0.48426667527123674f,-1.2246467991473532e-16f,-0.23344536385590553f,-0.9723699203976766f,0.4702276351029724f,0f,0f,0f,1f],start_interpolation:0}
execute if entity @s[tag=aj.animal_wolf.bone.talon_right] run data modify entity @s {} merge value {transformation:[-1.0104166666666665f,8.954670526000103e-17f,8.53994303372831e-17f,-0.629883125f,0f,0.6973392687323521f,-0.7312043384455578f,-1.4702141508648834f,-1.2374035366384712e-16f,-0.7312043384455578f,-0.6973392687323521f,1.0042330806614934f,0f,0f,0f,1f],start_interpolation:0}
execute if entity @s[tag=aj.animal_wolf.bone.front_leg_right_under] run data modify entity @s {} merge value {transformation:[-1f,6.936475850670939e-17f,1.0092634989894593e-16f,-0.5625f,0f,0.8241261886220156f,-0.5664062369248328f,-1.1004989326707209f,-1.2246467991473532e-16f,-0.5664062369248328f,-0.8241261886220156f,0.7145858351706924f,0f,0f,0f,1f],start_interpolation:0}
execute if entity @s[tag=aj.animal_wolf.bone.front_leg_right] run data modify entity @s {} merge value {transformation:[-1f,2.858881176219239e-17f,1.1908097106021814e-16f,-0.5625f,0f,0.9723699203976766f,-0.23344536385590553f,-0.48426667527123674f,-1.2246467991473532e-16f,-0.23344536385590553f,-0.9723699203976766f,0.4702276351029722f,0f,0f,0f,1f],start_interpolation:0}
execute if entity @s[tag=aj.animal_wolf.bone.front_body] run data modify entity @s {} merge value {transformation:[-1f,-9.608468044710107e-18f,1.220871621770789e-16f,-4.305398903252414e-17f,0f,0.996917333733128f,0.07845909572784493f,-0.4984375000000001f,-1.2246467991473532e-16f,0.07845909572784493f,-0.996917333733128f,0.3515625f,0f,0f,0f,1f],start_interpolation:0}