execute if entity @s[tag=aj.animal_wolf.bone.rear_leg_right_under] run data modify entity @s {} merge value {transformation:[-1f,-1.2801044796052349e-17f,1.217938055844715e-16f,0.46875000000000017f,0f,0.9945218953682733f,0.10452846326765346f,-1.1955559069727444f,-1.2246467991473532e-16f,0.10452846326765346f,-0.9945218953682733f,-1.1925696594009487f,0f,0f,0f,1f],start_interpolation:0}
execute if entity @s[tag=aj.animal_wolf.bone.rear_leg_left] run data modify entity @s {} merge value {transformation:[-1f,-1.2801044796052349e-17f,1.217938055844715e-16f,0.4687500000000001f,0f,0.9945218953682733f,0.10452846326765346f,-0.5625f,-1.2246467991473532e-16f,0.10452846326765346f,-0.9945218953682733f,-0.9375f,0f,0f,0f,1f],start_interpolation:0}
execute if entity @s[tag=aj.animal_wolf.bone.right_leg_left_under] run data modify entity @s {} merge value {transformation:[-1f,-1.2801044796052349e-17f,1.217938055844715e-16f,-0.5624999999999999f,0f,0.9945218953682733f,0.10452846326765346f,-1.1955559069727444f,-1.2246467991473532e-16f,0.10452846326765346f,-0.9945218953682733f,-1.1925696594009487f,0f,0f,0f,1f],start_interpolation:0}
execute if entity @s[tag=aj.animal_wolf.bone.rear_leg_right] run data modify entity @s {} merge value {transformation:[-1f,-1.2801044796052349e-17f,1.217938055844715e-16f,-0.4687499999999999f,0f,0.9945218953682733f,0.10452846326765346f,-0.5625f,-1.2246467991473532e-16f,0.10452846326765346f,-0.9945218953682733f,-0.9375f,0f,0f,0f,1f],start_interpolation:0}
execute if entity @s[tag=aj.animal_wolf.bone.tale] run data modify entity @s {} merge value {transformation:[-1.3156695907476117f,-0.013253785116168726f,0.13764582124623728f,1.6934569019459494e-16f,0f,1.3168262207565804f,0.12679594343821296f,-0.2578125f,-0.13828244619783336f,0.12610134199317996f,-1.3096125089374746f,-1.3828125f,0f,0f,0f,1f],start_interpolation:0}
execute if entity @s[tag=aj.animal_wolf.bone.talon_left] run data modify entity @s {} merge value {transformation:[-1.0104166666666665f,2.783552302156515e-17f,1.2056889641599064e-16f,0.615234375f,0f,0.9845197529600812f,-0.2272942944932802f,-1.667405157845903f,-1.2374035366384712e-16f,-0.2272942944932802f,-0.9845197529600812f,0.7274211959204696f,0f,0f,0f,1f],start_interpolation:0}
execute if entity @s[tag=aj.animal_wolf.bone.front_leg_left_under] run data modify entity @s {} merge value {transformation:[-1f,1.9157696688784726e-17f,1.2095693648649962e-16f,0.600585625f,0f,0.9876883405951377f,-0.15643446504023084f,-1.1998432072239567f,-1.2246467991473532e-16f,-0.15643446504023084f,-0.9876883405951377f,0.6830287222862346f,0f,0f,0f,1f],start_interpolation:0}
execute if entity @s[tag=aj.animal_wolf.bone.front_leg_left] run data modify entity @s {} merge value {transformation:[-1f,1.2801044796052349e-17f,1.217938055844715e-16f,0.5625f,0f,0.9945218953682733f,-0.10452846326765346f,-0.5625f,-1.2246467991473532e-16f,-0.10452846326765346f,-0.9945218953682733f,0.46875000000000006f,0f,0f,0f,1f],start_interpolation:0}
execute if entity @s[tag=aj.animal_wolf.bone.talon_right] run data modify entity @s {} merge value {transformation:[-1.0104166666666665f,2.783552302156515e-17f,1.2056889641599064e-16f,-0.629883125f,0f,0.9845197529600812f,-0.2272942944932802f,-1.6637513190900821f,-1.2374035366384712e-16f,-0.2272942944932802f,-0.9845197529600812f,0.7328480690511545f,0f,0f,0f,1f],start_interpolation:0}
execute if entity @s[tag=aj.animal_wolf.bone.front_leg_right_under] run data modify entity @s {} merge value {transformation:[-1f,1.9157696688784726e-17f,1.2095693648649962e-16f,-0.5625f,0f,0.9876883405951377f,-0.15643446504023084f,-1.2053554504040869f,-1.2246467991473532e-16f,-0.15643446504023084f,-0.9876883405951377f,0.6305832317101732f,0f,0f,0f,1f],start_interpolation:0}
execute if entity @s[tag=aj.animal_wolf.bone.front_leg_right] run data modify entity @s {} merge value {transformation:[-1f,1.2801044796052349e-17f,1.217938055844715e-16f,-0.5625f,0f,0.9945218953682733f,-0.10452846326765346f,-0.5625f,-1.2246467991473532e-16f,-0.10452846326765346f,-0.9945218953682733f,0.46874999999999994f,0f,0f,0f,1f],start_interpolation:0}