execute if entity @s[tag=aj.animal_bear.bone.front_leg_right_under2] run data modify entity @s {} merge value {transformation:[-0.9940563382223196f,0.058494129219903185f,-0.0918173909825288f,-0.9456672521380691f,0f,0.8433914458128857f,0.5372996083468239f,-1.132432382801213f,0.10886687485196445f,0.5341060812015301f,-0.8383786123127852f,-1.7240581862063649f,0f,0f,0f,1f],start_interpolation:0}
execute if entity @s[tag=aj.animal_bear.bone.rear_leg_right] run data modify entity @s {} merge value {transformation:[-0.9940563382223196f,0.039457496555423244f,-0.10146478406625647f,-0.8811326022997235f,0f,0.9320078692827986f,0.36243803828370164f,-0.25500000000000006f,0.10886687485196445f,0.3602838291687773f,-0.9264683297336451f,-1.5965760873067925f,0f,0f,0f,1f],start_interpolation:0}
execute if entity @s[tag=aj.animal_bear.bone.front_leg_left_under2] run data modify entity @s {} merge value {transformation:[-0.9940563382223196f,0f,-0.10886687485196445f,0.9325729021158883f,0f,1f,0f,-1.0668828283471623f,0.10886687485196445f,2.7755575615628914e-17f,-0.9940563382223196f,-1.4344243551380105f,0f,0f,0f,1f],start_interpolation:0}
execute if entity @s[tag=aj.animal_bear.bone.rear_leg_left] run data modify entity @s {} merge value {transformation:[-0.9940563382223196f,-0.021238873671759282f,-0.10677502837830734f,0.8435551445160012f,0f,0.9807852804032304f,-0.19509032201612828f,-0.25500000000000006f,0.10886687485196445f,-0.19393077112596566f,-0.9749558244199863f,-1.785460115174951f,0f,0f,0f,1f],start_interpolation:0}
execute if entity @s[tag=aj.animal_bear.bone.head] run data modify entity @s {} merge value {transformation:[-1f,0f,1.249000902703301e-16f,0.09402181915228822f,0f,1f,0f,-0.307745f,-1.249000902703301e-16f,0f,-1f,0.9858423902576157f,0f,0f,0f,1f],start_interpolation:0}
execute if entity @s[tag=aj.animal_bear.bone.front_leg_left_under] run data modify entity @s {} merge value {transformation:[-1f,-3.495066911272837e-17f,1.199103134768198e-16f,1.2617943191522885f,0f,0.9600498543859287f,0.27982901403099203f,-1.1094257934223075f,-1.249000902703301e-16f,0.27982901403099203f,-0.9600498543859287f,0.5264748745153953f,0f,0f,0f,1f],start_interpolation:0}
execute if entity @s[tag=aj.animal_bear.bone.front_leg_left] run data modify entity @s {} merge value {transformation:[-1f,-3.232652209698548e-17f,1.2064422289794784e-16f,1.0865218191522883f,0f,0.9659258262890683f,0.25881904510252074f,-0.25500000000000006f,-1.249000902703301e-16f,0.25881904510252074f,-0.9659258262890683f,0.684647390257616f,0f,0f,0f,1f],start_interpolation:0}
execute if entity @s[tag=aj.animal_bear.bone.front_leg_right_under] run data modify entity @s {} merge value {transformation:[-1f,3.7558181502895495e-17f,1.1911933324079753e-16f,-1.176681305847712f,0f,0.9537169507482269f,-0.30070579950427306f,-1.054744420614954f,-1.249000902703301e-16f,-0.30070579950427306f,-0.9537169507482269f,0.9305258033613446f,0f,0f,0f,1f],start_interpolation:0}
execute if entity @s[tag=aj.animal_bear.bone.front_leg_right] run data modify entity @s {} merge value {transformation:[-1f,3.7558181502895495e-17f,1.1911933324079753e-16f,-1.0234781808477118f,0f,0.9537169507482269f,-0.30070579950427306f,-0.25500000000000006f,-1.249000902703301e-16f,-0.30070579950427306f,-0.9537169507482269f,0.6846473902576156f,0f,0f,0f,1f],start_interpolation:0}
execute if entity @s[tag=aj.animal_bear.bone.front_body] run data modify entity @s {} merge value {transformation:[-2.28125f,0f,2.8492833092919057e-16f,0.03152181915228842f,0f,2.28125f,0f,0.11293749999999997f,-2.8492833092919057e-16f,0f,-2.28125f,-0.6575401097423843f,0f,0f,0f,1f],start_interpolation:0}
execute if entity @s[tag=aj.animal_bear.bone.rear_body] run data modify entity @s {} merge value {transformation:[-0.9940563382223196f,0f,-0.10886687485196445f,0.015625000000000187f,0f,1f,0f,-0.36328125000000006f,0.10886687485196445f,0f,-0.9940563382223196f,-1.5203125f,0f,0f,0f,1f],start_interpolation:0}